time	sensor_1	sensor_2	sensor_3	sensor_4	sensor_5	sensor_6	sensor_7	sensor_8	sensor_9	sensor_10	sensor_11	sensor_12	sensor_13	sensor_14	sensor_15	sensor_16	sensor_17
0	0.312334358411	0.110072451036	0.0	0.202261630657	0.202261630657	0.118675601094	0.0835859848567	0.110072451036	0.0	0.0844624554215	0.0266003043001	0.158193941102	0.0629412040185	0.158193941102	0.00360458485087	0.0788372990716	0.0757520430052
900	0.448481841344	0.154040298169	0.0	0.294440975788	0.294440975788	0.181157914869	0.113282966049	0.154040298169	0.0	0.104239634673	0.0424654088388	0.215808956187	0.0849362599875	0.215808956187	0.00909522656999	0.106464927371	0.100248776133
1800	0.14853763654	0.0467491057172	0.0	0.101788469569	0.101788469569	0.076653777796	0.0251346801159	0.0467491057172	0.0	0.000279131027068	0.0251346756999	0.0462248503261	0.0259380517789	0.0462248503261	0.019190102961	0.00823501490303	0.0187997313285
2700	0.524190032757	0.180379714943	0.0	0.343809542401	0.343809542401	0.207221509191	0.136587903952	0.180379714943	0.0	0.124627823589	0.0390823840566	0.245239394333	0.0988503579792	0.245239394333	0.0105445999365	0.122205025932	0.112489734746
3600	0.520820248126	0.175020054999	0.0	0.345799431306	0.345799431306	0.201849317571	0.143949983031	0.175020054999	0.0	0.121195456011	0.0400562726071	0.23786893159	0.0984026913529	0.23786893159	0.0127404518712	0.112802940473	0.112325507624
4500	0.460360760074	0.157885454858	0.0	0.302474707569	0.302474707569	0.164531387314	0.137943220084	0.157885454858	0.0	0.121520533688	0.0318633394114	0.21784735568	0.0934218388818	0.21784735568	0.0142675471963	0.0974516373823	0.106128144584
5400	0.388709426902	0.135654039684	0.0	0.253054959542	0.253054959542	0.142690938309	0.110363951253	0.135654039684	0.0	0.104119048647	0.0416447505884	0.201418616512	0.0799991211051	0.201418616512	0.00987821525472	0.0948800219333	0.096660356542
6300	0.352051027628	0.124552211349	0.0	0.227498464418	0.227498464418	0.13409349227	0.0934049155769	0.124552211349	0.0	0.0955936895638	0.04911790266	0.192226407722	0.0770373084477	0.192226407722	0.0151357301772	0.0870461786807	0.0900444784493
7200	0.402078499976	0.141270532351	0.0	0.260807509359	0.260807509359	0.155003267058	0.105804167958	0.141270532351	0.0	0.09775286665	0.0426984576717	0.202513647364	0.0792081025126	0.202513647364	0.00451533926259	0.0957410615748	0.102257223136
8100	0.322482639309	0.111395596046	0.0	0.211086749563	0.211086749563	0.128747928044	0.0823387727693	0.111395596046	0.0	0.0789403136204	0.0305480196496	0.159750489293	0.0611333736037	0.159750489293	0.0005921758323	0.0805996947486	0.0785586040129
9000	0.305501091051	0.104883978056	0.0	0.200616849732	0.200616849732	0.121721568098	0.0788952376448	0.104883978056	0.0	0.0736049318094	0.0227691935828	0.141563824704	0.0596942210703	0.141563824704	0.00594286684676	0.0665543468166	0.069066599741
9900	0.310771528995	0.109487079037	0.0	0.201284176024	0.201284176024	0.11454208425	0.0867420474724	0.109487079037	0.0	0.0847138252479	0.0225119131731	0.153166693758	0.0635460592707	0.153166693758	0.0104191158162	0.067816835947	0.0749307289533
10800	0.28051193063	0.0975621006588	0.0	0.182949607414	0.182949607414	0.103874448083	0.0790751227249	0.0975621006588	0.0	0.0754155916714	0.0250170232607	0.141579926744	0.0564147369598	0.141579926744	0.00909601774907	0.0628171117485	0.0696667861325
11700	0.295859685466	0.102220361636	0.0	0.193639076594	0.193639076594	0.114418547026	0.0792204886234	0.102220361636	0.0	0.0698438617133	0.0336920518862	0.148801176499	0.0569550424679	0.148801176499	0.000208939086303	0.0775428112452	0.0714672916192
12600	0.318107067878	0.110330185141	0.0	0.207776596698	0.207776596698	0.125767165666	0.0820093838132	0.110330185141	0.0	0.0768613416492	0.0325348988948	0.159236471378	0.060489889067	0.159236471378	0.000921258936789	0.0826775159722	0.0774801996767
13500	0.340543754811	0.11785805669	0.0	0.222685370463	0.222685370463	0.136546696005	0.0861386202124	0.11785805669	0.0	0.0780738703689	0.0336008478106	0.164028173578	0.0655045280556	0.164028173578	0.0059843061758	0.0772180614171	0.080825790762
14400	0.299723176982	0.103642781954	0.0	0.196080141251	0.196080141251	0.117494564353	0.0785855348535	0.103642781954	0.0	0.0723812308431	0.0279361103395	0.14287319475	0.0610868714369	0.14287319475	0.012724784918	0.0608134160069	0.0693349825428
15300	0.266080373845	0.0927082719099	0.0	0.1733719016	0.1733719016	0.0994511969043	0.0739206718697	0.0927082719099	0.0	0.0711320341752	0.0259153631611	0.134182018229	0.0555736041124	0.134182018229	0.0128966577097	0.0564573044279	0.064828046128
16200	0.313693390479	0.110849000139	0.0	0.202844111041	0.202844111041	0.118584139395	0.0842599267182	0.110849000139	0.0	0.0840269022728	0.0392713482729	0.162250740788	0.0718964420638	0.162250740788	0.00173328585021	0.0898653607312	0.0706520792196
17100	0.296623493034	0.10320691984	0.0	0.193416324317	0.193416324317	0.115215588125	0.0782006952984	0.10320691984	0.0	0.0732926237114	0.0357714182325	0.153322975759	0.0589479279242	0.153322975759	0.000569112148462	0.0804487018304	0.0734433725279
18000	0.297118264792	0.102639613473	0.0	0.194478401991	0.194478401991	0.116024980137	0.0784533804954	0.102639613473	0.0	0.0697506107173	0.0172455669403	0.135262733263	0.0543730035807	0.135262733263	0.00227783410538	0.0687648253873	0.0642200633671
18900	0.305894829656	0.105621594208	0.0	0.200272971195	0.200272971195	0.118405086629	0.0818678407298	0.105621594208	0.0	0.0753009092975	0.0216825264132	0.143808254217	0.0587967170504	0.143808254217	0.00665562037604	0.0667241557786	0.070428466425
19800	0.28386564607	0.0973867590274	0.0	0.186478659787	0.186478659787	0.108545401139	0.0779332206374	0.0973867590274	0.0	0.0698006635935	0.0231090032469	0.134955011335	0.0553413642699	0.134955011335	0.0120555458179	0.058964994355	0.0639344610803
20700	0.30969596503	0.107237112793	0.0	0.202458581215	0.202458581215	0.118449565163	0.0840089712769	0.107237112793	0.0	0.0791668032828	0.026269854797	0.152780005145	0.0598937040033	0.152780005145	0.00370766935622	0.0768600967864	0.0722122257573
21600	0.336221306859	0.117955900719	0.0	0.218265085801	0.218265085801	0.13145784384	0.0868071898548	0.117955900719	0.0	0.089849043165	0.0344720481957	0.176391125275	0.0658857903832	0.176391125275	0.00324348344438	0.102110195779	0.0775243948928
22500	0.357232528297	0.124250054649	0.0	0.232982112689	0.232982112689	0.13748786863	0.09549418474	0.124250054649	0.0	0.0902858759077	0.0324801030276	0.175368569677	0.0716473812756	0.175368569677	0.0086417240276	0.0852944701623	0.0814323583195
23400	0.371931807719	0.128935904232	0.0	0.2429955125	0.2429955125	0.140776163291	0.102219284666	0.128935904232	0.0	0.090153491463	0.0289090372918	0.176073505991	0.0719248396321	0.176073505991	0.0114379293845	0.0779137635251	0.0867217957958
24300	0.359321292792	0.123326291002	0.0	0.235994637618	0.235994637618	0.135635138492	0.100359438244	0.123326291002	0.0	0.089281261935	0.0286229557913	0.16893121321	0.0722992148741	0.16893121321	0.0151055580395	0.0725919784106	0.0812336610639
25200	0.40467183328	0.139465037506	0.0	0.265206333485	0.265206333485	0.157826090649	0.107380165973	0.139465037506	0.0	0.0987426609265	0.0429541004158	0.201347141194	0.0798145528753	0.201347141194	0.00373394427664	0.0954157247134	0.102197448982
26100	0.414883508406	0.145301907142	0.0	0.269581113704	0.269581113704	0.159706251582	0.109874782647	0.145301907142	0.0	0.110023022957	0.0408219926705	0.212510986701	0.0836358209386	0.212510986701	0.00264803270217	0.102426424777	0.107436503329
27000	0.410936935293	0.143607983606	0.0	0.267328473569	0.267328473569	0.156125725342	0.111202670121	0.143607983606	0.0	0.10835750774	0.0356421417841	0.203515527229	0.0840919947043	0.203515527229	0.00464670929894	0.0986949995997	0.100173794805
27900	0.463341456202	0.163240547555	0.0	0.30010029973	0.30010029973	0.173648943371	0.126451257905	0.163240547555	0.0	0.126865792163	0.0450229493236	0.239933007407	0.0951961354977	0.239933007407	0.00133568874834	0.114624487639	0.123972797839
28800	0.567043391923	0.200449262417	0.0	0.366593216852	0.366593216852	0.212549321747	0.03667086479256887	0.200449262417	0.0	0.159769704123	0.0589199536022	0.296819432079	0.122319265502	0.296819432079	0.0312809042702	0.121954129737	0.143584349661
29700	0.657019784768	0.221959652758	0.0	0.435058918436	0.435058918436	0.246158090883	0.03667086479256887	0.221959652758	0.0	0.154285678869	0.0481755027216	0.302546027933	0.121874548148	0.302546027933	0.0205367501781	0.141601711068	0.140407516
30600	0.927073089554	0.332064846124	0.0	0.595005796744	0.30889183208923016	0.356587781957	0.03667086479256887	0.332064846124	0.0	0.278302676141	0.134154019356	0.522725069758	0.221795834225	0.522725069758	0.0600497477896	0.224214034654	0.238461138573
31500	0.816925476751	0.288547108533	0.0	0.528376474388	0.30889183208923016	0.304926411473	0.03667086479256887	0.288547108533	0.0	0.238351239071	0.062325802897	0.432709010944	0.156514678767	0.432709010944	0.0301185441025	0.211111713637	0.251715727236
32400	0.660531531988	0.236223821222	0.0	0.424306469128	0.30889183208923016	0.42994624017733124	0.03667086479256887	0.236223821222	0.0	0.198411138499	0.0815586374204	0.357821480836	0.15837179921	0.357821480836	0.0429491866545	0.153783080801	0.161089143843
33300	0.711428898766	0.253804265465	0.0	0.457623193741	0.30889183208923016	0.42994624017733124	0.03667086479256887	0.253804265465	0.0	0.210558792985	0.100478249059	0.390062891621	0.174778046482	0.390062891621	0.0470938544346	0.171098086618	0.171870868188
34200	0.638489997206	0.219593106093	0.0	0.432347466255	0.30889183208923016	0.42994624017733124	0.03667086479256887	0.219593106093	0.0	0.133480368604	0.0771690287552	0.316489822908	0.127204135044	0.316489822908	0.0207254151124	0.2224275126029375	0.157742994472
35100	0.924679080977	0.313745763354	0.0	0.610930911843	0.30889183208923016	0.42994624017733124	0.03667086479256887	0.313745763354	0.0	0.202369603203	0.127253614163	0.464838715203	0.178529731886	0.464838715203	0.00306433489513	0.2224275126029375	0.217461012453
36000	0.42195858475	0.154678196477	0.0	0.299841576437	0.30889183208923016	0.42994624017733124	0.03667086479256887	0.154678196477	0.0	0.110642883402	0.0684812012582	0.274004710494	0.0923591017148	0.274004710494	0.0433659020553	0.2224275126029375	0.10220667585268599
36900	0.515400609384	0.209897195644	0.0	0.337852451403	0.30889183208923016	0.42994624017733124	0.03667086479256887	0.209897195644	0.0	0.19964087775	0.0624714518023	0.368866675147	0.13549236431	0.368866675147	0.054106400201	0.2224275126029375	0.10220667585268599
37800	0.698194442972	0.272451784867	0.0	0.456185518379	0.30889183208923016	0.42994624017733124	0.03667086479256887	0.272451784867	0.0	0.205877347848	0.127325569564	0.490088233352	0.14601026005	0.5680546797268473	0.0201046852851	0.2224275126029375	0.10220667585268599
38700	0.0844042206444	0.00291799670803	0.0	0.0335513992103	0.30889183208923016	0.42994624017733124	0.03667086479256887	0.00291799670803	0.0	0.00739038753332	0.0462132110462	0.0318767306902	0.0140107274817	0.5680546797268473	0.0358570028897	0.2224275126029375	0.10220667585268599
39600	0.260436337026	0.03205968491	0.0	0.150086863457	0.30889183208923016	0.42994624017733124	0.03667086479256887	0.03205968491	0.0	0.00732218707047	0.00763575656105	0.0431215183246	0.0034223281301	0.5680546797268473	0.0634018497876	0.2224275126029375	0.10220667585268599
40500	0.438806862439	0.115273635357	0.0	0.243857232753	0.30889183208923016	0.42994624017733124	0.03667086479256887	0.115273635357	0.0	0.162727086584	0.0346015060037	0.122645548801	0.110280208336	0.5680546797268473	0.018287071473757088	0.2224275126029375	0.10220667585268599
41400	0.605295929741	0.157806016181	0.0	0.363406288066	0.30889183208923016	0.42994624017733124	0.03667086479256887	0.157806016181	0.0	0.0755139502022	0.0624843724673	0.110858551569	0.10086123173	0.5680546797268473	0.018287071473757088	0.2224275126029375	0.10220667585268599
42300	2.88564076653	0.901371660352	0.0	1.79084797706	0.30889183208923016	0.42994624017733124	0.03667086479256887	0.901371660352	0.0	0.648176750094	0.326331279711	1.11520499346	0.56726888777	0.5680546797268473	0.018287071473757088	0.3091742425180832	0.10220667585268599
43200	2.58969965285	0.794977497529	0.0	1.61004216885	0.30889183208923016	0.42994624017733124	0.03667086479256887	0.794977497529	0.0	0.558803143057	0.308936633834	0.959856222443	0.518193969483	0.5680546797268473	0.018287071473757088	0.3091742425180832	0.10220667585268599
44100	1.27765169221	0.39126063998	0.0	0.760463907095	0.30889183208923016	0.42994624017733124	0.03667086479256887	0.39126063998	0.0	0.308331761306	0.124068521452	0.424686134946	0.273051977279	0.5680546797268473	0.018287071473757088	0.3091742425180832	0.17783961598367362
45000	2.09280633929	0.642071458995	0.0	1.25378977278	0.30889183208923016	0.42994624017733124	0.03667086479256887	0.642071458995	0.0	0.592380824149	0.261124173174	0.872141438437	0.426501028734	0.5680546797268473	0.018287071473757088	0.3091742425180832	0.17783961598367362
45900	2.0430476778	0.649398684852	0.0	1.20282800842	0.30889183208923016	0.42994624017733124	0.03667086479256887	0.649398684852	0.0	0.565908492591	0.286170132595	0.846115775201	0.464551446349	0.19313859110712805	0.018287071473757088	0.3091742425180832	0.17783961598367362
46800	1.47819615313	0.449577176795	0.0	0.853644442227	0.30889183208923016	0.42994624017733124	0.03667086479256887	0.449577176795	0.0	0.366023177318	0.19635442408	0.550171889636	0.28681527411	0.19313859110712805	0.018287071473757088	0.3091742425180832	0.17783961598367362
47700	3.17196950753	0.963125891169	0.0	1.96353221564	0.30889183208923016	0.42994624017733124	0.03667086479256887	0.963125891169	0.0	0.668754338784	0.423558666197	1.21989959865	0.590248654068	0.19313859110712805	0.025419029348522353	0.3091742425180832	0.17783961598367362
48600	2.06593967711	0.596467274869	0.0	1.27235076983	0.30889183208923016	0.42994624017733124	0.03667086479256887	0.596467274869	0.0	0.370125765189	0.29358128171	0.768182259011	0.294880768441	0.19313859110712805	0.025419029348522353	0.3091742425180832	0.17783961598367362
49500	1.41736254153	0.420591272633	0.0	0.869356289647	0.30889183208923016	0.42994624017733124	0.03667086479256887	0.420591272633	0.0	0.317978145813	0.211608887217	0.519540414652	0.303227625899	0.19313859110712805	0.025419029348522353	0.3091742425180832	0.17783961598367362
50400	3.59880088381	1.13626546816	0.0	2.23173163634	0.30889183208923016	0.42994624017733124	0.03667086479256887	1.13626546816	0.0	0.862474867407	0.495447275146	1.51602407755	0.747382786654	0.19313859110712805	0.025419029348522353	0.3091742425180832	0.17783961598367362
51300	4.96634521966447	0.441438008039	0.0	0.869034423373	0.30889183208923016	0.42994624017733124	0.03667086479256887	0.441438008039	0.0	0.33508085283	0.262107802057	0.610169034381	0.308969681079	0.19313859110712805	0.025419029348522353	0.3091742425180832	0.17783961598367362
52200	4.96634521966447	0.0327274888047	0.0	0.0881491201505	0.30889183208923016	0.42994624017733124	0.03667086479256887	0.0327274888047	0.0	0.0623702698673	0.0376672228151	0.00924781681548	0.0566592256682	0.19313859110712805	0.025419029348522353	0.3091742425180832	0.17783961598367362
53100	4.96634521966447	0.18387241372	0.0	0.14192008344226703	0.30889183208923016	0.42994624017733124	0.03667086479256887	0.18387241372	0.0	0.0968858072249	0.0589436852317	0.278015215342	0.0881860659298	0.19313859110712805	0.025419029348522353	0.3091742425180832	0.17783961598367362
54000	4.96634521966447	0.179201827082	0.0	0.14192008344226703	0.30889183208923016	0.42994624017733124	0.03667086479256887	0.179201827082	0.0	0.0987785373719	0.0340736224076	0.257750261472	0.0875194487374	0.19313859110712805	0.025419029348522353	0.3091742425180832	0.17783961598367362
54900	4.96634521966447	0.232311470794	0.0	0.14192008344226703	0.30889183208923016	0.42994624017733124	0.03667086479256887	0.2401304482903845	0.0	0.249058824332	0.114998923026	0.35858619341	0.141476549777	0.19313859110712805	0.025419029348522353	0.3091742425180832	0.17783961598367362
55800	4.96634521966447	0.12011290784	0.0	0.14192008344226703	0.30889183208923016	0.42994624017733124	0.03667086479256887	0.2401304482903845	0.0	0.107756257998	0.0372412976031	0.212370454525	0.0789703741311	0.19313859110712805	0.025419029348522353	0.3091742425180832	0.17783961598367362
56700	4.96634521966447	0.332317063385	0.0	0.14192008344226703	0.30889183208923016	0.42994624017733124	0.03667086479256887	0.2401304482903845	0.0	0.278539038384	0.14400296045	0.5461354072	0.2087230069	0.19313859110712805	0.025419029348522353	0.3091742425180832	0.17783961598367362
57600	4.96634521966447	0.21153519895	0.0	0.14192008344226703	0.30889183208923016	0.42994624017733124	0.03667086479256887	0.2401304482903845	0.0	0.169041776517	0.054753921063	0.308385793496	0.134584836602	0.19313859110712805	0.025419029348522353	0.3091742425180832	0.17783961598367362
58500	4.96634521966447	0.352498472219	0.0	0.14192008344226703	0.30889183208923016	0.42994624017733124	0.03667086479256887	0.2401304482903845	0.0	0.283121594544	0.0639238587584	0.467320965837	0.232222959808	0.19313859110712805	0.025419029348522353	0.3091742425180832	0.17783961598367362
59400	4.96634521966447	0.392119469485	0.0	0.14192008344226703	0.30889183208923016	0.42994624017733124	0.03667086479256887	0.2401304482903845	0.0	0.4869691426152467	0.0926407795042	0.557259016941	0.239029489197	0.19313859110712805	0.025419029348522353	0.3091742425180832	0.17783961598367362
60300	4.96634521966447	0.369342861019	0.0	0.14192008344226703	0.30889183208923016	0.42994624017733124	0.03667086479256887	0.2401304482903845	0.0	0.4869691426152467	0.0940241887045	0.483820934202	0.209726862548	0.19313859110712805	0.025419029348522353	0.3091742425180832	0.17783961598367362
61200	4.96634521966447	0.424282816589	0.0	0.14192008344226703	0.30889183208923016	0.42994624017733124	0.03667086479256887	0.2401304482903845	0.0	0.4869691426152467	0.12975338041223577	0.593390403566	0.235437672408	0.19313859110712805	0.025419029348522353	0.3091742425180832	0.17783961598367362
62100	4.96634521966447	0.367697269243	0.0	0.14192008344226703	0.30889183208923016	0.42994624017733124	0.03667086479256887	0.2401304482903845	0.0	0.4869691426152467	0.12975338041223577	0.528433853028	0.201549828352	0.19313859110712805	0.025419029348522353	0.3091742425180832	0.17783961598367362
63000	4.96634521966447	0.374285615025	0.0	0.14192008344226703	0.30889183208923016	0.42994624017733124	0.03667086479256887	0.2401304482903845	0.0	0.4869691426152467	0.12975338041223577	0.530218010955	0.33860371163083325	0.19313859110712805	0.025419029348522353	0.3091742425180832	0.17783961598367362
63900	4.96634521966447	0.362858678877	0.0	0.14192008344226703	0.30889183208923016	0.42994624017733124	0.03667086479256887	0.2401304482903845	0.0	0.4869691426152467	0.12975338041223577	0.531783694713	0.33860371163083325	0.19313859110712805	0.025419029348522353	0.3091742425180832	0.17783961598367362
64800	4.96634521966447	0.324841385653	0.0	0.14192008344226703	0.30889183208923016	0.42994624017733124	0.03667086479256887	0.2401304482903845	0.0	0.4869691426152467	0.12975338041223577	0.3562950754579547	0.33860371163083325	0.19313859110712805	0.025419029348522353	0.3091742425180832	0.17783961598367362
65700	4.96634521966447	0.398479847672	0.0	0.14192008344226703	0.30889183208923016	0.42994624017733124	0.03667086479256887	0.2401304482903845	0.0	0.4869691426152467	0.12975338041223577	0.3562950754579547	0.33860371163083325	0.19313859110712805	0.025419029348522353	0.3091742425180832	0.17783961598367362
66600	4.96634521966447	0.38504989274	0.0	0.14192008344226703	0.30889183208923016	0.42994624017733124	0.03667086479256887	0.2401304482903845	0.0	0.4869691426152467	0.12975338041223577	0.3562950754579547	0.33860371163083325	0.19313859110712805	0.025419029348522353	0.5286879547059222	0.17783961598367362
67500	4.96634521966447	0.347381118535	0.0	0.14192008344226703	0.30889183208923016	0.42994624017733124	0.03667086479256887	0.2401304482903845	0.0	0.4869691426152467	0.12975338041223577	0.3562950754579547	0.33860371163083325	0.19313859110712805	0.025419029348522353	0.5286879547059222	0.17783961598367362
68400	4.96634521966447	0.481352264864	0.0	0.14192008344226703	0.30889183208923016	0.42994624017733124	0.03667086479256887	0.2401304482903845	0.0	0.4869691426152467	0.12975338041223577	0.3562950754579547	0.33860371163083325	0.19313859110712805	0.025419029348522353	0.5286879547059222	0.0533518847951021
69300	4.96634521966447	0.435198575905	0.0	0.14192008344226703	0.30889183208923016	0.42994624017733124	0.03667086479256887	0.2401304482903845	0.0	0.4869691426152467	0.12975338041223577	0.3562950754579547	0.33860371163083325	0.19313859110712805	0.025419029348522353	0.5286879547059222	0.0533518847951021
70200	4.96634521966447	0.494020304874	0.0	0.14192008344226703	0.30889183208923016	0.42994624017733124	0.03667086479256887	0.2401304482903845	0.0	0.4869691426152467	0.12975338041223577	0.3562950754579547	0.33860371163083325	0.19313859110712805	0.025419029348522353	0.5286879547059222	0.0533518847951021
71100	4.96634521966447	0.557751464993	0.0	0.14192008344226703	0.30889183208923016	0.42994624017733124	0.03667086479256887	0.2401304482903845	0.0	0.4869691426152467	0.12975338041223577	0.3562950754579547	0.33860371163083325	0.1274714701307045	0.025419029348522353	0.5286879547059222	0.0533518847951021
72000	4.96634521966447	0.579091213841	0.0	0.14192008344226703	0.30889183208923016	0.42994624017733124	0.03667086479256887	0.2401304482903845	0.0	0.4869691426152467	0.12975338041223577	0.3562950754579547	0.33860371163083325	0.1274714701307045	0.025419029348522353	0.5286879547059222	0.0533518847951021
72900	4.96634521966447	0.483741152514	0.0	0.14192008344226703	0.30889183208923016	0.42994624017733124	0.03667086479256887	0.2401304482903845	0.0	0.4869691426152467	0.12975338041223577	0.3562950754579547	0.33860371163083325	0.1274714701307045	0.03304473815307906	0.5286879547059222	0.0533518847951021
73800	4.96634521966447	0.468169483209	0.0	0.14192008344226703	0.30889183208923016	0.42994624017733124	0.03667086479256887	0.2401304482903845	0.0	0.4869691426152467	0.12975338041223577	0.3562950754579547	0.33860371163083325	0.1274714701307045	0.03304473815307906	0.5286879547059222	0.0533518847951021
74700	4.96634521966447	0.44125867582	0.0	0.14192008344226703	0.30889183208923016	0.42994624017733124	0.03667086479256887	0.2401304482903845	0.0	0.4869691426152467	0.12975338041223577	0.3562950754579547	0.33860371163083325	0.1274714701307045	0.03304473815307906	0.5286879547059222	0.0533518847951021
75600	4.96634521966447	0.36425077869	0.0	0.14192008344226703	0.30889183208923016	0.42994624017733124	0.03667086479256887	0.2401304482903845	0.0	0.4869691426152467	0.12975338041223577	0.3562950754579547	0.33860371163083325	0.1274714701307045	0.03304473815307906	0.5286879547059222	0.0533518847951021
76500	2.2845188010456563	0.369953383279	0.0	0.14192008344226703	0.30889183208923016	0.42994624017733124	0.03667086479256887	0.2401304482903845	0.0	0.4869691426152467	0.12975338041223577	0.3562950754579547	0.33860371163083325	0.1274714701307045	0.03304473815307906	0.5286879547059222	0.0533518847951021
77400	2.2845188010456563	0.325630668004	0.0	0.14192008344226703	0.30889183208923016	0.42994624017733124	0.03667086479256887	0.2401304482903845	0.0	0.4869691426152467	0.12975338041223577	0.3562950754579547	0.33860371163083325	0.1274714701307045	0.03304473815307906	0.5286879547059222	0.0533518847951021
78300	2.2845188010456563	0.348193821911	0.0	0.14192008344226703	0.30889183208923016	0.42994624017733124	0.03667086479256887	0.2401304482903845	0.0	0.4869691426152467	0.12975338041223577	0.3562950754579547	0.33860371163083325	0.1274714701307045	0.03304473815307906	0.5286879547059222	0.0533518847951021
79200	2.2845188010456563	0.311398284327	0.0	0.06954084088671085	0.30889183208923016	0.42994624017733124	0.03667086479256887	0.2401304482903845	0.0	0.4869691426152467	0.12975338041223577	0.3562950754579547	0.33860371163083325	0.1274714701307045	0.03304473815307906	0.5286879547059222	0.0533518847951021
80100	2.2845188010456563	0.301008840239	0.0	0.06954084088671085	0.30889183208923016	0.42994624017733124	0.03667086479256887	0.2401304482903845	0.0	0.4869691426152467	0.12975338041223577	0.3562950754579547	0.33860371163083325	0.1274714701307045	0.03304473815307906	0.5286879547059222	0.0533518847951021
81000	2.2845188010456563	0.275791127217	0.0	0.06954084088671085	0.30889183208923016	0.42994624017733124	0.03667086479256887	0.2401304482903845	0.0	0.4869691426152467	0.12975338041223577	0.3562950754579547	0.33860371163083325	0.1274714701307045	0.03304473815307906	0.5286879547059222	0.0533518847951021
81900	2.2845188010456563	0.289674306208	0.0	0.06954084088671085	0.30889183208923016	0.42994624017733124	0.03667086479256887	0.2401304482903845	0.0	0.4869691426152467	0.12975338041223577	0.3562950754579547	0.33860371163083325	0.1274714701307045	0.03304473815307906	0.5286879547059222	0.0533518847951021
82800	0.6396652642927838	0.239438082008	0.0	0.06954084088671085	0.30889183208923016	0.42994624017733124	0.03667086479256887	0.2401304482903845	0.0	0.4869691426152467	0.12975338041223577	0.3562950754579547	0.33860371163083325	0.1274714701307045	0.03304473815307906	0.5286879547059222	0.0533518847951021
83700	0.6396652642927838	0.227839555814	0.0	0.06954084088671085	0.30889183208923016	0.42994624017733124	0.03667086479256887	0.2401304482903845	0.0	0.4869691426152467	0.12975338041223577	0.3562950754579547	0.33860371163083325	0.1274714701307045	0.03304473815307906	0.5286879547059222	0.0533518847951021
84600	0.6396652642927838	0.222740529827	0.0	0.031293378399019876	0.30889183208923016	0.42994624017733124	0.03667086479256887	0.2401304482903845	0.0	0.4869691426152467	0.12975338041223577	0.3562950754579547	0.33860371163083325	0.1274714701307045	0.03304473815307906	0.5286879547059222	0.0533518847951021
85500	0.6396652642927838	0.197949148851	0.0	0.031293378399019876	0.30889183208923016	0.42994624017733124	0.03667086479256887	0.2401304482903845	0.0	0.4869691426152467	0.12975338041223577	0.3562950754579547	0.33860371163083325	0.1274714701307045	0.03304473815307906	0.5286879547059222	0.0533518847951021
86400	0.6396652642927838	0.146092042561	0.0	0.031293378399019876	0.30889183208923016	0.42994624017733124	0.03667086479256887	0.2401304482903845	0.0	0.4869691426152467	0.12975338041223577	0.3562950754579547	0.33860371163083325	0.1274714701307045	0.03304473815307906	0.5286879547059222	0.0533518847951021
87300	0.6396652642927838	0.141864106666	0.0	0.031293378399019876	0.30889183208923016	0.42994624017733124	0.024936188058946828	0.2401304482903845	0.0	0.4869691426152467	0.12975338041223577	0.3562950754579547	0.33860371163083325	0.1274714701307045	0.03304473815307906	0.5286879547059222	0.0533518847951021
88200	0.6396652642927838	0.140231327706	0.0	0.031293378399019876	0.30889183208923016	0.42994624017733124	0.024936188058946828	0.2401304482903845	0.0	0.4869691426152467	0.12975338041223577	0.3562950754579547	0.33860371163083325	0.1274714701307045	0.03304473815307906	0.5286879547059222	0.0533518847951021
89100	0.6396652642927838	0.120170270683	0.0	0.031293378399019876	0.22857995574603032	0.42994624017733124	0.024936188058946828	0.2401304482903845	0.0	0.4869691426152467	0.12975338041223577	0.3562950754579547	0.33860371163083325	0.1274714701307045	0.03304473815307906	0.5286879547059222	0.0533518847951021
90000	0.6396652642927838	0.105952456018	0.0	0.031293378399019876	0.22857995574603032	0.42994624017733124	0.024936188058946828	0.2401304482903845	0.0	0.4869691426152467	0.12975338041223577	0.3562950754579547	0.33860371163083325	0.1274714701307045	0.03304473815307906	0.5286879547059222	0.0533518847951021
90900	0.6396652642927838	0.113682449398	0.0	0.031293378399019876	0.22857995574603032	0.12038494724965276	0.024936188058946828	0.2401304482903845	0.0	0.4869691426152467	0.12975338041223577	0.3562950754579547	0.33860371163083325	0.1274714701307045	0.03304473815307906	0.5286879547059222	0.0533518847951021
91800	0.6396652642927838	0.0956918525197	0.0	0.031293378399019876	0.22857995574603032	0.12038494724965276	0.024936188058946828	0.2401304482903845	0.0	0.4869691426152467	0.12975338041223577	0.3562950754579547	0.33860371163083325	0.1274714701307045	0.03304473815307906	0.5286879547059222	0.0533518847951021
92700	0.6396652642927838	0.106235355117	0.0	0.031293378399019876	0.22857995574603032	0.12038494724965276	0.024936188058946828	0.2401304482903845	0.0	0.4869691426152467	0.12975338041223577	0.3562950754579547	0.33860371163083325	0.1274714701307045	0.03304473815307906	0.22204894097648736	0.0533518847951021
93600	0.6396652642927838	0.109948980995	0.0	0.031293378399019876	0.22857995574603032	0.12038494724965276	0.024936188058946828	0.2401304482903845	0.0	0.4869691426152467	0.12975338041223577	0.3562950754579547	0.33860371163083325	0.1274714701307045	0.03304473815307906	0.22204894097648736	0.0533518847951021
94500	0.6396652642927838	0.102938978336	0.0	0.031293378399019876	0.22857995574603032	0.12038494724965276	0.024936188058946828	0.2401304482903845	0.0	0.4869691426152467	0.12975338041223577	0.3562950754579547	0.33860371163083325	0.1274714701307045	0.03304473815307906	0.22204894097648736	0.0533518847951021
95400	0.6396652642927838	0.0988416968172	0.0	0.031293378399019876	0.22857995574603032	0.12038494724965276	0.024936188058946828	0.2401304482903845	0.0	0.4869691426152467	0.12975338041223577	0.3562950754579547	0.33860371163083325	0.1274714701307045	0.03304473815307906	0.22204894097648736	0.08322894028035928
96300	0.6396652642927838	0.0902529948264	0.0	0.031293378399019876	0.22857995574603032	0.12038494724965276	0.024936188058946828	0.2401304482903845	0.0	0.4869691426152467	0.12975338041223577	0.3562950754579547	0.33860371163083325	0.1274714701307045	0.03304473815307906	0.22204894097648736	0.08322894028035928
97200	0.6396652642927838	0.0951850882917	0.0	0.031293378399019876	0.22857995574603032	0.12038494724965276	0.024936188058946828	0.2401304482903845	0.0	0.4869691426152467	0.12975338041223577	0.3562950754579547	0.33860371163083325	0.1784600581829863	0.03304473815307906	0.22204894097648736	0.08322894028035928
98100	0.6396652642927838	0.0984926416691	0.0	0.031293378399019876	0.22857995574603032	0.12038494724965276	0.024936188058946828	0.2401304482903845	0.0	0.4869691426152467	0.12975338041223577	0.3562950754579547	0.33860371163083325	0.1784600581829863	0.03304473815307906	0.22204894097648736	0.08322894028035928
99000	0.6396652642927838	0.0996873671807	0.0	0.031293378399019876	0.22857995574603032	0.12038494724965276	0.024936188058946828	0.2401304482903845	0.0	0.4869691426152467	0.12975338041223577	0.3562950754579547	0.33860371163083325	0.1784600581829863	0.01652236907653953	0.22204894097648736	0.08322894028035928
99900	0.6396652642927838	0.0999993591042	0.0	0.031293378399019876	0.22857995574603032	0.12038494724965276	0.024936188058946828	0.2401304482903845	0.0	0.4869691426152467	0.12975338041223577	0.3562950754579547	0.33860371163083325	0.1784600581829863	0.01652236907653953	0.22204894097648736	0.08322894028035928
100800	0.6396652642927838	0.0844311558168	0.0	0.031293378399019876	0.22857995574603032	0.12038494724965276	0.024936188058946828	0.33378132312363445	0.0	0.4869691426152467	0.12975338041223577	0.3562950754579547	0.33860371163083325	0.1784600581829863	0.01652236907653953	0.22204894097648736	0.08322894028035928
101700	0.6396652642927838	0.0959768334387	0.0	0.031293378399019876	0.22857995574603032	0.12038494724965276	0.024936188058946828	0.33378132312363445	0.0	0.4869691426152467	0.12975338041223577	0.3562950754579547	0.33860371163083325	0.1784600581829863	0.01652236907653953	0.22204894097648736	0.08322894028035928
102600	0.6396652642927838	0.101614384928	0.0	0.031293378399019876	0.22857995574603032	0.12038494724965276	0.024936188058946828	0.33378132312363445	0.0	0.4869691426152467	0.12975338041223577	0.3562950754579547	0.33860371163083325	0.1784600581829863	0.01652236907653953	0.22204894097648736	0.08322894028035928
103500	0.6396652642927838	0.0958726422951	0.0	0.031293378399019876	0.22857995574603032	0.12038494724965276	0.024936188058946828	0.33378132312363445	0.0	0.4869691426152467	0.12975338041223577	0.3562950754579547	0.33860371163083325	0.1784600581829863	0.01652236907653953	0.22204894097648736	0.08322894028035928
104400	0.6396652642927838	0.116665777987	0.0	0.031293378399019876	0.22857995574603032	0.12038494724965276	0.024936188058946828	0.33378132312363445	0.0	0.4869691426152467	0.12975338041223577	0.3562950754579547	0.33860371163083325	0.1784600581829863	0.01652236907653953	0.22204894097648736	0.08322894028035928
105300	0.6396652642927838	0.112588940026	0.0	0.031293378399019876	0.22857995574603032	0.12038494724965276	0.024936188058946828	0.33378132312363445	0.0	0.32139963412606276	0.12975338041223577	0.3562950754579547	0.33860371163083325	0.1784600581829863	0.01652236907653953	0.22204894097648736	0.08322894028035928
106200	0.6396652642927838	0.116366204422	0.0	0.031293378399019876	0.22857995574603032	0.12038494724965276	0.024936188058946828	0.33378132312363445	0.0	0.32139963412606276	0.12975338041223577	0.3562950754579547	0.33860371163083325	0.1784600581829863	0.01652236907653953	0.22204894097648736	0.08322894028035928
107100	0.6396652642927838	0.145718300311	0.0	0.031293378399019876	0.22857995574603032	0.12038494724965276	0.024936188058946828	0.33378132312363445	0.0	0.32139963412606276	0.05190135216489431	0.3562950754579547	0.33860371163083325	0.1784600581829863	0.01652236907653953	0.22204894097648736	0.08322894028035928
108000	0.6396652642927838	0.187119565115	0.0	0.031293378399019876	0.22857995574603032	0.12038494724965276	0.024936188058946828	0.33378132312363445	0.0	0.32139963412606276	0.05190135216489431	0.3562950754579547	0.33860371163083325	0.1784600581829863	0.01652236907653953	0.22204894097648736	0.08322894028035928
108900	0.6396652642927838	0.193147917757	0.0	0.031293378399019876	0.22857995574603032	0.12038494724965276	0.024936188058946828	0.33378132312363445	0.0	0.32139963412606276	0.05190135216489431	0.3562950754579547	0.09142300214032498	0.1784600581829863	0.01652236907653953	0.22204894097648736	0.08322894028035928
109800	0.6396652642927838	0.225237175205	0.0	0.031293378399019876	0.22857995574603032	0.12038494724965276	0.024936188058946828	0.33378132312363445	0.0	0.32139963412606276	0.05190135216489431	0.3562950754579547	0.09142300214032498	0.1784600581829863	0.01652236907653953	0.22204894097648736	0.08322894028035928
110700	0.6396652642927838	0.231680330411	0.0	0.031293378399019876	0.22857995574603032	0.12038494724965276	0.024936188058946828	0.33378132312363445	0.0	0.32139963412606276	0.05190135216489431	0.4524947458316025	0.09142300214032498	0.1784600581829863	0.01652236907653953	0.22204894097648736	0.08322894028035928
111600	0.6396652642927838	0.261620830389	0.0	0.031293378399019876	0.22857995574603032	0.12038494724965276	0.024936188058946828	0.33378132312363445	0.0	0.32139963412606276	0.05190135216489431	0.4524947458316025	0.09142300214032498	0.1784600581829863	0.01652236907653953	0.22204894097648736	0.08322894028035928
112500	0.6396652642927838	0.261094223631	0.0	0.031293378399019876	0.22857995574603032	0.12038494724965276	0.024936188058946828	0.33378132312363445	0.0	0.32139963412606276	0.05190135216489431	0.4524947458316025	0.09142300214032498	0.1784600581829863	0.01652236907653953	0.22204894097648736	0.08322894028035928
113400	0.6396652642927838	0.290415785711	0.0	0.031293378399019876	0.22857995574603032	0.12038494724965276	0.024936188058946828	0.33378132312363445	0.0	0.32139963412606276	0.05190135216489431	0.4524947458316025	0.09142300214032498	0.1784600581829863	0.01652236907653953	0.12212691753706806	0.08322894028035928
114300	0.6396652642927838	0.296606687648	0.0	0.031293378399019876	0.22857995574603032	0.12038494724965276	0.024936188058946828	0.33378132312363445	0.0	0.32139963412606276	0.05190135216489431	0.4524947458316025	0.09142300214032498	0.1784600581829863	0.01652236907653953	0.12212691753706806	0.08322894028035928
115200	0.6396652642927838	0.364483831656	0.0	0.031293378399019876	0.22857995574603032	0.12038494724965276	0.024936188058946828	0.33378132312363445	0.0	0.32139963412606276	0.05190135216489431	0.4524947458316025	0.09142300214032498	0.1784600581829863	0.01652236907653953	0.12212691753706806	0.12234654221212814
116100	0.6396652642927838	0.381472876161	0.0	0.031293378399019876	0.22857995574603032	0.12038494724965276	0.024936188058946828	0.33378132312363445	0.0	0.32139963412606276	0.05190135216489431	0.4524947458316025	0.09142300214032498	0.1784600581829863	0.01652236907653953	0.12212691753706806	0.12234654221212814
117000	0.6396652642927838	0.417293954614	0.0	0.031293378399019876	0.22857995574603032	0.12038494724965276	0.024936188058946828	0.33378132312363445	0.0	0.32139963412606276	0.05190135216489431	0.4524947458316025	0.09142300214032498	0.049968816291236166	0.01652236907653953	0.12212691753706806	0.12234654221212814
117900	0.6396652642927838	0.305978036496	0.0	0.031293378399019876	0.22857995574603032	0.12038494724965276	0.024936188058946828	0.33378132312363445	0.0	0.32139963412606276	0.05190135216489431	0.4524947458316025	0.09142300214032498	0.049968816291236166	0.01652236907653953	0.12212691753706806	0.12234654221212814
118800	0.6396652642927838	0.376501915181	0.0	0.031293378399019876	0.22857995574603032	0.12038494724965276	0.024936188058946828	0.33378132312363445	0.0	0.32139963412606276	0.05190135216489431	0.4524947458316025	0.09142300214032498	0.049968816291236166	0.021974750871797576	0.12212691753706806	0.12234654221212814
119700	0.6396652642927838	0.172762593566	0.0	0.031293378399019876	0.22857995574603032	0.12038494724965276	0.024936188058946828	0.33378132312363445	0.0	0.32139963412606276	0.05190135216489431	0.4524947458316025	0.09142300214032498	0.049968816291236166	0.021974750871797576	0.12212691753706806	0.12234654221212814
120600	0.6396652642927838	0.385115159182	0.0	0.031293378399019876	0.22857995574603032	0.12038494724965276	0.024936188058946828	0.33378132312363445	0.0	0.32139963412606276	0.05190135216489431	0.4524947458316025	0.09142300214032498	0.049968816291236166	0.021974750871797576	0.12212691753706806	0.12234654221212814
121500	0.6396652642927838	0.216700655569	0.0	0.031293378399019876	0.22857995574603032	0.12038494724965276	0.024936188058946828	0.33378132312363445	0.0	0.32139963412606276	0.05190135216489431	0.4524947458316025	0.09142300214032498	0.049968816291236166	0.021974750871797576	0.0696123429961288	0.12234654221212814
122400	0.6396652642927838	0.335404124534	0.0	0.031293378399019876	0.22857995574603032	0.12038494724965276	0.024936188058946828	0.33378132312363445	0.0	0.32139963412606276	0.05190135216489431	0.4524947458316025	0.09142300214032498	0.049968816291236166	0.021974750871797576	0.0696123429961288	0.12234654221212814
123300	0.6396652642927838	0.443586340915	0.0	0.031293378399019876	0.22857995574603032	0.12038494724965276	0.024936188058946828	0.33378132312363445	0.0	0.32139963412606276	0.05190135216489431	0.4524947458316025	0.09142300214032498	0.049968816291236166	0.021974750871797576	0.0696123429961288	0.20431872549425398
124200	0.6396652642927838	0.453026336032	0.0	0.031293378399019876	0.22857995574603032	0.12038494724965276	0.024936188058946828	0.33378132312363445	0.0	0.32139963412606276	0.05190135216489431	0.4524947458316025	0.09142300214032498	0.049968816291236166	0.021974750871797576	0.0696123429961288	0.20431872549425398
125100	0.6396652642927838	0.673218752551	0.0	0.031293378399019876	0.22857995574603032	0.12038494724965276	0.024936188058946828	0.33378132312363445	0.0	0.32139963412606276	0.05190135216489431	0.4524947458316025	0.09142300214032498	0.08194885871762732	0.021974750871797576	0.0696123429961288	0.20431872549425398
126000	0.6396652642927838	0.594116664929	0.0	0.031293378399019876	0.22857995574603032	0.12038494724965276	0.024936188058946828	0.33378132312363445	0.0	0.32139963412606276	0.05190135216489431	0.4524947458316025	0.09142300214032498	0.08194885871762732	0.021974750871797576	0.0696123429961288	0.20431872549425398
126900	0.6396652642927838	0.598035374009	0.0	0.031293378399019876	0.22857995574603032	0.12038494724965276	0.024936188058946828	0.33378132312363445	0.0	0.32139963412606276	0.05190135216489431	0.4524947458316025	0.09142300214032498	0.08194885871762732	0.03691758146461993	0.0696123429961288	0.20431872549425398
127800	0.6396652642927838	0.516077665595	0.0	0.031293378399019876	0.22857995574603032	0.12038494724965276	0.024936188058946828	0.33378132312363445	0.0	0.32139963412606276	0.05190135216489431	0.4524947458316025	0.09142300214032498	0.08194885871762732	0.03691758146461993	0.0696123429961288	0.20431872549425398
128700	0.6396652642927838	0.67954759606	0.0	0.031293378399019876	0.22857995574603032	0.12038494724965276	0.024936188058946828	0.23030911295530776	0.0	0.32139963412606276	0.05190135216489431	0.4524947458316025	0.09142300214032498	0.08194885871762732	0.03691758146461993	0.0696123429961288	0.20431872549425398
129600	0.6396652642927838	0.653752477421	0.0	0.031293378399019876	0.22857995574603032	0.12038494724965276	0.024936188058946828	0.23030911295530776	0.0	0.32139963412606276	0.05190135216489431	0.4524947458316025	0.09142300214032498	0.08194885871762732	0.03691758146461993	0.0696123429961288	0.20431872549425398
130500	0.6396652642927838	0.537297339028	0.0	0.031293378399019876	0.22857995574603032	0.12038494724965276	0.024936188058946828	0.23030911295530776	0.0	0.32139963412606276	0.05190135216489431	0.4524947458316025	0.09142300214032498	0.08194885871762732	0.03691758146461993	0.0696123429961288	0.20431872549425398
131400	0.6396652642927838	0.539448923052	0.0	0.031293378399019876	0.22857995574603032	0.12038494724965276	0.024936188058946828	0.23030911295530776	0.0	0.32139963412606276	0.05190135216489431	0.4524947458316025	0.09142300214032498	0.08194885871762732	0.03691758146461993	0.0696123429961288	0.20431872549425398
132300	0.6396652642927838	0.533756972276	0.0	0.031293378399019876	0.22857995574603032	0.12038494724965276	0.024936188058946828	0.23030911295530776	0.0	0.32139963412606276	0.05190135216489431	0.4524947458316025	0.09142300214032498	0.08194885871762732	0.03691758146461993	0.0696123429961288	0.20431872549425398
133200	0.6396652642927838	0.48686685938	0.0	0.031293378399019876	0.22857995574603032	0.12038494724965276	0.024936188058946828	0.23030911295530776	0.0	0.5431653816730461	0.05190135216489431	0.4524947458316025	0.09142300214032498	0.08194885871762732	0.03691758146461993	0.0696123429961288	0.20431872549425398
134100	0.6396652642927838	0.279132890788	0.0	0.031293378399019876	0.22857995574603032	0.12038494724965276	0.024936188058946828	0.23030911295530776	0.0	0.5431653816730461	0.05190135216489431	0.4524947458316025	0.09142300214032498	0.08194885871762732	0.03691758146461993	0.0696123429961288	0.20431872549425398
135000	0.6396652642927838	0.436273946358	0.0	0.031293378399019876	0.22857995574603032	0.12038494724965276	0.024936188058946828	0.23030911295530776	0.0	0.5431653816730461	0.08511821755042667	0.4524947458316025	0.09142300214032498	0.08194885871762732	0.03691758146461993	0.0696123429961288	0.20431872549425398
135900	0.6396652642927838	0.52828120838	0.0	0.031293378399019876	0.22857995574603032	0.12038494724965276	0.024936188058946828	0.23030911295530776	0.0	0.5431653816730461	0.08511821755042667	0.4524947458316025	0.09142300214032498	0.08194885871762732	0.03691758146461993	0.0696123429961288	0.20431872549425398
136800	0.6396652642927838	0.359633391503	0.0	0.031293378399019876	0.22857995574603032	0.12038494724965276	0.024936188058946828	0.23030911295530776	0.0	0.5431653816730461	0.08511821755042667	0.4524947458316025	0.058510721369807984	0.08194885871762732	0.03691758146461993	0.0696123429961288	0.20431872549425398
137700	0.6396652642927838	0.677114547788	0.0	0.031293378399019876	0.22857995574603032	0.12038494724965276	0.024936188058946828	0.23030911295530776	0.0	0.5431653816730461	0.08511821755042667	0.4524947458316025	0.058510721369807984	0.08194885871762732	0.03691758146461993	0.0696123429961288	0.20431872549425398
138600	0.6396652642927838	0.841972948789	0.0	0.031293378399019876	0.22857995574603032	0.12038494724965276	0.024936188058946828	0.23030911295530776	0.0	0.5431653816730461	0.08511821755042667	0.19004779324927307	0.058510721369807984	0.08194885871762732	0.03691758146461993	0.0696123429961288	0.20431872549425398
139500	0.6396652642927838	0.31014512789	0.0	0.031293378399019876	0.22857995574603032	0.12038494724965276	0.024936188058946828	0.23030911295530776	0.0	0.5431653816730461	0.08511821755042667	0.19004779324927307	0.058510721369807984	0.08194885871762732	0.03691758146461993	0.0696123429961288	0.20431872549425398
140400	0.6396652642927838	0.140996758458	0.0	0.031293378399019876	0.22857995574603032	0.12038494724965276	0.024936188058946828	0.23030911295530776	0.0	0.5431653816730461	0.08511821755042667	0.19004779324927307	0.058510721369807984	0.08194885871762732	0.03691758146461993	0.0696123429961288	0.20431872549425398
141300	0.6396652642927838	0.0808940975998	0.0	0.031293378399019876	0.22857995574603032	0.12038494724965276	0.034661301401936094	0.23030911295530776	0.0	0.5431653816730461	0.08511821755042667	0.19004779324927307	0.058510721369807984	0.08194885871762732	0.03691758146461993	0.0696123429961288	0.20431872549425398
142200	0.6396652642927838	0.0353352962086	0.0	0.031293378399019876	0.22857995574603032	0.12038494724965276	0.034661301401936094	0.23030911295530776	0.0	0.5431653816730461	0.08511821755042667	0.19004779324927307	0.058510721369807984	0.08194885871762732	0.03691758146461993	0.0696123429961288	0.20431872549425398
143100	0.6396652642927838	0.0978418091936	0.0	0.031293378399019876	0.32001193804444245	0.12038494724965276	0.034661301401936094	0.23030911295530776	0.0	0.5431653816730461	0.08511821755042667	0.19004779324927307	0.058510721369807984	0.08194885871762732	0.03691758146461993	0.0696123429961288	0.20431872549425398
144000	0.6396652642927838	0.285144752788	0.0	0.031293378399019876	0.32001193804444245	0.12038494724965276	0.034661301401936094	0.23030911295530776	0.0	0.5431653816730461	0.08511821755042667	0.19004779324927307	0.058510721369807984	0.08194885871762732	0.03691758146461993	0.0696123429961288	0.20431872549425398
144900	0.6396652642927838	0.276480724353	0.0	0.031293378399019876	0.32001193804444245	0.1745581735119965	0.034661301401936094	0.23030911295530776	0.0	0.5431653816730461	0.08511821755042667	0.19004779324927307	0.058510721369807984	0.08194885871762732	0.03691758146461993	0.0696123429961288	0.20431872549425398
145800	0.6396652642927838	0.243100783631	0.0	0.031293378399019876	0.32001193804444245	0.1745581735119965	0.034661301401936094	0.23030911295530776	0.0	0.5431653816730461	0.08511821755042667	0.19004779324927307	0.058510721369807984	0.08194885871762732	0.03691758146461993	0.0696123429961288	0.20431872549425398
146700	0.6396652642927838	0.320749834554	0.0	0.031293378399019876	0.32001193804444245	0.1745581735119965	0.011091616448619548	0.23030911295530776	0.0	0.5431653816730461	0.08511821755042667	0.19004779324927307	0.058510721369807984	0.08194885871762732	0.03691758146461993	0.0696123429961288	0.20431872549425398
147600	0.6396652642927838	0.316686701928	0.0	0.031293378399019876	0.32001193804444245	0.1745581735119965	0.011091616448619548	0.23030911295530776	0.0	0.5431653816730461	0.08511821755042667	0.19004779324927307	0.058510721369807984	0.08194885871762732	0.03691758146461993	0.0696123429961288	0.20431872549425398
148500	0.6396652642927838	0.363432625827	0.0	0.031293378399019876	0.21760811787022083	0.1745581735119965	0.011091616448619548	0.23030911295530776	0.0	0.5431653816730461	0.08511821755042667	0.19004779324927307	0.058510721369807984	0.08194885871762732	0.03691758146461993	0.0696123429961288	0.20431872549425398
149400	0.6396652642927838	0.413609918378	0.0	0.031293378399019876	0.21760811787022083	0.1745581735119965	0.011091616448619548	0.23030911295530776	0.0	0.5431653816730461	0.08511821755042667	0.19004779324927307	0.058510721369807984	0.08194885871762732	0.03691758146461993	0.0696123429961288	0.20431872549425398
150300	0.6396652642927838	0.367969682731	0.0	0.031293378399019876	0.21760811787022083	0.1745581735119965	0.011091616448619548	0.23030911295530776	0.0	0.5431653816730461	0.08511821755042667	0.19004779324927307	0.058510721369807984	0.08194885871762732	0.03691758146461993	0.0696123429961288	0.20431872549425398
151200	0.6396652642927838	0.421858873441	0.0	0.031293378399019876	0.21760811787022083	0.25660051506263487	0.011091616448619548	0.23030911295530776	0.0	0.5431653816730461	0.08511821755042667	0.19004779324927307	0.058510721369807984	0.08194885871762732	0.03691758146461993	0.0696123429961288	0.20431872549425398
152100	0.6396652642927838	0.424152632908	0.0	0.031293378399019876	0.21760811787022083	0.25660051506263487	0.011091616448619548	0.23030911295530776	0.0	0.5431653816730461	0.08511821755042667	0.19004779324927307	0.058510721369807984	0.08194885871762732	0.03691758146461993	0.0696123429961288	0.20431872549425398
153000	0.6396652642927838	0.448061250943	0.0	0.031293378399019876	0.21760811787022083	0.25660051506263487	0.011091616448619548	0.23030911295530776	0.0	0.5431653816730461	0.08511821755042667	0.19004779324927307	0.058510721369807984	0.08194885871762732	0.03691758146461993	0.0696123429961288	0.20431872549425398
153900	0.6396652642927838	0.486043398646	0.0	0.031293378399019876	0.21760811787022083	0.25660051506263487	0.011091616448619548	0.23030911295530776	0.0	0.5431653816730461	0.08511821755042667	0.19004779324927307	0.058510721369807984	0.08194885871762732	0.03691758146461993	0.0696123429961288	0.20431872549425398
154800	0.8187715382947633	0.504616082802	0.0	0.031293378399019876	0.21760811787022083	0.25660051506263487	0.011091616448619548	0.23030911295530776	0.0	0.5431653816730461	0.08511821755042667	0.19004779324927307	0.058510721369807984	0.08194885871762732	0.03691758146461993	0.0696123429961288	0.20431872549425398
155700	0.8187715382947633	0.492965389175	0.0	0.031293378399019876	0.21760811787022083	0.25660051506263487	0.011091616448619548	0.23030911295530776	0.0	0.5431653816730461	0.08511821755042667	0.19004779324927307	0.058510721369807984	0.08194885871762732	0.03691758146461993	0.0696123429961288	0.20431872549425398
156600	0.8187715382947633	0.465601316788	0.0	0.023470033799264906	0.21760811787022083	0.25660051506263487	0.011091616448619548	0.23030911295530776	0.0	0.5431653816730461	0.08511821755042667	0.19004779324927307	0.058510721369807984	0.08194885871762732	0.03691758146461993	0.0696123429961288	0.20431872549425398
157500	0.8187715382947633	0.490275809559	0.0	0.023470033799264906	0.21760811787022083	0.25660051506263487	0.011091616448619548	0.23030911295530776	0.0	0.5431653816730461	0.08511821755042667	0.19004779324927307	0.058510721369807984	0.08194885871762732	0.03691758146461993	0.0696123429961288	0.20431872549425398
158400	0.45032434606211985	0.461511639213	0.0	0.023470033799264906	0.21760811787022083	0.25660051506263487	0.011091616448619548	0.23030911295530776	0.0	0.5431653816730461	0.08511821755042667	0.19004779324927307	0.058510721369807984	0.08194885871762732	0.03691758146461993	0.0696123429961288	0.20431872549425398
159300	0.45032434606211985	0.440427847652	0.0	0.01525552196952219	0.21760811787022083	0.25660051506263487	0.011091616448619548	0.23030911295530776	0.0	0.5431653816730461	0.08511821755042667	0.19004779324927307	0.058510721369807984	0.08194885871762732	0.03691758146461993	0.0696123429961288	0.20431872549425398
160200	0.45032434606211985	0.359182533799	0.0	0.01525552196952219	0.21760811787022083	0.25660051506263487	0.011091616448619548	0.23030911295530776	0.0	0.5431653816730461	0.08511821755042667	0.19004779324927307	0.058510721369807984	0.08194885871762732	0.03691758146461993	0.0696123429961288	0.20431872549425398
161100	0.45032434606211985	0.371250175748	0.0	0.01525552196952219	0.21760811787022083	0.25660051506263487	0.006654969869171729	0.23030911295530776	0.0	0.5431653816730461	0.08511821755042667	0.19004779324927307	0.058510721369807984	0.08194885871762732	0.03691758146461993	0.0696123429961288	0.20431872549425398
162000	0.45032434606211985	0.348304031695	0.0	0.01525552196952219	0.21760811787022083	0.25660051506263487	0.006654969869171729	0.23030911295530776	0.0	0.5431653816730461	0.08511821755042667	0.19004779324927307	0.058510721369807984	0.08194885871762732	0.03691758146461993	0.0696123429961288	0.20431872549425398
162900	0.45032434606211985	0.36037760899	0.0	0.01525552196952219	0.21760811787022083	0.25660051506263487	0.006654969869171729	0.23030911295530776	0.0	0.5431653816730461	0.08511821755042667	0.19004779324927307	0.058510721369807984	0.08194885871762732	0.03691758146461993	0.0696123429961288	0.20431872549425398
163800	0.45032434606211985	0.347731430231	0.0	0.01525552196952219	0.3177078520905224	0.25660051506263487	0.006654969869171729	0.23030911295530776	0.0	0.5431653816730461	0.08511821755042667	0.19004779324927307	0.058510721369807984	0.08194885871762732	0.03691758146461993	0.0696123429961288	0.20431872549425398
164700	0.45032434606211985	0.309877994108	0.0	0.01525552196952219	0.3177078520905224	0.25660051506263487	0.006654969869171729	0.23030911295530776	0.0	0.5431653816730461	0.08511821755042667	0.19004779324927307	0.058510721369807984	0.08194885871762732	0.03691758146461993	0.0696123429961288	0.20431872549425398
165600	0.45032434606211985	0.302991050436	0.0	0.01525552196952219	0.3177078520905224	0.1847523708450971	0.006654969869171729	0.23030911295530776	0.0	0.5431653816730461	0.08511821755042667	0.19004779324927307	0.058510721369807984	0.08194885871762732	0.03691758146461993	0.0696123429961288	0.20431872549425398
166500	0.45032434606211985	0.306955902072	0.0	0.01525552196952219	0.3177078520905224	0.1847523708450971	0.006654969869171729	0.23030911295530776	0.0	0.5431653816730461	0.08511821755042667	0.19004779324927307	0.058510721369807984	0.08194885871762732	0.03691758146461993	0.0696123429961288	0.20431872549425398
167400	0.45032434606211985	0.282073007584	0.0	0.01525552196952219	0.3177078520905224	0.1847523708450971	0.006654969869171729	0.23030911295530776	0.0	0.5431653816730461	0.08511821755042667	0.19004779324927307	0.058510721369807984	0.08194885871762732	0.03691758146461993	0.032021677778219244	0.20431872549425398
168300	0.45032434606211985	0.256795487707	0.0	0.01525552196952219	0.3177078520905224	0.1847523708450971	0.006654969869171729	0.23030911295530776	0.0	0.5431653816730461	0.08511821755042667	0.19004779324927307	0.058510721369807984	0.08194885871762732	0.03691758146461993	0.032021677778219244	0.20431872549425398
169200	0.45032434606211985	0.264782023853	0.0	0.01525552196952219	0.3177078520905224	0.1847523708450971	0.006654969869171729	0.23030911295530776	0.0	0.5431653816730461	0.08511821755042667	0.19004779324927307	0.058510721369807984	0.08194885871762732	0.03691758146461993	0.032021677778219244	0.3391690843204616
170100	0.45032434606211985	0.262371535877	0.0	0.01525552196952219	0.3177078520905224	0.1847523708450971	0.006654969869171729	0.23030911295530776	0.0	0.5431653816730461	0.08511821755042667	0.19004779324927307	0.058510721369807984	0.08194885871762732	0.03691758146461993	0.032021677778219244	0.3391690843204616
171000	0.45032434606211985	0.226894849705	0.0	0.01525552196952219	0.3177078520905224	0.1847523708450971	0.006654969869171729	0.23030911295530776	0.0	0.5431653816730461	0.08511821755042667	0.19004779324927307	0.058510721369807984	0.08194885871762732	0.03691758146461993	0.032021677778219244	0.3391690843204616
171900	0.45032434606211985	0.230297409724	0.0	0.01525552196952219	0.3177078520905224	0.1847523708450971	0.006654969869171729	0.23030911295530776	0.0	0.5431653816730461	0.08511821755042667	0.19004779324927307	0.058510721369807984	0.11226993644314943	0.03691758146461993	0.032021677778219244	0.3391690843204616
172800	0.45032434606211985	0.22614573561	0.0	0.01525552196952219	0.3177078520905224	0.1847523708450971	0.006654969869171729	0.23030911295530776	0.0	0.5431653816730461	0.08511821755042667	0.19004779324927307	0.058510721369807984	0.11226993644314943	0.03691758146461993	0.032021677778219244	0.3391690843204616
173700	0.45032434606211985	0.194992473335	0.0	0.01525552196952219	0.3177078520905224	0.1847523708450971	0.006654969869171729	0.23030911295530776	0.0	0.5431653816730461	0.08511821755042667	0.19004779324927307	0.058510721369807984	0.11226993644314943	0.0520537898651141	0.032021677778219244	0.3391690843204616
174600	0.45032434606211985	0.212942909107	0.0	0.01525552196952219	0.3177078520905224	0.1847523708450971	0.006654969869171729	0.23030911295530776	0.0	0.5431653816730461	0.08511821755042667	0.19004779324927307	0.058510721369807984	0.11226993644314943	0.0520537898651141	0.032021677778219244	0.3391690843204616
175500	0.45032434606211985	0.173277251021	0.0	0.01525552196952219	0.3177078520905224	0.1847523708450971	0.006654969869171729	0.16582256132782158	0.0	0.5431653816730461	0.08511821755042667	0.19004779324927307	0.058510721369807984	0.11226993644314943	0.0520537898651141	0.032021677778219244	0.3391690843204616
176400	0.45032434606211985	0.146284548964	0.0	0.01525552196952219	0.3177078520905224	0.1847523708450971	0.006654969869171729	0.16582256132782158	0.0	0.5431653816730461	0.08511821755042667	0.19004779324927307	0.058510721369807984	0.11226993644314943	0.0520537898651141	0.032021677778219244	0.3391690843204616
177300	0.45032434606211985	0.150629709296	0.0	0.01525552196952219	0.3177078520905224	0.1847523708450971	0.006654969869171729	0.16582256132782158	0.0	0.5431653816730461	0.08511821755042667	0.19004779324927307	0.058510721369807984	0.11226993644314943	0.0520537898651141	0.032021677778219244	0.3391690843204616
178200	0.45032434606211985	0.137593589404	0.0	0.01525552196952219	0.3177078520905224	0.1847523708450971	0.006654969869171729	0.16582256132782158	0.0	0.5431653816730461	0.08511821755042667	0.19004779324927307	0.058510721369807984	0.11226993644314943	0.0520537898651141	0.032021677778219244	0.3391690843204616
179100	0.45032434606211985	0.159632335461	0.0	0.01525552196952219	0.3177078520905224	0.1847523708450971	0.006654969869171729	0.16582256132782158	0.0	0.5431653816730461	0.08511821755042667	0.19004779324927307	0.058510721369807984	0.11226993644314943	0.0520537898651141	0.032021677778219244	0.3391690843204616
180000	0.45032434606211985	0.133590534516	0.0	0.01525552196952219	0.3177078520905224	0.1847523708450971	0.006654969869171729	0.16582256132782158	0.0	0.7658631881589949	0.08511821755042667	0.19004779324927307	0.058510721369807984	0.11226993644314943	0.0520537898651141	0.032021677778219244	0.3391690843204616
180900	0.45032434606211985	0.110901877203	0.0	0.01525552196952219	0.3177078520905224	0.1847523708450971	0.006654969869171729	0.16582256132782158	0.0	0.7658631881589949	0.08511821755042667	0.19004779324927307	0.058510721369807984	0.11226993644314943	0.0520537898651141	0.032021677778219244	0.3391690843204616
181800	0.45032434606211985	0.10718534976	0.0	0.01525552196952219	0.3177078520905224	0.1847523708450971	0.006654969869171729	0.16582256132782158	0.0	0.7658631881589949	0.034898469195674936	0.19004779324927307	0.058510721369807984	0.11226993644314943	0.0520537898651141	0.032021677778219244	0.3391690843204616
182700	0.45032434606211985	0.109799563663	0.0	0.01525552196952219	0.3177078520905224	0.1847523708450971	0.006654969869171729	0.16582256132782158	0.0	0.7658631881589949	0.034898469195674936	0.19004779324927307	0.058510721369807984	0.11226993644314943	0.0520537898651141	0.032021677778219244	0.3391690843204616
183600	0.45032434606211985	0.111479291822	0.0	0.01525552196952219	0.3177078520905224	0.1847523708450971	0.006654969869171729	0.16582256132782158	0.0	0.7658631881589949	0.034898469195674936	0.19004779324927307	0.09829801190127742	0.11226993644314943	0.0520537898651141	0.032021677778219244	0.3391690843204616
184500	0.45032434606211985	0.10359771671	0.0	0.01525552196952219	0.3177078520905224	0.1847523708450971	0.006654969869171729	0.16582256132782158	0.0	0.7658631881589949	0.034898469195674936	0.19004779324927307	0.09829801190127742	0.11226993644314943	0.0520537898651141	0.032021677778219244	0.3391690843204616
185400	0.45032434606211985	0.11296434276	0.0	0.01525552196952219	0.3177078520905224	0.1847523708450971	0.006654969869171729	0.16582256132782158	0.0	0.7658631881589949	0.034898469195674936	0.051312904177303734	0.09829801190127742	0.11226993644314943	0.0520537898651141	0.032021677778219244	0.3391690843204616
186300	0.45032434606211985	0.0930568106364	0.0	0.01525552196952219	0.3177078520905224	0.1847523708450971	0.006654969869171729	0.16582256132782158	0.0	0.7658631881589949	0.034898469195674936	0.051312904177303734	0.09829801190127742	0.11226993644314943	0.0520537898651141	0.032021677778219244	0.3391690843204616
187200	0.45032434606211985	0.100663732461	0.0	0.01525552196952219	0.3177078520905224	0.1847523708450971	0.006654969869171729	0.16582256132782158	0.0	0.7658631881589949	0.034898469195674936	0.051312904177303734	0.09829801190127742	0.11226993644314943	0.0520537898651141	0.032021677778219244	0.3391690843204616
188100	0.45032434606211985	0.0976245605223	0.0	0.01525552196952219	0.3177078520905224	0.1847523708450971	0.006654969869171729	0.25370851883156703	0.0	0.7658631881589949	0.034898469195674936	0.051312904177303734	0.09829801190127742	0.11226993644314943	0.0520537898651141	0.032021677778219244	0.3391690843204616
189000	0.45032434606211985	0.0988759562401	0.0	0.01525552196952219	0.3177078520905224	0.1847523708450971	0.006654969869171729	0.25370851883156703	0.0	0.7658631881589949	0.034898469195674936	0.051312904177303734	0.09829801190127742	0.11226993644314943	0.0520537898651141	0.032021677778219244	0.3391690843204616
189900	0.45032434606211985	0.0964995255503	0.0	0.01525552196952219	0.3177078520905224	0.1847523708450971	0.006654969869171729	0.25370851883156703	0.0	0.7658631881589949	0.034898469195674936	0.051312904177303734	0.09829801190127742	0.11226993644314943	0.0520537898651141	0.032021677778219244	0.3391690843204616
190800	0.45032434606211985	0.0949230283507	0.0	0.01525552196952219	0.3177078520905224	0.1847523708450971	0.006654969869171729	0.25370851883156703	0.0	0.7658631881589949	0.034898469195674936	0.051312904177303734	0.09829801190127742	0.11226993644314943	0.0520537898651141	0.032021677778219244	0.3391690843204616
191700	0.45032434606211985	0.105160959549	0.0	0.01525552196952219	0.3177078520905224	0.1847523708450971	0.006654969869171729	0.25370851883156703	0.0	0.3905902259610874	0.034898469195674936	0.051312904177303734	0.09829801190127742	0.11226993644314943	0.0520537898651141	0.032021677778219244	0.3391690843204616
192600	0.45032434606211985	0.118738014112	0.0	0.01525552196952219	0.3177078520905224	0.1847523708450971	0.006654969869171729	0.25370851883156703	0.0	0.3905902259610874	0.034898469195674936	0.051312904177303734	0.09829801190127742	0.11226993644314943	0.0520537898651141	0.032021677778219244	0.3391690843204616
193500	0.45032434606211985	0.105716753781	0.0	0.01525552196952219	0.3177078520905224	0.1847523708450971	0.006654969869171729	0.25370851883156703	0.0	0.3905902259610874	0.009073601990875483	0.051312904177303734	0.09829801190127742	0.11226993644314943	0.0520537898651141	0.032021677778219244	0.3391690843204616
194400	0.45032434606211985	0.114033394173	0.0	0.01525552196952219	0.3177078520905224	0.1847523708450971	0.006654969869171729	0.25370851883156703	0.0	0.3905902259610874	0.009073601990875483	0.051312904177303734	0.09829801190127742	0.11226993644314943	0.0520537898651141	0.032021677778219244	0.3391690843204616
195300	0.45032434606211985	0.119001696752	0.0	0.01525552196952219	0.3177078520905224	0.1847523708450971	0.006654969869171729	0.25370851883156703	0.0	0.3905902259610874	0.009073601990875483	0.051312904177303734	0.1562938389230311	0.11226993644314943	0.0520537898651141	0.032021677778219244	0.3391690843204616
196200	0.45032434606211985	0.130472294863	0.0	0.01525552196952219	0.3177078520905224	0.1847523708450971	0.006654969869171729	0.25370851883156703	0.0	0.3905902259610874	0.009073601990875483	0.051312904177303734	0.1562938389230311	0.11226993644314943	0.0520537898651141	0.032021677778219244	0.3391690843204616
197100	0.45032434606211985	0.137244218873	0.0	0.01525552196952219	0.3177078520905224	0.1847523708450971	0.006654969869171729	0.25370851883156703	0.0	0.3905902259610874	0.009073601990875483	0.08466629189255116	0.1562938389230311	0.11226993644314943	0.0520537898651141	0.032021677778219244	0.3391690843204616
198000	0.45032434606211985	0.142750032661	0.0	0.01525552196952219	0.3177078520905224	0.1847523708450971	0.006654969869171729	0.25370851883156703	0.0	0.3905902259610874	0.009073601990875483	0.08466629189255116	0.1562938389230311	0.11226993644314943	0.0520537898651141	0.032021677778219244	0.3391690843204616
198900	0.45032434606211985	0.148721976375	0.0	0.01525552196952219	0.3177078520905224	0.1847523708450971	0.006654969869171729	0.3653402671174565	0.0	0.3905902259610874	0.009073601990875483	0.08466629189255116	0.1562938389230311	0.11226993644314943	0.0520537898651141	0.032021677778219244	0.3391690843204616
199800	0.45032434606211985	0.154797529089	0.0	0.01525552196952219	0.3177078520905224	0.1847523708450971	0.006654969869171729	0.3653402671174565	0.0	0.3905902259610874	0.009073601990875483	0.08466629189255116	0.1562938389230311	0.11226993644314943	0.0520537898651141	0.032021677778219244	0.3391690843204616
200700	0.45032434606211985	0.195253522707	0.0	0.01525552196952219	0.3177078520905224	0.1847523708450971	0.006654969869171729	0.3653402671174565	0.0	0.3905902259610874	0.009073601990875483	0.08466629189255116	0.1562938389230311	0.11226993644314943	0.0520537898651141	0.032021677778219244	0.3391690843204616
201600	0.45032434606211985	0.25435092608	0.0	0.01525552196952219	0.3177078520905224	0.1847523708450971	0.006654969869171729	0.3653402671174565	0.0	0.3905902259610874	0.009073601990875483	0.08466629189255116	0.1562938389230311	0.11226993644314943	0.0520537898651141	0.032021677778219244	0.3391690843204616
202500	0.45032434606211985	0.229496342051	0.0	0.01525552196952219	0.3177078520905224	0.1847523708450971	0.006654969869171729	0.3653402671174565	0.0	0.3905902259610874	0.009073601990875483	0.08466629189255116	0.1562938389230311	0.11226993644314943	0.0520537898651141	0.032021677778219244	0.3391690843204616
203400	0.45032434606211985	0.30992330234	0.0	0.01525552196952219	0.3177078520905224	0.1847523708450971	0.006654969869171729	0.3653402671174565	0.0	0.1288947745671588	0.009073601990875483	0.08466629189255116	0.1562938389230311	0.11226993644314943	0.0520537898651141	0.032021677778219244	0.3391690843204616
204300	0.45032434606211985	0.33546866021	0.0	0.01525552196952219	0.3177078520905224	0.1847523708450971	0.006654969869171729	0.3653402671174565	0.0	0.1288947745671588	0.009073601990875483	0.08466629189255116	0.1562938389230311	0.11226993644314943	0.0520537898651141	0.032021677778219244	0.3391690843204616
205200	0.45032434606211985	0.427727000459	0.0	0.01525552196952219	0.3177078520905224	0.1847523708450971	0.006654969869171729	0.3653402671174565	0.0	0.1288947745671588	0.015878803484032096	0.08466629189255116	0.1562938389230311	0.11226993644314943	0.0520537898651141	0.032021677778219244	0.3391690843204616
206100	0.45032434606211985	0.40713017463	0.0	0.01525552196952219	0.3177078520905224	0.1847523708450971	0.006654969869171729	0.3653402671174565	0.0	0.1288947745671588	0.015878803484032096	0.08466629189255116	0.1562938389230311	0.11226993644314943	0.0520537898651141	0.032021677778219244	0.3391690843204616
207000	0.45032434606211985	0.257275426276	0.0	0.01525552196952219	0.3177078520905224	0.1847523708450971	0.006654969869171729	0.3653402671174565	0.0	0.1288947745671588	0.015878803484032096	0.08466629189255116	0.20630786737840104	0.11226993644314943	0.0520537898651141	0.032021677778219244	0.3391690843204616
207900	0.45032434606211985	0.252133035045	0.0	0.01525552196952219	0.3177078520905224	0.1847523708450971	0.006654969869171729	0.3653402671174565	0.0	0.1288947745671588	0.015878803484032096	0.08466629189255116	0.20630786737840104	0.11226993644314943	0.0520537898651141	0.032021677778219244	0.3391690843204616
208800	0.45032434606211985	0.0252552133197	0.0	0.01525552196952219	0.3177078520905224	0.1847523708450971	0.006654969869171729	0.3653402671174565	0.0	0.1288947745671588	0.015878803484032096	0.06011306724371132	0.20630786737840104	0.11226993644314943	0.0520537898651141	0.032021677778219244	0.3391690843204616
209700	0.45032434606211985	0.181907573773	0.0	0.01525552196952219	0.3177078520905224	0.1847523708450971	0.006654969869171729	0.3653402671174565	0.0	0.1288947745671588	0.015878803484032096	0.06011306724371132	0.20630786737840104	0.11226993644314943	0.0520537898651141	0.032021677778219244	0.3391690843204616
210600	0.45032434606211985	0.035152924967	0.0	0.01525552196952219	0.3177078520905224	0.1847523708450971	0.004325730414961624	0.3653402671174565	0.0	0.1288947745671588	0.015878803484032096	0.06011306724371132	0.20630786737840104	0.11226993644314943	0.0520537898651141	0.032021677778219244	0.3391690843204616
211500	0.45032434606211985	0.410449237393	0.0	0.01525552196952219	0.3177078520905224	0.1847523708450971	0.004325730414961624	0.3653402671174565	0.0	0.1288947745671588	0.015878803484032096	0.06011306724371132	0.20630786737840104	0.11226993644314943	0.0520537898651141	0.032021677778219244	0.3391690843204616
212400	0.45032434606211985	0.0694137925622	0.0	0.01525552196952219	0.1493226904825455	0.1847523708450971	0.004325730414961624	0.3653402671174565	0.0	0.1288947745671588	0.015878803484032096	0.06011306724371132	0.20630786737840104	0.11226993644314943	0.0520537898651141	0.032021677778219244	0.3391690843204616
213300	0.45032434606211985	0.372639908722	0.0	0.01525552196952219	0.1493226904825455	0.1847523708450971	0.004325730414961624	0.3653402671174565	0.0	0.1288947745671588	0.015878803484032096	0.06011306724371132	0.20630786737840104	0.11226993644314943	0.0520537898651141	0.032021677778219244	0.3391690843204616
214200	0.45032434606211985	0.575858346566	0.0	0.01525552196952219	0.1493226904825455	0.125631612174666	0.004325730414961624	0.3653402671174565	0.0	0.1288947745671588	0.015878803484032096	0.06011306724371132	0.20630786737840104	0.11226993644314943	0.0520537898651141	0.032021677778219244	0.3391690843204616
215100	0.45032434606211985	0.167097816808	0.0	0.01525552196952219	0.1493226904825455	0.125631612174666	0.004325730414961624	0.3653402671174565	0.0	0.1288947745671588	0.015878803484032096	0.06011306724371132	0.20630786737840104	0.11226993644314943	0.0520537898651141	0.032021677778219244	0.3391690843204616
216000	0.45032434606211985	0.42955852283	0.0	0.01525552196952219	0.1493226904825455	0.125631612174666	0.004325730414961624	0.3653402671174565	0.0	0.1288947745671588	0.015878803484032096	0.06011306724371132	0.20630786737840104	0.11226993644314943	0.0520537898651141	0.032021677778219244	0.3391690843204616
216900	0.45032434606211985	0.656056626594	0.0	0.01525552196952219	0.1493226904825455	0.125631612174666	0.004325730414961624	0.3653402671174565	0.0	0.1288947745671588	0.015878803484032096	0.06011306724371132	0.20630786737840104	0.11226993644314943	0.0520537898651141	0.032021677778219244	0.3391690843204616
217800	0.6619767887113162	0.130929988555	0.0	0.01525552196952219	0.1493226904825455	0.125631612174666	0.004325730414961624	0.3653402671174565	0.0	0.1288947745671588	0.015878803484032096	0.06011306724371132	0.20630786737840104	0.11226993644314943	0.0520537898651141	0.032021677778219244	0.3391690843204616
218700	0.6619767887113162	0.399405076551	0.0	0.01525552196952219	0.1493226904825455	0.125631612174666	0.004325730414961624	0.3653402671174565	0.0	0.1288947745671588	0.015878803484032096	0.06011306724371132	0.20630786737840104	0.11226993644314943	0.0520537898651141	0.032021677778219244	0.3391690843204616
219600	0.6619767887113162	0.763576523526	0.0	0.02196795163611195	0.1493226904825455	0.125631612174666	0.004325730414961624	0.3653402671174565	0.0	0.1288947745671588	0.015878803484032096	0.06011306724371132	0.20630786737840104	0.11226993644314943	0.0520537898651141	0.032021677778219244	0.3391690843204616
220500	0.6619767887113162	1.00545825441	0.0	0.02196795163611195	0.1493226904825455	0.125631612174666	0.004325730414961624	0.3653402671174565	0.0	0.1288947745671588	0.015878803484032096	0.06011306724371132	0.20630786737840104	0.11226993644314943	0.0520537898651141	0.032021677778219244	0.3391690843204616
221400	0.6619767887113162	1.14158784482	0.0	0.02196795163611195	0.1493226904825455	0.125631612174666	0.003114525898772369	0.3653402671174565	0.0	0.1288947745671588	0.015878803484032096	0.06011306724371132	0.20630786737840104	0.11226993644314943	0.0520537898651141	0.032021677778219244	0.3391690843204616
222300	0.6619767887113162	0.1888386969	0.0	0.02196795163611195	0.1493226904825455	0.125631612174666	0.003114525898772369	0.3653402671174565	0.0	0.1288947745671588	0.015878803484032096	0.06011306724371132	0.20630786737840104	0.11226993644314943	0.0520537898651141	0.032021677778219244	0.3391690843204616
223200	0.6619767887113162	0.224709174185	0.0	0.02196795163611195	0.1493226904825455	0.125631612174666	0.003114525898772369	0.3653402671174565	0.0	0.1288947745671588	0.015878803484032096	0.06011306724371132	0.20630786737840104	0.11226993644314943	0.0520537898651141	0.032021677778219244	0.3391690843204616
224100	0.6619767887113162	0.0908026083638	0.0	0.02196795163611195	0.23145017024794554	0.125631612174666	0.003114525898772369	0.3653402671174565	0.0	0.1288947745671588	0.015878803484032096	0.06011306724371132	0.20630786737840104	0.11226993644314943	0.0520537898651141	0.032021677778219244	0.3391690843204616
225000	0.6619767887113162	0.1026118346	0.0	0.02196795163611195	0.23145017024794554	0.125631612174666	0.003114525898772369	0.3653402671174565	0.0	0.1288947745671588	0.015878803484032096	0.06011306724371132	0.20630786737840104	0.11226993644314943	0.0520537898651141	0.032021677778219244	0.3391690843204616
225900	0.6619767887113162	0.0105424020004	0.0	0.02196795163611195	0.23145017024794554	0.21483005681867887	0.003114525898772369	0.3653402671174565	0.0	0.1288947745671588	0.015878803484032096	0.06011306724371132	0.20630786737840104	0.11226993644314943	0.0520537898651141	0.032021677778219244	0.3391690843204616
226800	0.6619767887113162	0.267091706062	0.0	0.02196795163611195	0.23145017024794554	0.21483005681867887	0.003114525898772369	0.3653402671174565	0.0	0.1288947745671588	0.015878803484032096	0.06011306724371132	0.20630786737840104	0.11226993644314943	0.0520537898651141	0.032021677778219244	0.3391690843204616
227700	0.6619767887113162	0.156292501116	0.0	0.02196795163611195	0.23145017024794554	0.21483005681867887	0.003114525898772369	0.3653402671174565	0.0	0.1288947745671588	0.015878803484032096	0.06011306724371132	0.20630786737840104	0.11226993644314943	0.0520537898651141	0.032021677778219244	0.3391690843204616
228600	0.6619767887113162	0.194121437717	0.0	0.02196795163611195	0.23145017024794554	0.21483005681867887	0.003114525898772369	0.3653402671174565	0.0	0.1288947745671588	0.015878803484032096	0.06011306724371132	0.20630786737840104	0.11226993644314943	0.0520537898651141	0.014729971777980851	0.3391690843204616
229500	0.6619767887113162	0.29970291629	0.0	0.02196795163611195	0.23145017024794554	0.21483005681867887	0.003114525898772369	0.3653402671174565	0.0	0.1288947745671588	0.015878803484032096	0.06011306724371132	0.20630786737840104	0.11226993644314943	0.0520537898651141	0.014729971777980851	0.3391690843204616
230400	0.6619767887113162	0.391970437879	0.0	0.02196795163611195	0.23145017024794554	0.21483005681867887	0.003114525898772369	0.3653402671174565	0.0	0.1288947745671588	0.015878803484032096	0.06011306724371132	0.20630786737840104	0.11226993644314943	0.0520537898651141	0.014729971777980851	0.4884034814214647
231300	0.6619767887113162	0.318987180516	0.0	0.02196795163611195	0.23145017024794554	0.21483005681867887	0.003114525898772369	0.3653402671174565	0.0	0.1288947745671588	0.015878803484032096	0.06011306724371132	0.20630786737840104	0.11226993644314943	0.0520537898651141	0.014729971777980851	0.4884034814214647
232200	0.6619767887113162	0.372317980163	0.0	0.02196795163611195	0.23145017024794554	0.21483005681867887	0.003114525898772369	0.3653402671174565	0.0	0.1288947745671588	0.015878803484032096	0.06011306724371132	0.20630786737840104	0.05838036695043771	0.0520537898651141	0.014729971777980851	0.4884034814214647
233100	0.6619767887113162	0.405340646658	0.0	0.02196795163611195	0.23145017024794554	0.21483005681867887	0.003114525898772369	0.3653402671174565	0.0	0.1288947745671588	0.015878803484032096	0.06011306724371132	0.20630786737840104	0.05838036695043771	0.0520537898651141	0.014729971777980851	0.4884034814214647
234000	0.6619767887113162	0.341037953314	0.0	0.02196795163611195	0.23145017024794554	0.21483005681867887	0.003114525898772369	0.3653402671174565	0.0	0.1288947745671588	0.015878803484032096	0.06011306724371132	0.20630786737840104	0.05838036695043771	0.0520537898651141	0.014729971777980851	0.4884034814214647
234900	0.6619767887113162	0.384466082849	0.0	0.02196795163611195	0.23145017024794554	0.21483005681867887	0.003114525898772369	0.3653402671174565	0.0	0.1288947745671588	0.015878803484032096	0.06011306724371132	0.20630786737840104	0.05838036695043771	0.015616136959534233	0.014729971777980851	0.4884034814214647
235800	0.6619767887113162	0.408740517576	0.0	0.02196795163611195	0.23145017024794554	0.21483005681867887	0.003114525898772369	0.3653402671174565	0.0	0.1288947745671588	0.015878803484032096	0.06011306724371132	0.20630786737840104	0.05838036695043771	0.015616136959534233	0.014729971777980851	0.4884034814214647
236700	0.6619767887113162	0.378800959283	0.0	0.02196795163611195	0.23145017024794554	0.21483005681867887	0.003114525898772369	0.5845444273879304	0.0	0.1288947745671588	0.015878803484032096	0.06011306724371132	0.20630786737840104	0.05838036695043771	0.015616136959534233	0.014729971777980851	0.4884034814214647
237600	0.6619767887113162	0.376909772488	0.0	0.02196795163611195	0.23145017024794554	0.21483005681867887	0.003114525898772369	0.5845444273879304	0.0	0.1288947745671588	0.015878803484032096	0.06011306724371132	0.20630786737840104	0.05838036695043771	0.015616136959534233	0.014729971777980851	0.4884034814214647
238500	0.6619767887113162	0.390395624955	0.0	0.02196795163611195	0.23145017024794554	0.21483005681867887	0.003114525898772369	0.5845444273879304	0.0	0.1288947745671588	0.015878803484032096	0.06011306724371132	0.20630786737840104	0.05838036695043771	0.015616136959534233	0.014729971777980851	0.4884034814214647
239400	0.6619767887113162	0.440187982355	0.0	0.02196795163611195	0.23145017024794554	0.21483005681867887	0.003114525898772369	0.5845444273879304	0.0	0.1288947745671588	0.015878803484032096	0.06011306724371132	0.20630786737840104	0.05838036695043771	0.015616136959534233	0.014729971777980851	0.4884034814214647
240300	0.6619767887113162	0.483585797675	0.0	0.02196795163611195	0.23145017024794554	0.21483005681867887	0.003114525898772369	0.5845444273879304	0.0	0.1288947745671588	0.015878803484032096	0.06011306724371132	0.20630786737840104	0.05838036695043771	0.015616136959534233	0.014729971777980851	0.4884034814214647
241200	0.6619767887113162	0.492326522553	0.0	0.02196795163611195	0.23145017024794554	0.21483005681867887	0.003114525898772369	0.5845444273879304	0.0	0.1649853114459633	0.015878803484032096	0.06011306724371132	0.20630786737840104	0.05838036695043771	0.015616136959534233	0.014729971777980851	0.4884034814214647
242100	0.6619767887113162	0.477506918795	0.0	0.02196795163611195	0.23145017024794554	0.21483005681867887	0.003114525898772369	0.5845444273879304	0.0	0.1649853114459633	0.015878803484032096	0.06011306724371132	0.20630786737840104	0.05838036695043771	0.015616136959534233	0.014729971777980851	0.4884034814214647
243000	0.6619767887113162	0.499213188472	0.0	0.02196795163611195	0.23145017024794554	0.21483005681867887	0.003114525898772369	0.5845444273879304	0.0	0.1649853114459633	0.00651030942845316	0.06011306724371132	0.20630786737840104	0.05838036695043771	0.015616136959534233	0.014729971777980851	0.4884034814214647
243900	0.6619767887113162	0.571968058081	0.0	0.02196795163611195	0.23145017024794554	0.21483005681867887	0.003114525898772369	0.5845444273879304	0.0	0.1649853114459633	0.00651030942845316	0.06011306724371132	0.20630786737840104	0.05838036695043771	0.015616136959534233	0.014729971777980851	0.4884034814214647
244800	0.6619767887113162	0.533818352267	0.0	0.02196795163611195	0.23145017024794554	0.21483005681867887	0.003114525898772369	0.5845444273879304	0.0	0.1649853114459633	0.00651030942845316	0.06011306724371132	0.2702633062657054	0.05838036695043771	0.015616136959534233	0.014729971777980851	0.4884034814214647
245700	0.6619767887113162	0.457539867355	0.0	0.02196795163611195	0.23145017024794554	0.21483005681867887	0.003114525898772369	0.5845444273879304	0.0	0.1649853114459633	0.00651030942845316	0.06011306724371132	0.2702633062657054	0.05838036695043771	0.015616136959534233	0.014729971777980851	0.4884034814214647
246600	0.6619767887113162	0.382534924519	0.0	0.02196795163611195	0.23145017024794554	0.21483005681867887	0.003114525898772369	0.5845444273879304	0.0	0.1649853114459633	0.00651030942845316	0.06011306724371132	0.2702633062657054	0.05838036695043771	0.015616136959534233	0.014729971777980851	0.4884034814214647
247500	0.6619767887113162	0.399259843165	0.0	0.02196795163611195	0.23145017024794554	0.21483005681867887	0.003114525898772369	0.5845444273879304	0.0	0.1649853114459633	0.00651030942845316	0.02043844286286185	0.2702633062657054	0.05838036695043771	0.015616136959534233	0.014729971777980851	0.4884034814214647
248400	0.6619767887113162	0.408341121153	0.0	0.02196795163611195	0.23145017024794554	0.21483005681867887	0.003114525898772369	0.5845444273879304	0.0	0.1649853114459633	0.00651030942845316	0.02043844286286185	0.2702633062657054	0.05838036695043771	0.015616136959534233	0.014729971777980851	0.4884034814214647
249300	0.6619767887113162	0.387533077821	0.0	0.02196795163611195	0.23145017024794554	0.21483005681867887	0.003114525898772369	0.9235801952729301	0.0	0.1649853114459633	0.00651030942845316	0.02043844286286185	0.2702633062657054	0.05838036695043771	0.015616136959534233	0.014729971777980851	0.4884034814214647
250200	0.6619767887113162	0.373687576553	0.0	0.02196795163611195	0.23145017024794554	0.21483005681867887	0.003114525898772369	0.9235801952729301	0.0	0.1649853114459633	0.00651030942845316	0.02043844286286185	0.2702633062657054	0.05838036695043771	0.015616136959534233	0.014729971777980851	0.4884034814214647
251100	0.6619767887113162	0.340031735914	0.0	0.02196795163611195	0.23145017024794554	0.21483005681867887	0.003114525898772369	0.9235801952729301	0.0	0.1649853114459633	0.00651030942845316	0.02043844286286185	0.2702633062657054	0.05838036695043771	0.015616136959534233	0.014729971777980851	0.4884034814214647
252000	0.6619767887113162	0.303040164898	0.0	0.02196795163611195	0.23145017024794554	0.21483005681867887	0.003114525898772369	0.9235801952729301	0.0	0.1649853114459633	0.00651030942845316	0.02043844286286185	0.2702633062657054	0.05838036695043771	0.015616136959534233	0.014729971777980851	0.4884034814214647
252900	0.6619767887113162	0.305143908954	0.0	0.02196795163611195	0.23145017024794554	0.21483005681867887	0.003114525898772369	0.9235801952729301	0.0	0.1649853114459633	0.00651030942845316	0.02043844286286185	0.2702633062657054	0.05838036695043771	0.015616136959534233	0.014729971777980851	0.4884034814214647
253800	0.6619767887113162	0.322937948019	0.0	0.02196795163611195	0.23145017024794554	0.21483005681867887	0.003114525898772369	0.9235801952729301	0.0	0.28377473568705686	0.00651030942845316	0.02043844286286185	0.2702633062657054	0.05838036695043771	0.015616136959534233	0.014729971777980851	0.4884034814214647
254700	0.6619767887113162	0.320432227059	0.0	0.02196795163611195	0.23145017024794554	0.21483005681867887	0.003114525898772369	0.9235801952729301	0.0	0.28377473568705686	0.00651030942845316	0.02043844286286185	0.2702633062657054	0.05838036695043771	0.015616136959534233	0.014729971777980851	0.4884034814214647
255600	0.6619767887113162	0.281624255718	0.0	0.02196795163611195	0.23145017024794554	0.21483005681867887	0.003114525898772369	0.9235801952729301	0.0	0.28377473568705686	0.00651030942845316	0.02043844286286185	0.2702633062657054	0.05838036695043771	0.015616136959534233	0.014729971777980851	0.4884034814214647
256500	0.6619767887113162	0.243080784093	0.0	0.02196795163611195	0.23145017024794554	0.21483005681867887	0.003114525898772369	0.9235801952729301	0.0	0.28377473568705686	0.010025876519817867	0.02043844286286185	0.2702633062657054	0.05838036695043771	0.015616136959534233	0.014729971777980851	0.4884034814214647
257400	0.6619767887113162	0.245753633842	0.0	0.02196795163611195	0.23145017024794554	0.21483005681867887	0.003114525898772369	0.9235801952729301	0.0	0.28377473568705686	0.010025876519817867	0.02043844286286185	0.2702633062657054	0.05838036695043771	0.015616136959534233	0.014729971777980851	0.4884034814214647
258300	0.6619767887113162	0.231200425542	0.0	0.02196795163611195	0.23145017024794554	0.21483005681867887	0.003114525898772369	0.9235801952729301	0.0	0.28377473568705686	0.010025876519817867	0.02043844286286185	0.19458958051130787	0.05838036695043771	0.015616136959534233	0.014729971777980851	0.4884034814214647
259200	0.6619767887113162	0.212913212158	0.0	0.02196795163611195	0.23145017024794554	0.21483005681867887	0.003114525898772369	0.9235801952729301	0.0	0.28377473568705686	0.010025876519817867	0.02043844286286185	0.19458958051130787	0.05838036695043771	0.015616136959534233	0.014729971777980851	0.4884034814214647
260100	0.6619767887113162	0.193587967609	0.0	0.02196795163611195	0.23145017024794554	0.21483005681867887	0.003114525898772369	0.9235801952729301	0.0	0.28377473568705686	0.010025876519817867	0.02043844286286185	0.19458958051130787	0.05838036695043771	0.015616136959534233	0.014729971777980851	0.4884034814214647
261000	0.6619767887113162	0.203441898783	0.0	0.02196795163611195	0.23145017024794554	0.21483005681867887	0.003114525898772369	0.9235801952729301	0.0	0.28377473568705686	0.010025876519817867	0.030862048722921392	0.19458958051130787	0.05838036695043771	0.015616136959534233	0.014729971777980851	0.4884034814214647
261900	0.6619767887113162	0.199985465393	0.0	0.02196795163611195	0.23145017024794554	0.21483005681867887	0.003114525898772369	0.9235801952729301	0.0	0.28377473568705686	0.010025876519817867	0.030862048722921392	0.19458958051130787	0.05838036695043771	0.015616136959534233	0.014729971777980851	0.4884034814214647
262800	0.6619767887113162	0.142475888007	0.0	0.02196795163611195	0.23145017024794554	0.21483005681867887	0.004017738409416356	0.9235801952729301	0.0	0.28377473568705686	0.010025876519817867	0.030862048722921392	0.19458958051130787	0.05838036695043771	0.015616136959534233	0.014729971777980851	0.4884034814214647
263700	0.6619767887113162	0.158503513082	0.0	0.02196795163611195	0.23145017024794554	0.21483005681867887	0.004017738409416356	0.9235801952729301	0.0	0.28377473568705686	0.010025876519817867	0.030862048722921392	0.19458958051130787	0.05838036695043771	0.015616136959534233	0.014729971777980851	0.4884034814214647
264600	0.6619767887113162	0.140662653261	0.0	0.02196795163611195	0.06480604766942476	0.21483005681867887	0.004017738409416356	0.9235801952729301	0.0	0.28377473568705686	0.010025876519817867	0.030862048722921392	0.19458958051130787	0.05838036695043771	0.015616136959534233	0.014729971777980851	0.4884034814214647
265500	0.6619767887113162	0.146153002444	0.0	0.02196795163611195	0.06480604766942476	0.21483005681867887	0.004017738409416356	0.9235801952729301	0.0	0.28377473568705686	0.010025876519817867	0.030862048722921392	0.19458958051130787	0.05838036695043771	0.015616136959534233	0.014729971777980851	0.4884034814214647
266400	0.6619767887113162	0.126956421598	0.0	0.02196795163611195	0.06480604766942476	0.21483005681867887	0.004017738409416356	0.9235801952729301	0.0	0.28377473568705686	0.010025876519817867	0.030862048722921392	0.19458958051130787	0.05838036695043771	0.015616136959534233	0.014729971777980851	0.4884034814214647
267300	0.6619767887113162	0.112629739603	0.0	0.02196795163611195	0.06480604766942476	0.3200967846598315	0.004017738409416356	0.9235801952729301	0.0	0.28377473568705686	0.010025876519817867	0.030862048722921392	0.19458958051130787	0.05838036695043771	0.015616136959534233	0.014729971777980851	0.4884034814214647
