time	sensor_1	sensor_2	sensor_3	sensor_4	sensor_5	sensor_6	sensor_7	sensor_8	sensor_9	sensor_10	sensor_11	sensor_12	sensor_13	sensor_14	sensor_15	sensor_16	sensor_17
0	0	0	0	0	0	0	0	0	0	0	0	0	0	0	0	0	0
900	-4,93783338149e-06	-4,93783338149e-06	-4,93783338149e-06	-4,93783338149e-06	-5,42833083877e-06	-5,42833083877e-06	-5,42833083877e-06	-6,10762836712e-06	-6,10762836712e-06	-6,10762836712e-06	-6,10762836712e-06	-6,10762836712e-06	-6,10762836712e-06	-6,26091760821e-06	-6,26091760821e-06	-6,26091760821e-06	-6,26091760821e-06
1800	1,08783510719e-05	1,08783510719e-05	1,08783510719e-05	1,08783510719e-05	1,19034694859e-05	1,19034694859e-05	1,19034694859e-05	1,37328699514e-05	1,37328699514e-05	1,37328699514e-05	1,37328699514e-05	1,37328699514e-05	1,37328699514e-05	1,41840532597e-05	1,41840532597e-05	1,41840532597e-05	1,41840532597e-05
2700	-1,3624190546e-05	-1,3624190546e-05	-1,3624190546e-05	-1,3624190546e-05	-1,49120087918e-05	-1,49120087918e-05	-1,49120087918e-05	-1,7179495659e-05	-1,7179495659e-05	-1,7179495659e-05	-1,7179495659e-05	-1,7179495659e-05	-1,7179495659e-05	-1,77089822421e-05	-1,77089822421e-05	-1,77089822421e-05	-1,77089822421e-05
3600	1,22218312086e-07	1,22218312086e-07	1,22218312086e-07	1,22218312086e-07	1,11630395681e-07	1,11630395681e-07	1,11630395681e-07	2,64814468361e-07	2,64814468361e-07	2,64814468361e-07	2,64814468361e-07	2,64814468361e-07	2,64814468361e-07	2,8442394477e-07	2,8442394477e-07	2,8442394477e-07	2,8442394477e-07
4500	2,19278957225e-06	2,19278957225e-06	2,19278957225e-06	2,19278957225e-06	2,42332846808e-06	2,42332846808e-06	2,42332846808e-06	2,64867565468e-06	2,64867565468e-06	2,64867565468e-06	2,64867565468e-06	2,64867565468e-06	2,64867565468e-06	2,70194582175e-06	2,70194582175e-06	2,70194582175e-06	2,70194582175e-06
5400	2,59868334984e-06	2,59868334984e-06	2,59868334984e-06	2,59868334984e-06	2,8616531162e-06	2,8616531162e-06	2,8616531162e-06	3,19016952401e-06	3,19016952401e-06	3,19016952401e-06	3,19016952401e-06	3,19016952401e-06	3,19016952401e-06	3,23388090557e-06	3,23388090557e-06	3,23388090557e-06	3,23388090557e-06
6300	1,32953506297e-06	1,32953506297e-06	1,32953506297e-06	1,32953506297e-06	1,46552399804e-06	1,46552399804e-06	1,46552399804e-06	1,62490707337e-06	1,62490707337e-06	1,62490707337e-06	1,62490707337e-06	1,62490707337e-06	1,62490707337e-06	1,64936417953e-06	1,64936417953e-06	1,64936417953e-06	1,64936417953e-06
7200	-1,8144090484e-06	-1,8144090484e-06	-1,8144090484e-06	-1,8144090484e-06	-1,99165047112e-06	-1,99165047112e-06	-1,99165047112e-06	-2,25921114928e-06	-2,25921114928e-06	-2,25921114928e-06	-2,25921114928e-06	-2,25921114928e-06	-2,25921114928e-06	-2,2865820557e-06	-2,2865820557e-06	-2,2865820557e-06	-2,2865820557e-06
8100	2,88679778779e-06	2,88679778779e-06	2,88679778779e-06	2,88679778779e-06	3,15136784889e-06	3,15136784889e-06	3,15136784889e-06	3,68163668761e-06	3,68163668761e-06	3,68163668761e-06	3,68163668761e-06	3,68163668761e-06	3,68163668761e-06	3,79541052705e-06	3,79541052705e-06	3,79541052705e-06	3,79541052705e-06
9000	6,15886488214e-07	6,15886488214e-07	6,15886488214e-07	6,15886488214e-07	6,71597749681e-07	6,71597749681e-07	6,71597749681e-07	7,89130502088e-07	7,89130502088e-07	7,89130502088e-07	7,89130502088e-07	7,89130502088e-07	7,89130502088e-07	8,375164057e-07	8,375164057e-07	8,375164057e-07	8,375164057e-07
9900	-1,91148016282e-07	-1,91148016282e-07	-1,91148016282e-07	-1,91148016282e-07	-1,94699189947e-07	-1,94699189947e-07	-1,94699189947e-07	-3,13613985593e-07	-3,13613985593e-07	-3,13613985593e-07	-3,13613985593e-07	-3,13613985593e-07	-3,13613985593e-07	-3,44483449132e-07	-3,44483449132e-07	-3,44483449132e-07	-3,44483449132e-07
10800	1,09745218286e-06	1,09745218286e-06	1,09745218286e-06	1,09745218286e-06	1,19501182911e-06	1,19501182911e-06	1,19501182911e-06	1,41471991463e-06	1,41471991463e-06	1,41471991463e-06	1,41471991463e-06	1,41471991463e-06	1,41471991463e-06	1,44554713805e-06	1,44554713805e-06	1,44554713805e-06	1,44554713805e-06
11700	-5,56630393782e-07	-5,56630393782e-07	-5,56630393782e-07	-5,56630393782e-07	-6,13509690172e-07	-6,13509690172e-07	-6,13509690172e-07	-6,80565309769e-07	-6,80565309769e-07	-6,80565309769e-07	-6,80565309769e-07	-6,80565309769e-07	-6,80565309769e-07	-6,99777729051e-07	-6,99777729051e-07	-6,99777729051e-07	-6,99777729051e-07
12600	-8,06866996102e-07	-8,06866996102e-07	-8,06866996102e-07	-8,06866996102e-07	-8,82093872814e-07	-8,82093872814e-07	-8,82093872814e-07	-1,02263189104e-06	-1,02263189104e-06	-1,02263189104e-06	-1,02263189104e-06	-1,02263189104e-06	-1,02263189104e-06	-1,05039547697e-06	-1,05039547697e-06	-1,05039547697e-06	-1,05039547697e-06
13500	-8,13734840262e-07	-8,13734840262e-07	-8,13734840262e-07	-8,13734840262e-07	-8,93065769293e-07	-8,93065769293e-07	-8,93065769293e-07	-1,0140175679e-06	-1,0140175679e-06	-1,0140175679e-06	-1,0140175679e-06	-1,0140175679e-06	-1,0140175679e-06	-1,02676648085e-06	-1,02676648085e-06	-1,02676648085e-06	-1,02676648085e-06
14400	1,48048106465e-06	1,48048106465e-06	1,48048106465e-06	1,48048106465e-06	1,62204978326e-06	1,62204978326e-06	1,62204978326e-06	1,85868471141e-06	1,85868471141e-06	1,85868471141e-06	1,85868471141e-06	1,85868471141e-06	1,85868471141e-06	1,91496844222e-06	1,91496844222e-06	1,91496844222e-06	1,91496844222e-06
15300	1,22015208158e-06	1,22015208158e-06	1,22015208158e-06	1,22015208158e-06	1,34098394955e-06	1,34098394955e-06	1,34098394955e-06	1,51106856e-06	1,51106856e-06	1,51106856e-06	1,51106856e-06	1,51106856e-06	1,51106856e-06	1,53419210718e-06	1,53419210718e-06	1,53419210718e-06	1,53419210718e-06
16200	-1,72682309681e-06	-1,72682309681e-06	-1,72682309681e-06	-1,72682309681e-06	-1,88364680125e-06	-1,88364680125e-06	-1,88364680125e-06	-2,20946272685e-06	-2,20946272685e-06	-2,20946272685e-06	-2,20946272685e-06	-2,20946272685e-06	-2,20946272685e-06	-2,28414041702e-06	-2,28414041702e-06	-2,28414041702e-06	-2,28414041702e-06
17100	6,19090086253e-07	6,19090086253e-07	6,19090086253e-07	6,19090086253e-07	6,69256220675e-07	6,69256220675e-07	6,69256220675e-07	8,22409822014e-07	8,22409822014e-07	8,22409822014e-07	8,22409822014e-07	8,22409822014e-07	8,22409822014e-07	8,46162516572e-07	8,46162516572e-07	8,46162516572e-07	8,46162516572e-07
18000	-1,7944336724e-08	-1,7944336724e-08	-1,7944336724e-08	-1,7944336724e-08	-2,35956553572e-08	-2,35956553572e-08	-2,35956553572e-08	-2,85130088696e-09	-2,85130088696e-09	-2,85130088696e-09	-2,85130088696e-09	-2,85130088696e-09	-2,85130088696e-09	4,51977569699e-08	4,51977569699e-08	4,51977569699e-08	4,51977569699e-08
18900	-3,18307825996e-07	-3,18307825996e-07	-3,18307825996e-07	-3,18307825996e-07	-3,4914115042e-07	-3,4914115042e-07	-3,4914115042e-07	-3,97644586038e-07	-3,97644586038e-07	-3,97644586038e-07	-3,97644586038e-07	-3,97644586038e-07	-3,97644586038e-07	-4,20380061711e-07	-4,20380061711e-07	-4,20380061711e-07	-4,20380061711e-07
19800	7,98952224478e-07	7,98952224478e-07	7,98952224478e-07	7,98952224478e-07	8,72352773355e-07	8,72352773355e-07	8,72352773355e-07	1,01804266213e-06	1,01804266213e-06	1,01804266213e-06	1,01804266213e-06	1,01804266213e-06	1,01804266213e-06	1,04159713532e-06	1,04159713532e-06	1,04159713532e-06	1,04159713532e-06
20700	-9,36811632869e-07	-9,36811632869e-07	-9,36811632869e-07	-9,36811632869e-07	-1,02184201281e-06	-1,02184201281e-06	-1,02184201281e-06	-1,19888344196e-06	-1,19888344196e-06	-1,19888344196e-06	-1,19888344196e-06	-1,19888344196e-06	-1,19888344196e-06	-1,24630726924e-06	-1,24630726924e-06	-1,24630726924e-06	-1,24630726924e-06
21600	-9,62021646189e-07	-9,62021646189e-07	-9,62021646189e-07	-9,62021646189e-07	-1,04612959852e-06	-1,04612959852e-06	-1,04612959852e-06	-1,24719908582e-06	-1,24719908582e-06	-1,24719908582e-06	-1,24719908582e-06	-1,24719908582e-06	-1,24719908582e-06	-1,31001705596e-06	-1,31001705596e-06	-1,31001705596e-06	-1,31001705596e-06
22500	-7,62037562116e-07	-7,62037562116e-07	-7,62037562116e-07	-7,62037562116e-07	-8,4034826503e-07	-8,4034826503e-07	-8,4034826503e-07	-9,29497472786e-07	-9,29497472786e-07	-9,29497472786e-07	-9,29497472786e-07	-9,29497472786e-07	-9,29497472786e-07	-9,26777593073e-07	-9,26777593073e-07	-9,26777593073e-07	-9,26777593073e-07
23400	-5,33116402952e-07	-5,33116402952e-07	-5,33116402952e-07	-5,33116402952e-07	-5,86398806227e-07	-5,86398806227e-07	-5,86398806227e-07	-6,57786455599e-07	-6,57786455599e-07	-6,57786455599e-07	-6,57786455599e-07	-6,57786455599e-07	-6,57786455599e-07	-6,59662377718e-07	-6,59662377718e-07	-6,59662377718e-07	-6,59662377718e-07
24300	4,57360731695e-07	4,57360731695e-07	4,57360731695e-07	4,57360731695e-07	4,9461334791e-07	4,9461334791e-07	4,9461334791e-07	6,06607082051e-07	6,06607082051e-07	6,06607082051e-07	6,06607082051e-07	6,06607082051e-07	6,06607082051e-07	6,25609529538e-07	6,25609529538e-07	6,25609529538e-07	6,25609529538e-07
25200	-1,64478586077e-06	-1,64478586077e-06	-1,64478586077e-06	-1,64478586077e-06	-1,80022505939e-06	-1,80022505939e-06	-1,80022505939e-06	-2,07416736925e-06	-2,07416736925e-06	-2,07416736925e-06	-2,07416736925e-06	-2,07416736925e-06	-2,07416736925e-06	-2,16041147942e-06	-2,16041147942e-06	-2,16041147942e-06	-2,16041147942e-06
26100	-3,7036105948e-07	-3,7036105948e-07	-3,7036105948e-07	-3,7036105948e-07	-3,9364020462e-07	-3,9364020462e-07	-3,9364020462e-07	-5,25653784229e-07	-5,25653784229e-07	-5,25653784229e-07	-5,25653784229e-07	-5,25653784229e-07	-5,25653784229e-07	-5,55355654057e-07	-5,55355654057e-07	-5,55355654057e-07	-5,55355654057e-07
27000	1,43135922807e-07	1,43135922807e-07	1,43135922807e-07	1,43135922807e-07	1,55122594013e-07	1,55122594013e-07	1,55122594013e-07	1,88203824537e-07	1,88203824537e-07	1,88203824537e-07	1,88203824537e-07	1,88203824537e-07	1,88203824537e-07	2,12136462005e-07	2,12136462005e-07	2,12136462005e-07	2,12136462005e-07
27900	-1,90063399429e-06	-1,90063399429e-06	-1,90063399429e-06	-1,90063399429e-06	-2,07501839501e-06	-2,07501839501e-06	-2,07501839501e-06	-2,42297386453e-06	-2,42297386453e-06	-2,42297386453e-06	-2,42297386453e-06	-2,42297386453e-06	-2,42297386453e-06	-2,51986501929e-06	-2,51986501929e-06	-2,51986501929e-06	-2,51986501929e-06
28800	-3,76114972819e-06	-3,76114972819e-06	-3,76114972819e-06	-3,76114972819e-06	-4,11497288566e-06	-4,11497288566e-06	-4,11497288566e-06	-4,75112784503e-06	-4,75112784503e-06	-4,75112784503e-06	-4,75112784503e-06	-4,75112784503e-06	-4,75112784503e-06	-4,90248041503e-06	-4,90248041503e-06	-4,90248041503e-06	-4,90248041503e-06
29700	-3,2633775964e-06	-3,2633775964e-06	-3,2633775964e-06	-3,2633775964e-06	-3,62770072211e-06	-3,62770072211e-06	-3,62770072211e-06	-3,83570155656e-06	-3,83570155656e-06	-3,83570155656e-06	-3,83570155656e-06	-3,83570155656e-06	-3,83570155656e-06	-3,85094194538e-06	-3,85094194538e-06	-3,85094194538e-06	-3,85094194538e-06
30600	-9,7948439628e-06	-9,7948439628e-06	-9,7948439628e-06	-9,7948439628e-06	-1,06459887609e-05	-1,06459887609e-05	-1,06459887609e-05	-1,27243947481e-05	-1,27243947481e-05	-1,27243947481e-05	-1,27243947481e-05	-1,27243947481e-05	-1,27243947481e-05	-1,33102164414e-05	-1,33102164414e-05	-1,33102164414e-05	-1,33102164414e-05
31500	3,99509613918e-06	3,99509613918e-06	3,99509613918e-06	3,99509613918e-06	4,34966191226e-06	4,34966191226e-06	4,34966191226e-06	5,15297894463e-06	5,15297894463e-06	5,15297894463e-06	5,15297894463e-06	5,15297894463e-06	5,15297894463e-06	5,39248357261e-06	5,39248357261e-06	5,39248357261e-06	5,39248357261e-06
32400	5,67237862841e-06	5,67237862841e-06	5,67237862841e-06	5,67237862841e-06	6,22617195218e-06	6,22617195218e-06	6,22617195218e-06	7,06453996965e-06	7,06453996965e-06	7,06453996965e-06	7,06453996965e-06	7,06453996965e-06	7,06453996965e-06	7,26379360349e-06	7,26379360349e-06	7,26379360349e-06	7,26379360349e-06
33300	-1,8460262578e-06	-1,8460262578e-06	-1,8460262578e-06	-1,8460262578e-06	-2,02331529665e-06	-2,02331529665e-06	-2,02331529665e-06	-2,31378394377e-06	-2,31378394377e-06	-2,31378394377e-06	-2,31378394377e-06	-2,31378394377e-06	-2,31378394377e-06	-2,39956725264e-06	-2,39956725264e-06	-2,39956725264e-06	-2,39956725264e-06
34200	2,64546006891e-06	2,64546006891e-06	2,64546006891e-06	2,64546006891e-06	2,77996531291e-06	2,77996531291e-06	2,77996531291e-06	3,55569417727e-06	3,55569417727e-06	3,55569417727e-06	3,55569417727e-06	3,55569417727e-06	3,55569417727e-06	3,75144372437e-06	3,75144372437e-06	3,75144372437e-06	3,75144372437e-06
35100	-1,03800764149e-05	-1,03800764149e-05	-1,03800764149e-05	-1,03800764149e-05	-1,13303916884e-05	-1,13303916884e-05	-1,13303916884e-05	-1,28851990259e-05	-1,28851990259e-05	-1,28851990259e-05	-1,28851990259e-05	-1,28851990259e-05	-1,28851990259e-05	-1,32799109036e-05	-1,32799109036e-05	-1,32799109036e-05	-1,32799109036e-05
36000	1,82334352738e-05	1,82334352738e-05	1,82334352738e-05	1,82334352738e-05	1,98888470494e-05	1,98888470494e-05	1,98888470494e-05	2,24657033896e-05	2,24657033896e-05	2,24657033896e-05	2,24657033896e-05	2,24657033896e-05	2,24657033896e-05	2,29734589671e-05	2,29734589671e-05	2,29734589671e-05	2,29734589671e-05
36900	-3,38901587155e-06	-3,38901587155e-06	-3,38901587155e-06	-3,38901587155e-06	-3,59128262969e-06	-3,59128262969e-06	-3,59128262969e-06	-4,85815503497e-06	-4,85815503497e-06	-4,85815503497e-06	-4,85815503497e-06	-4,85815503497e-06	-4,85815503497e-06	-5,11054233628e-06	-5,11054233628e-06	-5,11054233628e-06	-5,11054233628e-06
37800	-6,62979379376e-06	-6,62979379376e-06	-6,62979379376e-06	-6,62979379376e-06	-7,25947678116e-06	-7,25947678116e-06	-7,25947678116e-06	-8,2941566648e-06	-8,2941566648e-06	-8,2941566648e-06	-8,2941566648e-06	-8,2941566648e-06	-8,2941566648e-06	-8,61668516982e-06	-8,61668516982e-06	-8,61668516982e-06	-8,61668516982e-06
38700	2,83832504623e-05	2,83832504623e-05	2,83832504623e-05	2,83832504623e-05	3,09891833484e-05	3,09891833484e-05	3,09891833484e-05	3,55543473169e-05	3,55543473169e-05	3,55543473169e-05	3,55543473169e-05	3,55543473169e-05	3,55543473169e-05	3,6773449782e-05	3,6773449782e-05	3,6773449782e-05	3,6773449782e-05
39600	6,38396126632e-06	6,38396126632e-06	6,38396126632e-06	6,38396126632e-06	7,00402000489e-06	7,00402000489e-06	7,00402000489e-06	7,3145065241e-06	7,3145065241e-06	7,3145065241e-06	7,3145065241e-06	7,3145065241e-06	7,3145065241e-06	7,28459189207e-06	7,28459189207e-06	7,28459189207e-06	7,28459189207e-06
40500	6,46862978004e-06	6,46862978004e-06	6,46862978004e-06	6,46862978004e-06	6,9675478951e-06	6,9675478951e-06	6,9675478951e-06	8,68241479664e-06	8,68241479664e-06	8,68241479664e-06	8,68241479664e-06	8,68241479664e-06	8,68241479664e-06	9,12341677683e-06	9,12341677683e-06	9,12341677683e-06	9,12341677683e-06
41400	6,03762370222e-06	6,03762370222e-06	6,03762370222e-06	6,03762370222e-06	6,67369214162e-06	6,67369214162e-06	6,67369214162e-06	7,1690966125e-06	7,1690966125e-06	7,1690966125e-06	7,1690966125e-06	7,1690966125e-06	7,1690966125e-06	7,13773580676e-06	7,13773580676e-06	7,13773580676e-06	7,13773580676e-06
42300	8,27450986992e-05	8,27450986992e-05	8,27450986992e-05	8,27450986992e-05	9,03223567803e-05	9,03223567803e-05	9,03223567803e-05	0,000102480949681	0,000102480949681	0,000102480949681	0,000102480949681	0,000102480949681	0,000102480949681	0,000105146984735	0,000105146984735	0,000105146984735	0,000105146984735
43200	-1,07424468252e-05	-1,07424468252e-05	-1,07424468252e-05	-1,07424468252e-05	-1,17010258064e-05	-1,17010258064e-05	-1,17010258064e-05	-1,35633384752e-05	-1,35633384752e-05	-1,35633384752e-05	-1,35633384752e-05	-1,35633384752e-05	-1,35633384752e-05	-1,39752712727e-05	-1,39752712727e-05	-1,39752712727e-05	-1,39752712727e-05
44100	-4,76097896682e-05	-4,76097896682e-05	-4,76097896682e-05	-4,76097896682e-05	-5,21191031195e-05	-5,21191031195e-05	-5,21191031195e-05	-5,8322615021e-05	-5,8322615021e-05	-5,8322615021e-05	-5,8322615021e-05	-5,8322615021e-05	-5,8322615021e-05	-5,9742797127e-05	-5,9742797127e-05	-5,9742797127e-05	-5,9742797127e-05
45000	2,95778188033e-05	2,95778188033e-05	2,95778188033e-05	2,95778188033e-05	3,21969846332e-05	3,21969846332e-05	3,21969846332e-05	3,62354844354e-05	3,62354844354e-05	3,62354844354e-05	3,62354844354e-05	3,62354844354e-05	3,62354844354e-05	3,7423534974e-05	3,7423534974e-05	3,7423534974e-05	3,7423534974e-05
45900	-1,80468888858e-06	-1,80468888858e-06	-1,80468888858e-06	-1,80468888858e-06	-2,07524731199e-06	-2,07524731199e-06	-2,07524731199e-06	-1,6094619042e-06	-1,6094619042e-06	-1,6094619042e-06	-1,6094619042e-06	-1,6094619042e-06	-1,6094619042e-06	-1,67853077632e-06	-1,67853077632e-06	-1,67853077632e-06	-1,67853077632e-06
46800	-2,04971137499e-05	-2,04971137499e-05	-2,04971137499e-05	-2,04971137499e-05	-2,23509244484e-05	-2,23509244484e-05	-2,23509244484e-05	-2,58014493277e-05	-2,58014493277e-05	-2,58014493277e-05	-2,58014493277e-05	-2,58014493277e-05	-2,58014493277e-05	-2,65870844553e-05	-2,65870844553e-05	-2,65870844553e-05	-2,65870844553e-05
47700	6,14673529898e-05	6,14673529898e-05	6,14673529898e-05	6,14673529898e-05	6,73555491264e-05	6,73555491264e-05	6,73555491264e-05	7,50873699937e-05	7,50873699937e-05	7,50873699937e-05	7,50873699937e-05	7,50873699937e-05	7,50873699937e-05	7,68634748618e-05	7,68634748618e-05	7,68634748618e-05	7,68634748618e-05
48600	-4,01429849139e-05	-4,01429849139e-05	-4,01429849139e-05	-4,01429849139e-05	-4,38081154451e-05	-4,38081154451e-05	-4,38081154451e-05	-4,98652227935e-05	-4,98652227935e-05	-4,98652227935e-05	-4,98652227935e-05	-4,98652227935e-05	-4,98652227935e-05	-5,10627527377e-05	-5,10627527377e-05	-5,10627527377e-05	-5,10627527377e-05
49500	-2,35319876098e-05	-2,35319876098e-05	-2,35319876098e-05	-2,35319876098e-05	-2,56713691088e-05	-2,56713691088e-05	-2,56713691088e-05	-2,81997148421e-05	-2,81997148421e-05	-2,81997148421e-05	-2,81997148421e-05	-2,81997148421e-05	-2,81997148421e-05	-2,88596401651e-05	-2,88596401651e-05	-2,88596401651e-05	-2,88596401651e-05
50400	7,91749822991e-05	7,91749822991e-05	7,91749822991e-05	7,91749822991e-05	8,64003337567e-05	8,64003337567e-05	8,64003337567e-05	9,81528728745e-05	9,81528728745e-05	9,81528728745e-05	9,81528728745e-05	9,81528728745e-05	9,81528728745e-05	0,000100795198003	0,000100795198003	0,000100795198003	0,000100795198003
51300	-7,87167209845e-05	-7,87167209845e-05	-7,87167209845e-05	-7,87167209845e-05	-8,59438041993e-05	-8,59438041993e-05	-8,59438041993e-05	-9,71406015303e-05	-9,71406015303e-05	-9,71406015303e-05	-9,71406015303e-05	-9,71406015303e-05	-9,71406015303e-05	-9,95420683733e-05	-9,95420683733e-05	-9,95420683733e-05	-9,95420683733e-05
52200	-4,50623557574e-05	-4,50623557574e-05	-4,50623557574e-05	-4,50623557574e-05	-4,9213012602e-05	-4,9213012602e-05	-4,9213012602e-05	-5,5924596525e-05	-5,5924596525e-05	-5,5924596525e-05	-5,5924596525e-05	-5,5924596525e-05	-5,5924596525e-05	-5,7521689077e-05	-5,7521689077e-05	-5,7521689077e-05	-5,7521689077e-05
53100	-2,43218209991e-05	-2,43218209991e-05	-2,43218209991e-05	-2,43218209991e-05	-2,65229458345e-05	-2,65229458345e-05	-2,65229458345e-05	-3,00844645329e-05	-3,00844645329e-05	-3,00844645329e-05	-3,00844645329e-05	-3,00844645329e-05	-3,00844645329e-05	-3,08487326842e-05	-3,08487326842e-05	-3,08487326842e-05	-3,08487326842e-05
54000	6,24862146321e-07	6,24862146321e-07	6,24862146321e-07	6,24862146321e-07	6,55947989031e-07	6,55947989031e-07	6,55947989031e-07	7,49129085918e-07	7,49129085918e-07	7,49129085918e-07	7,49129085918e-07	7,49129085918e-07	7,49129085918e-07	8,03045168412e-07	8,03045168412e-07	8,03045168412e-07	8,03045168412e-07
54900	4,51362535281e-05	4,51362535281e-05	4,51362535281e-05	4,51362535281e-05	4,92331925771e-05	4,92331925771e-05	4,92331925771e-05	5,6084146619e-05	5,6084146619e-05	5,6084146619e-05	5,6084146619e-05	5,6084146619e-05	5,6084146619e-05	5,77238444528e-05	5,77238444528e-05	5,77238444528e-05	5,77238444528e-05
55800	-3,88292484098e-05	-3,88292484098e-05	-3,88292484098e-05	-3,88292484098e-05	-4,22781019826e-05	-4,22781019826e-05	-4,22781019826e-05	-4,82050368347e-05	-4,82050368347e-05	-4,82050368347e-05	-4,82050368347e-05	-4,82050368347e-05	-4,82050368347e-05	-4,97239945885e-05	-4,97239945885e-05	-4,97239945885e-05	-4,97239945885e-05
56700	-2,29632162502e-05	-2,29632162502e-05	-2,29632162502e-05	-2,29632162502e-05	-2,50635005714e-05	-2,50635005714e-05	-2,50635005714e-05	-2,86092298747e-05	-2,86092298747e-05	-2,86092298747e-05	-2,86092298747e-05	-2,86092298747e-05	-2,86092298747e-05	-2,94972665945e-05	-2,94972665945e-05	-2,94972665945e-05	-2,94972665945e-05
57600	1,22300949561e-05	1,22300949561e-05	1,22300949561e-05	1,22300949561e-05	1,33410595943e-05	1,33410595943e-05	1,33410595943e-05	1,54437267102e-05	1,54437267102e-05	1,54437267102e-05	1,54437267102e-05	1,54437267102e-05	1,54437267102e-05	1,60763002544e-05	1,60763002544e-05	1,60763002544e-05	1,60763002544e-05
58500	-1,5151421072e-05	-1,5151421072e-05	-1,5151421072e-05	-1,5151421072e-05	-1,65870416677e-05	-1,65870416677e-05	-1,65870416677e-05	-1,89077656364e-05	-1,89077656364e-05	-1,89077656364e-05	-1,89077656364e-05	-1,89077656364e-05	-1,89077656364e-05	-1,93314473229e-05	-1,93314473229e-05	-1,93314473229e-05	-1,93314473229e-05
59400	-4,00719632595e-06	-4,00719632595e-06	-4,00719632595e-06	-4,00719632595e-06	-4,38509622552e-06	-4,38509622552e-06	-4,38509622552e-06	-5,06275974124e-06	-5,06275974124e-06	-5,06275974124e-06	-5,06275974124e-06	-5,06275974124e-06	-5,06275974124e-06	-5,30231688755e-06	-5,30231688755e-06	-5,30231688755e-06	-5,30231688755e-06
60300	1,05739761485e-06	1,05739761485e-06	1,05739761485e-06	1,05739761485e-06	1,09159192836e-06	1,09159192836e-06	1,09159192836e-06	1,66398394217e-06	1,66398394217e-06	1,66398394217e-06	1,66398394217e-06	1,66398394217e-06	1,66398394217e-06	1,85954139204e-06	1,85954139204e-06	1,85954139204e-06	1,85954139204e-06
61200	-4,78840220619e-06	-4,78840220619e-06	-4,78840220619e-06	-4,78840220619e-06	-5,19965816807e-06	-5,19965816807e-06	-5,19965816807e-06	-6,25208853463e-06	-6,25208853463e-06	-6,25208853463e-06	-6,25208853463e-06	-6,25208853463e-06	-6,25208853463e-06	-6,54395798527e-06	-6,54395798527e-06	-6,54395798527e-06	-6,54395798527e-06
62100	5,5609535777e-06	5,5609535777e-06	5,5609535777e-06	5,5609535777e-06	6,07690187394e-06	6,07690187394e-06	6,07690187394e-06	7,0686107543e-06	7,0686107543e-06	7,0686107543e-06	7,0686107543e-06	7,0686107543e-06	7,0686107543e-06	7,24172247609e-06	7,24172247609e-06	7,24172247609e-06	7,24172247609e-06
63000	-7,6020270112e-07	-7,6020270112e-07	-7,6020270112e-07	-7,6020270112e-07	-8,36828206855e-07	-8,36828206855e-07	-8,36828206855e-07	-9,35747345229e-07	-9,35747345229e-07	-9,35747345229e-07	-9,35747345229e-07	-9,35747345229e-07	-9,35747345229e-07	-9,40517958321e-07	-9,40517958321e-07	-9,40517958321e-07	-9,40517958321e-07
63900	2,07979083818e-06	2,07979083818e-06	2,07979083818e-06	2,07979083818e-06	2,32451223125e-06	2,32451223125e-06	2,32451223125e-06	2,38439621562e-06	2,38439621562e-06	2,38439621562e-06	2,38439621562e-06	2,38439621562e-06	2,38439621562e-06	2,38028354166e-06	2,38028354166e-06	2,38028354166e-06	2,38028354166e-06
64800	3,97769215104e-06	3,97769215104e-06	3,97769215104e-06	3,97769215104e-06	4,36263874587e-06	4,36263874587e-06	4,36263874587e-06	4,99525091585e-06	4,99525091585e-06	4,99525091585e-06	4,99525091585e-06	4,99525091585e-06	4,99525091585e-06	5,1747946509e-06	5,1747946509e-06	5,1747946509e-06	5,1747946509e-06
65700	-7,52228752587e-06	-7,52228752587e-06	-7,52228752587e-06	-7,52228752587e-06	-8,23842593431e-06	-8,23842593431e-06	-8,23842593431e-06	-9,48887763762e-06	-9,48887763762e-06	-9,48887763762e-06	-9,48887763762e-06	-9,48887763762e-06	-9,48887763762e-06	-9,76439063498e-06	-9,76439063498e-06	-9,76439063498e-06	-9,76439063498e-06
66600	6,24569081276e-07	6,24569081276e-07	6,24569081276e-07	6,24569081276e-07	6,4489294912e-07	6,4489294912e-07	6,4489294912e-07	9,82243410061e-07	9,82243410061e-07	9,82243410061e-07	9,82243410061e-07	9,82243410061e-07	9,82243410061e-07	1,10569334097e-06	1,10569334097e-06	1,10569334097e-06	1,10569334097e-06
67500	3,60352227494e-06	3,60352227494e-06	3,60352227494e-06	3,60352227494e-06	3,93252379838e-06	3,93252379838e-06	3,93252379838e-06	4,60701845292e-06	4,60701845292e-06	4,60701845292e-06	4,60701845292e-06	4,60701845292e-06	4,60701845292e-06	4,83694679409e-06	4,83694679409e-06	4,83694679409e-06	4,83694679409e-06
68400	-1,4963534445e-05	-1,4963534445e-05	-1,4963534445e-05	-1,4963534445e-05	-1,64493314688e-05	-1,64493314688e-05	-1,64493314688e-05	-1,85337230841e-05	-1,85337230841e-05	-1,85337230841e-05	-1,85337230841e-05	-1,85337230841e-05	-1,85337230841e-05	-1,90434836817e-05	-1,90434836817e-05	-1,90434836817e-05	-1,90434836817e-05
69300	5,06894313329e-06	5,06894313329e-06	5,06894313329e-06	5,06894313329e-06	5,56827228611e-06	5,56827228611e-06	5,56827228611e-06	6,29909935995e-06	6,29909935995e-06	6,29909935995e-06	6,29909935995e-06	6,29909935995e-06	6,29909935995e-06	6,47866231285e-06	6,47866231285e-06	6,47866231285e-06	6,47866231285e-06
70200	-6,17116869963e-06	-6,17116869963e-06	-6,17116869963e-06	-6,17116869963e-06	-6,76513843615e-06	-6,76513843615e-06	-6,76513843615e-06	-7,73892258621e-06	-7,73892258621e-06	-7,73892258621e-06	-7,73892258621e-06	-7,73892258621e-06	-7,73892258621e-06	-8,03268654547e-06	-8,03268654547e-06	-8,03268654547e-06	-8,03268654547e-06
71100	-4,80307951662e-06	-4,80307951662e-06	-4,80307951662e-06	-4,80307951662e-06	-5,17005400264e-06	-5,17005400264e-06	-5,17005400264e-06	-6,50154961141e-06	-6,50154961141e-06	-6,50154961141e-06	-6,50154961141e-06	-6,50154961141e-06	-6,50154961141e-06	-6,86402924434e-06	-6,86402924434e-06	-6,86402924434e-06	-6,86402924434e-06
72000	-2,35455407525e-06	-2,35455407525e-06	-2,35455407525e-06	-2,35455407525e-06	-2,58713543072e-06	-2,58713543072e-06	-2,58713543072e-06	-2,92356588993e-06	-2,92356588993e-06	-2,92356588993e-06	-2,92356588993e-06	-2,92356588993e-06	-2,92356588993e-06	-2,96350369507e-06	-2,96350369507e-06	-2,96350369507e-06	-2,96350369507e-06
72900	9,93276858578e-06	9,93276858578e-06	9,93276858578e-06	9,93276858578e-06	1,08853711336e-05	1,08853711336e-05	1,08853711336e-05	1,24746968425e-05	1,24746968425e-05	1,24746968425e-05	1,24746968425e-05	1,24746968425e-05	1,24746968425e-05	1,2738645136e-05	1,2738645136e-05	1,2738645136e-05	1,2738645136e-05
73800	1,12074991615e-06	1,12074991615e-06	1,12074991615e-06	1,12074991615e-06	1,20268455227e-06	1,20268455227e-06	1,20268455227e-06	1,53563326384e-06	1,53563326384e-06	1,53563326384e-06	1,53563326384e-06	1,53563326384e-06	1,53563326384e-06	1,7649393446e-06	1,7649393446e-06	1,7649393446e-06	1,7649393446e-06
74700	2,57823629496e-06	2,57823629496e-06	2,57823629496e-06	2,57823629496e-06	2,81391109609e-06	2,81391109609e-06	2,81391109609e-06	3,29539209557e-06	3,29539209557e-06	3,29539209557e-06	3,29539209557e-06	3,29539209557e-06	3,29539209557e-06	3,41135787988e-06	3,41135787988e-06	3,41135787988e-06	3,41135787988e-06
75600	7,47789910402e-06	7,47789910402e-06	7,47789910402e-06	7,47789910402e-06	8,16690201014e-06	8,16690201014e-06	8,16690201014e-06	9,52972049659e-06	9,52972049659e-06	9,52972049659e-06	9,52972049659e-06	9,52972049659e-06	9,52972049659e-06	9,80053174638e-06	9,80053174638e-06	9,80053174638e-06	9,80053174638e-06
76500	-9,7370484069e-08	-9,7370484069e-08	-9,7370484069e-08	-9,7370484069e-08	-8,13465450986e-08	-8,13465450986e-08	-8,13465450986e-08	-2,49205733629e-07	-2,49205733629e-07	-2,49205733629e-07	-2,49205733629e-07	-2,49205733629e-07	-2,49205733629e-07	-2,97509850929e-07	-2,97509850929e-07	-2,97509850929e-07	-2,97509850929e-07
77400	5,30283058462e-06	5,30283058462e-06	5,30283058462e-06	5,30283058462e-06	5,84889241008e-06	5,84889241008e-06	5,84889241008e-06	6,48856228092e-06	6,48856228092e-06	6,48856228092e-06	6,48856228092e-06	6,48856228092e-06	6,48856228092e-06	6,6180776254e-06	6,6180776254e-06	6,6180776254e-06	6,6180776254e-06
78300	-2,67419570578e-06	-2,67419570578e-06	-2,67419570578e-06	-2,67419570578e-06	-2,94990416331e-06	-2,94990416331e-06	-2,94990416331e-06	-3,2801522827e-06	-3,2801522827e-06	-3,2801522827e-06	-3,2801522827e-06	-3,2801522827e-06	-3,2801522827e-06	-3,43440632176e-06	-3,43440632176e-06	-3,43440632176e-06	-3,43440632176e-06
79200	4,16631860382e-06	4,16631860382e-06	4,16631860382e-06	4,16631860382e-06	4,58520713974e-06	4,58520713974e-06	4,58520713974e-06	5,15096221284e-06	5,15096221284e-06	5,15096221284e-06	5,15096221284e-06	5,15096221284e-06	5,15096221284e-06	5,31437091466e-06	5,31437091466e-06	5,31437091466e-06	5,31437091466e-06
80100	1,25170647533e-06	1,25170647533e-06	1,25170647533e-06	1,25170647533e-06	1,38006369918e-06	1,38006369918e-06	1,38006369918e-06	1,52814375998e-06	1,52814375998e-06	1,52814375998e-06	1,52814375998e-06	1,52814375998e-06	1,52814375998e-06	1,54769993704e-06	1,54769993704e-06	1,54769993704e-06	1,54769993704e-06
81000	2,39009352202e-06	2,39009352202e-06	2,39009352202e-06	2,39009352202e-06	2,60656363988e-06	2,60656363988e-06	2,60656363988e-06	3,06106118474e-06	3,06106118474e-06	3,06106118474e-06	3,06106118474e-06	3,06106118474e-06	3,06106118474e-06	3,18914751277e-06	3,18914751277e-06	3,18914751277e-06	3,18914751277e-06
81900	-1,42985165252e-06	-1,42985165252e-06	-1,42985165252e-06	-1,42985165252e-06	-1,56575487814e-06	-1,56575487814e-06	-1,56575487814e-06	-1,7992421789e-06	-1,7992421789e-06	-1,7992421789e-06	-1,7992421789e-06	-1,7992421789e-06	-1,7992421789e-06	-1,84368439133e-06	-1,84368439133e-06	-1,84368439133e-06	-1,84368439133e-06
82800	5,36255091487e-06	5,36255091487e-06	5,36255091487e-06	5,36255091487e-06	5,88199370884e-06	5,88199370884e-06	5,88199370884e-06	6,69918234058e-06	6,69918234058e-06	6,69918234058e-06	6,69918234058e-06	6,69918234058e-06	6,69918234058e-06	6,85998947819e-06	6,85998947819e-06	6,85998947819e-06	6,85998947819e-06
83700	9,68910428899e-07	9,68910428899e-07	9,68910428899e-07	9,68910428899e-07	1,04934559374e-06	1,04934559374e-06	1,04934559374e-06	1,27750526028e-06	1,27750526028e-06	1,27750526028e-06	1,27750526028e-06	1,27750526028e-06	1,27750526028e-06	1,36574348811e-06	1,36574348811e-06	1,36574348811e-06	1,36574348811e-06
84600	5,20092625306e-07	5,20092625306e-07	5,20092625306e-07	5,20092625306e-07	5,6926479908e-07	5,6926479908e-07	5,6926479908e-07	6,5575987837e-07	6,5575987837e-07	6,5575987837e-07	6,5575987837e-07	6,5575987837e-07	6,5575987837e-07	6,60529095094e-07	6,60529095094e-07	6,60529095094e-07	6,60529095094e-07
85500	2,43542548119e-06	2,43542548119e-06	2,43542548119e-06	2,43542548119e-06	2,66081849917e-06	2,66081849917e-06	2,66081849917e-06	3,09503313761e-06	3,09503313761e-06	3,09503313761e-06	3,09503313761e-06	3,09503313761e-06	3,09503313761e-06	3,21344348299e-06	3,21344348299e-06	3,21344348299e-06	3,21344348299e-06
86400	4,85933476028e-06	4,85933476028e-06	4,85933476028e-06	4,85933476028e-06	5,29633270701e-06	5,29633270701e-06	5,29633270701e-06	6,23904249534e-06	6,23904249534e-06	6,23904249534e-06	6,23904249534e-06	6,23904249534e-06	6,23904249534e-06	6,45843905991e-06	6,45843905991e-06	6,45843905991e-06	6,45843905991e-06
87300	7,9057680477e-07	7,9057680477e-07	7,9057680477e-07	7,9057680477e-07	8,84068686541e-07	8,84068686541e-07	8,84068686541e-07	9,03066560528e-07	9,03066560528e-07	9,03066560528e-07	9,03066560528e-07	9,03066560528e-07	9,03066560528e-07	8,53379507626e-07	8,53379507626e-07	8,53379507626e-07	8,53379507626e-07
88200	5,67434685206e-09	5,67434685206e-09	5,67434685206e-09	5,67434685206e-09	-2,18118778084e-09	-2,18118778084e-09	-2,18118778084e-09	4,91145918207e-08	4,91145918207e-08	4,91145918207e-08	4,91145918207e-08	4,91145918207e-08	4,91145918207e-08	8,69529839223e-08	8,69529839223e-08	8,69529839223e-08	8,69529839223e-08
89100	2,08931126176e-06	2,08931126176e-06	2,08931126176e-06	2,08931126176e-06	2,28909806728e-06	2,28909806728e-06	2,28909806728e-06	2,62304846051e-06	2,62304846051e-06	2,62304846051e-06	2,62304846051e-06	2,62304846051e-06	2,62304846051e-06	2,7237936806e-06	2,7237936806e-06	2,7237936806e-06	2,7237936806e-06
90000	1,50242466429e-06	1,50242466429e-06	1,50242466429e-06	1,50242466429e-06	1,64719922091e-06	1,64719922091e-06	1,64719922091e-06	1,88069644662e-06	1,88069644662e-06	1,88069644662e-06	1,88069644662e-06	1,88069644662e-06	1,88069644662e-06	1,94869720266e-06	1,94869720266e-06	1,94869720266e-06	1,94869720266e-06
90900	-5,46307688992e-07	-5,46307688992e-07	-5,46307688992e-07	-5,46307688992e-07	-5,85327757021e-07	-5,85327757021e-07	-5,85327757021e-07	-7,51966245313e-07	-7,51966245313e-07	-7,51966245313e-07	-7,51966245313e-07	-7,51966245313e-07	-7,51966245313e-07	-8,21025845951e-07	-8,21025845951e-07	-8,21025845951e-07	-8,21025845951e-07
91800	1,84215262619e-06	1,84215262619e-06	1,84215262619e-06	1,84215262619e-06	2,01669557531e-06	2,01669557531e-06	2,01669557531e-06	2,32079915276e-06	2,32079915276e-06	2,32079915276e-06	2,32079915276e-06	2,32079915276e-06	2,32079915276e-06	2,38406594337e-06	2,38406594337e-06	2,38406594337e-06	2,38406594337e-06
92700	-1,06160538652e-06	-1,06160538652e-06	-1,06160538652e-06	-1,06160538652e-06	-1,16125662917e-06	-1,16125662917e-06	-1,16125662917e-06	-1,34211874167e-06	-1,34211874167e-06	-1,34211874167e-06	-1,34211874167e-06	-1,34211874167e-06	-1,34211874167e-06	-1,39697713723e-06	-1,39697713723e-06	-1,39697713723e-06	-1,39697713723e-06
93600	-2,82021320111e-07	-2,82021320111e-07	-2,82021320111e-07	-2,82021320111e-07	-3,03637799614e-07	-3,03637799614e-07	-3,03637799614e-07	-3,80823349281e-07	-3,80823349281e-07	-3,80823349281e-07	-3,80823349281e-07	-3,80823349281e-07	-3,80823349281e-07	-3,92104226071e-07	-3,92104226071e-07	-3,92104226071e-07	-3,92104226071e-07
94500	5,89147960797e-07	5,89147960797e-07	5,89147960797e-07	5,89147960797e-07	6,38284427134e-07	6,38284427134e-07	6,38284427134e-07	7,75651174701e-07	7,75651174701e-07	7,75651174701e-07	7,75651174701e-07	7,75651174701e-07	7,75651174701e-07	8,3386059417e-07	8,3386059417e-07	8,3386059417e-07	8,3386059417e-07
95400	4,68479101357e-07	4,68479101357e-07	4,68479101357e-07	4,68479101357e-07	5,1541026965e-07	5,1541026965e-07	5,1541026965e-07	5,77488874453e-07	5,77488874453e-07	5,77488874453e-07	5,77488874453e-07	5,77488874453e-07	5,77488874453e-07	5,88350345254e-07	5,88350345254e-07	5,88350345254e-07	5,88350345254e-07
96300	9,631313893e-07	9,631313893e-07	9,631313893e-07	9,631313893e-07	1,05873662236e-06	1,05873662236e-06	1,05873662236e-06	1,19163650758e-06	1,19163650758e-06	1,19163650758e-06	1,19163650758e-06	1,19163650758e-06	1,19163650758e-06	1,21167683321e-06	1,21167683321e-06	1,21167683321e-06	1,21167683321e-06
97200	-5,3374455943e-07	-5,3374455943e-07	-5,3374455943e-07	-5,3374455943e-07	-5,85809189017e-07	-5,85809189017e-07	-5,85809189017e-07	-6,64964281824e-07	-6,64964281824e-07	-6,64964281824e-07	-6,64964281824e-07	-6,64964281824e-07	-6,64964281824e-07	-6,90721001265e-07	-6,90721001265e-07	-6,90721001265e-07	-6,90721001265e-07
98100	-3,28169882702e-07	-3,28169882702e-07	-3,28169882702e-07	-3,28169882702e-07	-3,58717798446e-07	-3,58717798446e-07	-3,58717798446e-07	-4,16168266659e-07	-4,16168266659e-07	-4,16168266659e-07	-4,16168266659e-07	-4,16168266659e-07	-4,16168266659e-07	-4,36966072837e-07	-4,36966072837e-07	-4,36966072837e-07	-4,36966072837e-07
99000	-1,58567633618e-07	-1,58567633618e-07	-1,58567633618e-07	-1,58567633618e-07	-1,75474713401e-07	-1,75474713401e-07	-1,75474713401e-07	-1,90353844567e-07	-1,90353844567e-07	-1,90353844567e-07	-1,90353844567e-07	-1,90353844567e-07	-1,90353844567e-07	-1,69991034822e-07	-1,69991034822e-07	-1,69991034822e-07	-1,69991034822e-07
99900	-1,20941060581e-07	-1,20941060581e-07	-1,20941060581e-07	-1,20941060581e-07	-1,37024773624e-07	-1,37024773624e-07	-1,37024773624e-07	-1,29242106955e-07	-1,29242106955e-07	-1,29242106955e-07	-1,29242106955e-07	-1,29242106955e-07	-1,29242106955e-07	-1,2070307474e-07	-1,2070307474e-07	-1,2070307474e-07	-1,2070307474e-07
100800	1,60033332067e-06	1,60033332067e-06	1,60033332067e-06	1,60033332067e-06	1,75228773584e-06	1,75228773584e-06	1,75228773584e-06	2,01452937395e-06	2,01452937395e-06	2,01452937395e-06	2,01452937395e-06	2,01452937395e-06	2,01452937395e-06	2,05559921201e-06	2,05559921201e-06	2,05559921201e-06	2,05559921201e-06
101700	-1,08019881827e-06	-1,08019881827e-06	-1,08019881827e-06	-1,08019881827e-06	-1,17724566707e-06	-1,17724566707e-06	-1,17724566707e-06	-1,38737386133e-06	-1,38737386133e-06	-1,38737386133e-06	-1,38737386133e-06	-1,38737386133e-06	-1,38737386133e-06	-1,43577581619e-06	-1,43577581619e-06	-1,43577581619e-06	-1,43577581619e-06
102600	-5,690050764e-07	-5,690050764e-07	-5,690050764e-07	-5,690050764e-07	-6,22489156426e-07	-6,22489156426e-07	-6,22489156426e-07	-7,18993859955e-07	-7,18993859955e-07	-7,18993859955e-07	-7,18993859955e-07	-7,18993859955e-07	-7,18993859955e-07	-7,29868847594e-07	-7,29868847594e-07	-7,29868847594e-07	-7,29868847594e-07
103500	5,98130598434e-07	5,98130598434e-07	5,98130598434e-07	5,98130598434e-07	6,55333419628e-07	6,55333419628e-07	6,55333419628e-07	7,50891496732e-07	7,50891496732e-07	7,50891496732e-07	7,50891496732e-07	7,50891496732e-07	7,50891496732e-07	7,60321949075e-07	7,60321949075e-07	7,60321949075e-07	7,60321949075e-07
104400	-2,31096674433e-06	-2,31096674433e-06	-2,31096674433e-06	-2,31096674433e-06	-2,53937921729e-06	-2,53937921729e-06	-2,53937921729e-06	-2,86417702696e-06	-2,86417702696e-06	-2,86417702696e-06	-2,86417702696e-06	-2,86417702696e-06	-2,86417702696e-06	-2,89005962196e-06	-2,89005962196e-06	-2,89005962196e-06	-2,89005962196e-06
105300	2,83047309026e-07	2,83047309026e-07	2,83047309026e-07	2,83047309026e-07	3,02881621336e-07	3,02881621336e-07	3,02881621336e-07	3,91512816287e-07	3,91512816287e-07	3,91512816287e-07	3,91512816287e-07	3,91512816287e-07	3,91512816287e-07	3,80049462179e-07	3,80049462179e-07	3,80049462179e-07	3,80049462179e-07
106200	-2,86627800951e-07	-2,86627800951e-07	-2,86627800951e-07	-2,86627800951e-07	-3,08581451028e-07	-3,08581451028e-07	-3,08581451028e-07	-3,87123186825e-07	-3,87123186825e-07	-3,87123186825e-07	-3,87123186825e-07	-3,87123186825e-07	-3,87123186825e-07	-4,31514173508e-07	-4,31514173508e-07	-4,31514173508e-07	-4,31514173508e-07
107100	-2,60088189752e-06	-2,60088189752e-06	-2,60088189752e-06	-2,60088189752e-06	-2,82628581471e-06	-2,82628581471e-06	-2,82628581471e-06	-3,3818101221e-06	-3,3818101221e-06	-3,3818101221e-06	-3,3818101221e-06	-3,3818101221e-06	-3,3818101221e-06	-3,51677675124e-06	-3,51677675124e-06	-3,51677675124e-06	-3,51677675124e-06
108000	-4,79905267693e-06	-4,79905267693e-06	-4,79905267693e-06	-4,79905267693e-06	-5,28284299396e-06	-5,28284299396e-06	-5,28284299396e-06	-5,90057699511e-06	-5,90057699511e-06	-5,90057699511e-06	-5,90057699511e-06	-5,90057699511e-06	-5,90057699511e-06	-5,97081325189e-06	-5,97081325189e-06	-5,97081325189e-06	-5,97081325189e-06
108900	-5,3717848151e-07	-5,3717848151e-07	-5,3717848151e-07	-5,3717848151e-07	-5,83912705439e-07	-5,83912705439e-07	-5,83912705439e-07	-6,9756927934e-07	-6,9756927934e-07	-6,9756927934e-07	-6,9756927934e-07	-6,9756927934e-07	-6,9756927934e-07	-7,68943561742e-07	-7,68943561742e-07	-7,68943561742e-07	-7,68943561742e-07
109800	-3,59862470876e-06	-3,59862470876e-06	-3,59862470876e-06	-3,59862470876e-06	-3,95584222028e-06	-3,95584222028e-06	-3,95584222028e-06	-4,45240639727e-06	-4,45240639727e-06	-4,45240639727e-06	-4,45240639727e-06	-4,45240639727e-06	-4,45240639727e-06	-4,53466119693e-06	-4,53466119693e-06	-4,53466119693e-06	-4,53466119693e-06
110700	-1,13587442077e-06	-1,13587442077e-06	-1,13587442077e-06	-1,13587442077e-06	-1,26823771603e-06	-1,26823771603e-06	-1,26823771603e-06	-1,30730958741e-06	-1,30730958741e-06	-1,30730958741e-06	-1,30730958741e-06	-1,30730958741e-06	-1,30730958741e-06	-1,308998117e-06	-1,308998117e-06	-1,308998117e-06	-1,308998117e-06
111600	-2,32943454479e-06	-2,32943454479e-06	-2,32943454479e-06	-2,32943454479e-06	-2,51187641393e-06	-2,51187641393e-06	-2,51187641393e-06	-3,12604540494e-06	-3,12604540494e-06	-3,12604540494e-06	-3,12604540494e-06	-3,12604540494e-06	-3,12604540494e-06	-3,32363109165e-06	-3,32363109165e-06	-3,32363109165e-06	-3,32363109165e-06
112500	3,61252790547e-07	3,61252790547e-07	3,61252790547e-07	3,61252790547e-07	4,11451164478e-07	4,11451164478e-07	4,11451164478e-07	3,75267752396e-07	3,75267752396e-07	3,75267752396e-07	3,75267752396e-07	3,75267752396e-07	3,75267752396e-07	3,70010393487e-07	3,70010393487e-07	3,70010393487e-07	3,70010393487e-07
113400	-3,43226793481e-06	-3,43226793481e-06	-3,43226793481e-06	-3,43226793481e-06	-3,77980189861e-06	-3,77980189861e-06	-3,77980189861e-06	-4,21243181585e-06	-4,21243181585e-06	-4,21243181585e-06	-4,21243181585e-06	-4,21243181585e-06	-4,21243181585e-06	-4,33599330545e-06	-4,33599330545e-06	-4,33599330545e-06	-4,33599330545e-06
114300	-3,2019229543e-07	-3,2019229543e-07	-3,2019229543e-07	-3,2019229543e-07	-3,34225815777e-07	-3,34225815777e-07	-3,34225815777e-07	-4,84910479782e-07	-4,84910479782e-07	-4,84910479782e-07	-4,84910479782e-07	-4,84910479782e-07	-4,84910479782e-07	-5,68342626778e-07	-5,68342626778e-07	-5,68342626778e-07	-5,68342626778e-07
115200	-7,08895791423e-06	-7,08895791423e-06	-7,08895791423e-06	-7,08895791423e-06	-7,77155951636e-06	-7,77155951636e-06	-7,77155951636e-06	-8,90109866236e-06	-8,90109866236e-06	-8,90109866236e-06	-8,90109866236e-06	-8,90109866236e-06	-8,90109866236e-06	-9,14100685254e-06	-9,14100685254e-06	-9,14100685254e-06	-9,14100685254e-06
116100	-1,70552604628e-06	-1,70552604628e-06	-1,70552604628e-06	-1,70552604628e-06	-1,86564114661e-06	-1,86564114661e-06	-1,86564114661e-06	-2,15816073617e-06	-2,15816073617e-06	-2,15816073617e-06	-2,15816073617e-06	-2,15816073617e-06	-2,15816073617e-06	-2,12394582272e-06	-2,12394582272e-06	-2,12394582272e-06	-2,12394582272e-06
117000	-4,17617326809e-06	-4,17617326809e-06	-4,17617326809e-06	-4,17617326809e-06	-4,59919309272e-06	-4,59919309272e-06	-4,59919309272e-06	-5,13070537325e-06	-5,13070537325e-06	-5,13070537325e-06	-5,13070537325e-06	-5,13070537325e-06	-5,13070537325e-06	-5,40367716008e-06	-5,40367716008e-06	-5,40367716008e-06	-5,40367716008e-06
117900	1,2411137315e-05	1,2411137315e-05	1,2411137315e-05	1,2411137315e-05	1,36446516464e-05	1,36446516464e-05	1,36446516464e-05	1,53811047529e-05	1,53811047529e-05	1,53811047529e-05	1,53811047529e-05	1,53811047529e-05	1,53811047529e-05	1,58224171089e-05	1,58224171089e-05	1,58224171089e-05	1,58224171089e-05
118800	-6,88033065171e-06	-6,88033065171e-06	-6,88033065171e-06	-6,88033065171e-06	-7,53777928892e-06	-7,53777928892e-06	-7,53777928892e-06	-8,76311997775e-06	-8,76311997775e-06	-8,76311997775e-06	-8,76311997775e-06	-8,76311997775e-06	-8,76311997775e-06	-9,14798878701e-06	-9,14798878701e-06	-9,14798878701e-06	-9,14798878701e-06
119700	2,13991416538e-05	2,13991416538e-05	2,13991416538e-05	2,13991416538e-05	2,32965916329e-05	2,32965916329e-05	2,32965916329e-05	2,68263512632e-05	2,68263512632e-05	2,68263512632e-05	2,68263512632e-05	2,68263512632e-05	2,68263512632e-05	2,75915586359e-05	2,75915586359e-05	2,75915586359e-05	2,75915586359e-05
120600	6,20839678618e-05	6,20839678618e-05	6,20839678618e-05	6,20839678618e-05	6,78048311975e-05	6,78048311975e-05	6,78048311975e-05	7,69174718304e-05	7,69174718304e-05	7,69174718304e-05	7,69174718304e-05	7,69174718304e-05	7,69174718304e-05	7,89856177289e-05	7,89856177289e-05	7,89856177289e-05	7,89856177289e-05
121500	-6,67116175744e-05	-6,67116175744e-05	-6,67116175744e-05	-6,67116175744e-05	-7,27882282519e-05	-7,27882282519e-05	-7,27882282519e-05	-8,2714146153e-05	-8,2714146153e-05	-8,2714146153e-05	-8,2714146153e-05	-8,2714146153e-05	-8,2714146153e-05	-8,47431658734e-05	-8,47431658734e-05	-8,47431658734e-05	-8,47431658734e-05
122400	6,13826478209e-05	6,13826478209e-05	6,13826478209e-05	6,13826478209e-05	6,68699392038e-05	6,68699392038e-05	6,68699392038e-05	7,60646687536e-05	7,60646687536e-05	7,60646687536e-05	7,60646687536e-05	7,60646687536e-05	7,60646687536e-05	7,82688809525e-05	7,82688809525e-05	7,82688809525e-05	7,82688809525e-05
123300	1,40364253954e-05	1,40364253954e-05	1,40364253954e-05	1,40364253954e-05	1,55225120834e-05	1,55225120834e-05	1,55225120834e-05	1,6909297906e-05	1,6909297906e-05	1,6909297906e-05	1,6909297906e-05	1,6909297906e-05	1,6909297906e-05	1,67737459961e-05	1,67737459961e-05	1,67737459961e-05	1,67737459961e-05
124200	-2,42387607616e-07	-2,42387607616e-07	-2,42387607616e-07	-2,42387607616e-07	-3,77810460387e-07	-3,77810460387e-07	-3,77810460387e-07	8,57854405758e-09	8,57854405758e-09	8,57854405758e-09	8,57854405758e-09	8,57854405758e-09	8,57854405758e-09	2,09068547754e-07	2,09068547754e-07	2,09068547754e-07	2,09068547754e-07
125100	2,58687324324e-05	2,58687324324e-05	2,58687324324e-05	2,58687324324e-05	2,83417293003e-05	2,83417293003e-05	2,83417293003e-05	3,17124155165e-05	3,17124155165e-05	3,17124155165e-05	3,17124155165e-05	3,17124155165e-05	3,17124155165e-05	3,24736752548e-05	3,24736752548e-05	3,24736752548e-05	3,24736752548e-05
126000	-9,69209934202e-06	-9,69209934202e-06	-9,69209934202e-06	-9,69209934202e-06	-1,05879280845e-05	-1,05879280845e-05	-1,05879280845e-05	-1,17905970629e-05	-1,17905970629e-05	-1,17905970629e-05	-1,17905970629e-05	-1,17905970629e-05	-1,17905970629e-05	-1,18740708228e-05	-1,18740708228e-05	-1,18740708228e-05	-1,18740708228e-05
126900	1,82250357866e-06	1,82250357866e-06	1,82250357866e-06	1,82250357866e-06	1,98286528349e-06	1,98286528349e-06	1,98286528349e-06	1,92609391536e-06	1,92609391536e-06	1,92609391536e-06	1,92609391536e-06	1,92609391536e-06	1,92609391536e-06	1,96692804231e-06	1,96692804231e-06	1,96692804231e-06	1,96692804231e-06
127800	-1,07392130771e-05	-1,07392130771e-05	-1,07392130771e-05	-1,07392130771e-05	-1,17292858872e-05	-1,17292858872e-05	-1,17292858872e-05	-1,29140315739e-05	-1,29140315739e-05	-1,29140315739e-05	-1,29140315739e-05	-1,29140315739e-05	-1,29140315739e-05	-1,32261575343e-05	-1,32261575343e-05	-1,32261575343e-05	-1,32261575343e-05
128700	1,70669723208e-05	1,70669723208e-05	1,70669723208e-05	1,70669723208e-05	1,85462065065e-05	1,85462065065e-05	1,85462065065e-05	2,14054031648e-05	2,14054031648e-05	2,14054031648e-05	2,14054031648e-05	2,14054031648e-05	2,14054031648e-05	2,20288092841e-05	2,20288092841e-05	2,20288092841e-05	2,20288092841e-05
129600	-3,28302994122e-06	-3,28302994122e-06	-3,28302994122e-06	-3,28302994122e-06	-3,57323216806e-06	-3,57323216806e-06	-3,57323216806e-06	-3,96724743359e-06	-3,96724743359e-06	-3,96724743359e-06	-3,96724743359e-06	-3,96724743359e-06	-3,96724743359e-06	-3,99398577651e-06	-3,99398577651e-06	-3,99398577651e-06	-3,99398577651e-06
130500	-1,31954938595e-05	-1,31954938595e-05	-1,31954938595e-05	-1,31954938595e-05	-1,44694264536e-05	-1,44694264536e-05	-1,44694264536e-05	-1,62859391106e-05	-1,62859391106e-05	-1,62859391106e-05	-1,62859391106e-05	-1,62859391106e-05	-1,62859391106e-05	-1,66525304939e-05	-1,66525304939e-05	-1,66525304939e-05	-1,66525304939e-05
131400	1,86582361304e-06	1,86582361304e-06	1,86582361304e-06	1,86582361304e-06	2,09099541284e-06	2,09099541284e-06	2,09099541284e-06	1,92247675536e-06	1,92247675536e-06	1,92247675536e-06	1,92247675536e-06	1,92247675536e-06	1,92247675536e-06	1,85362215649e-06	1,85362215649e-06	1,85362215649e-06	1,85362215649e-06
132300	-5,48138129673e-07	-5,48138129673e-07	-5,48138129673e-07	-5,48138129673e-07	-5,62061783412e-07	-5,62061783412e-07	-5,62061783412e-07	-6,99248379721e-07	-6,99248379721e-07	-6,99248379721e-07	-6,99248379721e-07	-6,99248379721e-07	-6,99248379721e-07	-7,98427924197e-07	-7,98427924197e-07	-7,98427924197e-07	-7,98427924197e-07
133200	-5,17078227441e-06	-5,17078227441e-06	-5,17078227441e-06	-5,17078227441e-06	-5,61506293279e-06	-5,61506293279e-06	-5,61506293279e-06	-6,41558911859e-06	-6,41558911859e-06	-6,41558911859e-06	-6,41558911859e-06	-6,41558911859e-06	-6,41558911859e-06	-6,65518454203e-06	-6,65518454203e-06	-6,65518454203e-06	-6,65518454203e-06
134100	-2,31900693234e-05	-2,31900693234e-05	-2,31900693234e-05	-2,31900693234e-05	-2,52829520483e-05	-2,52829520483e-05	-2,52829520483e-05	-2,87032792408e-05	-2,87032792408e-05	-2,87032792408e-05	-2,87032792408e-05	-2,87032792408e-05	-2,87032792408e-05	-2,93735006683e-05	-2,93735006683e-05	-2,93735006683e-05	-2,93735006683e-05
135000	1,75108959996e-05	1,75108959996e-05	1,75108959996e-05	1,75108959996e-05	1,91217275627e-05	1,91217275627e-05	1,91217275627e-05	2,1680780554e-05	2,1680780554e-05	2,1680780554e-05	2,1680780554e-05	2,1680780554e-05	2,1680780554e-05	2,22560968885e-05	2,22560968885e-05	2,22560968885e-05	2,22560968885e-05
135900	1,01318325731e-05	1,01318325731e-05	1,01318325731e-05	1,01318325731e-05	1,10392608733e-05	1,10392608733e-05	1,10392608733e-05	1,25746307363e-05	1,25746307363e-05	1,25746307363e-05	1,25746307363e-05	1,25746307363e-05	1,25746307363e-05	1,28187345221e-05	1,28187345221e-05	1,28187345221e-05	1,28187345221e-05
136800	-2,0455670344e-05	-2,0455670344e-05	-2,0455670344e-05	-2,0455670344e-05	-2,236766606e-05	-2,236766606e-05	-2,236766606e-05	-2,49336404826e-05	-2,49336404826e-05	-2,49336404826e-05	-2,49336404826e-05	-2,49336404826e-05	-2,49336404826e-05	-2,54192692821e-05	-2,54192692821e-05	-2,54192692821e-05	-2,54192692821e-05
137700	3,56993195236e-05	3,56993195236e-05	3,56993195236e-05	3,56993195236e-05	3,89653243201e-05	3,89653243201e-05	3,89653243201e-05	4,41273232925e-05	4,41273232925e-05	4,41273232925e-05	4,41273232925e-05	4,41273232925e-05	4,41273232925e-05	4,530739409e-05	4,530739409e-05	4,530739409e-05	4,530739409e-05
138600	1,93832064775e-05	1,93832064775e-05	1,93832064775e-05	1,93832064775e-05	2,1151066799e-05	2,1151066799e-05	2,1151066799e-05	2,37548775902e-05	2,37548775902e-05	2,37548775902e-05	2,37548775902e-05	2,37548775902e-05	2,37548775902e-05	2,4315183168e-05	2,4315183168e-05	2,4315183168e-05	2,4315183168e-05
139500	-5,98738586094e-05	-5,98738586094e-05	-5,98738586094e-05	-5,98738586094e-05	-6,53565598283e-05	-6,53565598283e-05	-6,53565598283e-05	-7,39883866448e-05	-7,39883866448e-05	-7,39883866448e-05	-7,39883866448e-05	-7,39883866448e-05	-7,39883866448e-05	-7,58083281573e-05	-7,58083281573e-05	-7,58083281573e-05	-7,58083281573e-05
140400	-1,9572008439e-05	-1,9572008439e-05	-1,9572008439e-05	-1,9572008439e-05	-2,13820175956e-05	-2,13820175956e-05	-2,13820175956e-05	-2,40665628853e-05	-2,40665628853e-05	-2,40665628853e-05	-2,40665628853e-05	-2,40665628853e-05	-2,40665628853e-05	-2,47568280142e-05	-2,47568280142e-05	-2,47568280142e-05	-2,47568280142e-05
141300	-2,44981654611e-05	-2,44981654611e-05	-2,44981654611e-05	-2,44981654611e-05	-2,66654136148e-05	-2,66654136148e-05	-2,66654136148e-05	-3,04013462421e-05	-3,04013462421e-05	-3,04013462421e-05	-3,04013462421e-05	-3,04013462421e-05	-3,04013462421e-05	-3,12461521706e-05	-3,12461521706e-05	-3,12461521706e-05	-3,12461521706e-05
142200	5,5481502156e-06	5,5481502156e-06	5,5481502156e-06	5,5481502156e-06	6,05306955151e-06	6,05306955151e-06	6,05306955151e-06	6,76023741249e-06	6,76023741249e-06	6,76023741249e-06	6,76023741249e-06	6,76023741249e-06	6,76023741249e-06	6,85522776187e-06	6,85522776187e-06	6,85522776187e-06	6,85522776187e-06
143100	-7,02998530646e-06	-7,02998530646e-06	-7,02998530646e-06	-7,02998530646e-06	-7,6930585411e-06	-7,6930585411e-06	-7,6930585411e-06	-8,69296797084e-06	-8,69296797084e-06	-8,69296797084e-06	-8,69296797084e-06	-8,69296797084e-06	-8,69296797084e-06	-8,80975616762e-06	-8,80975616762e-06	-8,80975616762e-06	-8,80975616762e-06
144000	-2,03741436945e-05	-2,03741436945e-05	-2,03741436945e-05	-2,03741436945e-05	-2,22221749123e-05	-2,22221749123e-05	-2,22221749123e-05	-2,535756202e-05	-2,535756202e-05	-2,535756202e-05	-2,535756202e-05	-2,535756202e-05	-2,535756202e-05	-2,62730587346e-05	-2,62730587346e-05	-2,62730587346e-05	-2,62730587346e-05
144900	9,41229666764e-07	9,41229666764e-07	9,41229666764e-07	9,41229666764e-07	1,03321769455e-06	1,03321769455e-06	1,03321769455e-06	1,17175420583e-06	1,17175420583e-06	1,17175420583e-06	1,17175420583e-06	1,17175420583e-06	1,17175420583e-06	1,25383443859e-06	1,25383443859e-06	1,25383443859e-06	1,25383443859e-06
145800	3,0428109184e-06	3,0428109184e-06	3,0428109184e-06	3,0428109184e-06	3,31161239166e-06	3,31161239166e-06	3,31161239166e-06	3,93094044196e-06	3,93094044196e-06	3,93094044196e-06	3,93094044196e-06	3,93094044196e-06	3,93094044196e-06	4,09270374229e-06	4,09270374229e-06	4,09270374229e-06	4,09270374229e-06
146700	-7,8054305196e-06	-7,8054305196e-06	-7,8054305196e-06	-7,8054305196e-06	-8,53740604491e-06	-8,53740604491e-06	-8,53740604491e-06	-9,87143921043e-06	-9,87143921043e-06	-9,87143921043e-06	-9,87143921043e-06	-9,87143921043e-06	-9,87143921043e-06	-1,01759314915e-05	-1,01759314915e-05	-1,01759314915e-05	-1,01759314915e-05
147600	4,71954900536e-08	4,71954900536e-08	4,71954900536e-08	4,71954900536e-08	3,24989920859e-08	3,24989920859e-08	3,24989920859e-08	1,55299518071e-07	1,55299518071e-07	1,55299518071e-07	1,55299518071e-07	1,55299518071e-07	1,55299518071e-07	2,43783199392e-07	2,43783199392e-07	2,43783199392e-07	2,43783199392e-07
148500	-5,46461817947e-06	-5,46461817947e-06	-5,46461817947e-06	-5,46461817947e-06	-6,02139024501e-06	-6,02139024501e-06	-6,02139024501e-06	-6,71457711798e-06	-6,71457711798e-06	-6,71457711798e-06	-6,71457711798e-06	-6,71457711798e-06	-6,71457711798e-06	-6,85854924019e-06	-6,85854924019e-06	-6,85854924019e-06	-6,85854924019e-06
149400	-7,73338510013e-06	-7,73338510013e-06	-7,73338510013e-06	-7,73338510013e-06	-8,60256595289e-06	-8,60256595289e-06	-8,60256595289e-06	-9,07085971776e-06	-9,07085971776e-06	-9,07085971776e-06	-9,07085971776e-06	-9,07085971776e-06	-9,07085971776e-06	-9,12487897067e-06	-9,12487897067e-06	-9,12487897067e-06	-9,12487897067e-06
150300	6,15717171515e-06	6,15717171515e-06	6,15717171515e-06	6,15717171515e-06	6,81897583013e-06	6,81897583013e-06	6,81897583013e-06	7,37355358341e-06	7,37355358341e-06	7,37355358341e-06	7,37355358341e-06	7,37355358341e-06	7,37355358341e-06	7,46189754525e-06	7,46189754525e-06	7,46189754525e-06	7,46189754525e-06
151200	-6,65908845375e-06	-6,65908845375e-06	-6,65908845375e-06	-6,65908845375e-06	-7,35077294787e-06	-7,35077294787e-06	-7,35077294787e-06	-8,09520986542e-06	-8,09520986542e-06	-8,09520986542e-06	-8,09520986542e-06	-8,09520986542e-06	-8,09520986542e-06	-8,3405252438e-06	-8,3405252438e-06	-8,3405252438e-06	-8,3405252438e-06
152100	3,70017683234e-07	3,70017683234e-07	3,70017683234e-07	3,70017683234e-07	4,36595439343e-07	4,36595439343e-07	4,36595439343e-07	3,09017086995e-07	3,09017086995e-07	3,09017086995e-07	3,09017086995e-07	3,09017086995e-07	3,09017086995e-07	3,68612631957e-07	3,68612631957e-07	3,68612631957e-07	3,68612631957e-07
153000	-3,7482029619e-07	-3,7482029619e-07	-3,7482029619e-07	-3,7482029619e-07	-3,027561716e-07	-3,027561716e-07	-3,027561716e-07	-1,01148588953e-06	-1,01148588953e-06	-1,01148588953e-06	-1,01148588953e-06	-1,01148588953e-06	-1,01148588953e-06	-1,30958148639e-06	-1,30958148639e-06	-1,30958148639e-06	-1,30958148639e-06
153900	-3,63133047811e-06	-3,63133047811e-06	-3,63133047811e-06	-3,63133047811e-06	-3,96293497808e-06	-3,96293497808e-06	-3,96293497808e-06	-4,6435326782e-06	-4,6435326782e-06	-4,6435326782e-06	-4,6435326782e-06	-4,6435326782e-06	-4,6435326782e-06	-4,84449693712e-06	-4,84449693712e-06	-4,84449693712e-06	-4,84449693712e-06
154800	-1,27413667838e-06	-1,27413667838e-06	-1,27413667838e-06	-1,27413667838e-06	-1,36264371832e-06	-1,36264371832e-06	-1,36264371832e-06	-1,76899490211e-06	-1,76899490211e-06	-1,76899490211e-06	-1,76899490211e-06	-1,76899490211e-06	-1,76899490211e-06	-1,94103983128e-06	-1,94103983128e-06	-1,94103983128e-06	-1,94103983128e-06
155700	8,2666308871e-07	8,2666308871e-07	8,2666308871e-07	8,2666308871e-07	8,86174874143e-07	8,86174874143e-07	8,86174874143e-07	1,13711283907e-06	1,13711283907e-06	1,13711283907e-06	1,13711283907e-06	1,13711283907e-06	1,13711283907e-06	1,18431058195e-06	1,18431058195e-06	1,18431058195e-06	1,18431058195e-06
156600	3,40180141862e-06	3,40180141862e-06	3,40180141862e-06	3,40180141862e-06	3,75607926384e-06	3,75607926384e-06	3,75607926384e-06	4,13128000515e-06	4,13128000515e-06	4,13128000515e-06	4,13128000515e-06	4,13128000515e-06	4,13128000515e-06	4,20922973331e-06	4,20922973331e-06	4,20922973331e-06	4,20922973331e-06
157500	-4,15414620782e-06	-4,15414620782e-06	-4,15414620782e-06	-4,15414620782e-06	-4,63319159832e-06	-4,63319159832e-06	-4,63319159832e-06	-4,81223436212e-06	-4,81223436212e-06	-4,81223436212e-06	-4,81223436212e-06	-4,81223436212e-06	-4,81223436212e-06	-4,5863606931e-06	-4,5863606931e-06	-4,5863606931e-06	-4,5863606931e-06
158400	2,8660118239e-06	2,8660118239e-06	2,8660118239e-06	2,8660118239e-06	3,13422508144e-06	3,13422508144e-06	3,13422508144e-06	3,63261477638e-06	3,63261477638e-06	3,63261477638e-06	3,63261477638e-06	3,63261477638e-06	3,63261477638e-06	3,79716263501e-06	3,79716263501e-06	3,79716263501e-06	3,79716263501e-06
159300	1,87250192603e-06	1,87250192603e-06	1,87250192603e-06	1,87250192603e-06	2,03545585336e-06	2,03545585336e-06	2,03545585336e-06	2,43434089261e-06	2,43434089261e-06	2,43434089261e-06	2,43434089261e-06	2,43434089261e-06	2,43434089261e-06	2,45808210307e-06	2,45808210307e-06	2,45808210307e-06	2,45808210307e-06
160200	8,740047851e-06	8,740047851e-06	8,740047851e-06	8,740047851e-06	9,59188547013e-06	9,59188547013e-06	9,59188547013e-06	1,09049307189e-05	1,09049307189e-05	1,09049307189e-05	1,09049307189e-05	1,09049307189e-05	1,09049307189e-05	1,11330422757e-05	1,11330422757e-05	1,11330422757e-05	1,11330422757e-05
161100	-6,46137773432e-07	-6,46137773432e-07	-6,46137773432e-07	-6,46137773432e-07	-6,76858325405e-07	-6,76858325405e-07	-6,76858325405e-07	-9,67527215479e-07	-9,67527215479e-07	-9,67527215479e-07	-9,67527215479e-07	-9,67527215479e-07	-9,67527215479e-07	-1,04916539634e-06	-1,04916539634e-06	-1,04916539634e-06	-1,04916539634e-06
162000	2,52185603768e-06	2,52185603768e-06	2,52185603768e-06	2,52185603768e-06	2,77359341485e-06	2,77359341485e-06	2,77359341485e-06	3,13872240103e-06	3,13872240103e-06	3,13872240103e-06	3,13872240103e-06	3,13872240103e-06	3,13872240103e-06	3,25608220523e-06	3,25608220523e-06	3,25608220523e-06	3,25608220523e-06
162900	-1,10175044182e-06	-1,10175044182e-06	-1,10175044182e-06	-1,10175044182e-06	-1,2027141258e-06	-1,2027141258e-06	-1,2027141258e-06	-1,42890518559e-06	-1,42890518559e-06	-1,42890518559e-06	-1,42890518559e-06	-1,42890518559e-06	-1,42890518559e-06	-1,48014371059e-06	-1,48014371059e-06	-1,48014371059e-06	-1,48014371059e-06
163800	7,43023149443e-07	7,43023149443e-07	7,43023149443e-07	7,43023149443e-07	7,84879318166e-07	7,84879318166e-07	7,84879318166e-07	1,07982514838e-06	1,07982514838e-06	1,07982514838e-06	1,07982514838e-06	1,07982514838e-06	1,07982514838e-06	1,11535503871e-06	1,11535503871e-06	1,11535503871e-06	1,11535503871e-06
164700	3,5928327969e-06	3,5928327969e-06	3,5928327969e-06	3,5928327969e-06	3,92195147695e-06	3,92195147695e-06	3,92195147695e-06	4,60559596561e-06	4,60559596561e-06	4,60559596561e-06	4,60559596561e-06	4,60559596561e-06	4,60559596561e-06	4,80882162483e-06	4,80882162483e-06	4,80882162483e-06	4,80882162483e-06
165600	7,1404640719e-07	7,1404640719e-07	7,1404640719e-07	7,1404640719e-07	7,82159425866e-07	7,82159425866e-07	7,82159425866e-07	8,97289519217e-07	8,97289519217e-07	8,97289519217e-07	8,97289519217e-07	8,97289519217e-07	8,97289519217e-07	9,34459058222e-07	9,34459058222e-07	9,34459058222e-07	9,34459058222e-07
166500	-1,5536403558e-07	-1,5536403558e-07	-1,5536403558e-07	-1,5536403558e-07	-1,57060242495e-07	-1,57060242495e-07	-1,57060242495e-07	-2,60854524202e-07	-2,60854524202e-07	-2,60854524202e-07	-2,60854524202e-07	-2,60854524202e-07	-2,60854524202e-07	-2,74611977615e-07	-2,74611977615e-07	-2,74611977615e-07	-2,74611977615e-07
167400	2,56250153671e-06	2,56250153671e-06	2,56250153671e-06	2,56250153671e-06	2,80604734851e-06	2,80604734851e-06	2,80604734851e-06	3,22456532835e-06	3,22456532835e-06	3,22456532835e-06	3,22456532835e-06	3,22456532835e-06	3,22456532835e-06	3,28779487085e-06	3,28779487085e-06	3,28779487085e-06	3,28779487085e-06
168300	2,64998279555e-06	2,64998279555e-06	2,64998279555e-06	2,64998279555e-06	2,90426457925e-06	2,90426457925e-06	2,90426457925e-06	3,32254098975e-06	3,32254098975e-06	3,32254098975e-06	3,32254098975e-06	3,32254098975e-06	3,32254098975e-06	3,42445664516e-06	3,42445664516e-06	3,42445664516e-06	3,42445664516e-06
169200	-1,10513663045e-06	-1,10513663045e-06	-1,10513663045e-06	-1,10513663045e-06	-1,22477724101e-06	-1,22477724101e-06	-1,22477724101e-06	-1,31763667661e-06	-1,31763667661e-06	-1,31763667661e-06	-1,31763667661e-06	-1,31763667661e-06	-1,31763667661e-06	-1,30830084214e-06	-1,30830084214e-06	-1,30830084214e-06	-1,30830084214e-06
170100	1,85348038134e-07	1,85348038134e-07	1,85348038134e-07	1,85348038134e-07	1,99714483797e-07	1,99714483797e-07	1,99714483797e-07	2,49482915391e-07	2,49482915391e-07	2,49482915391e-07	2,49482915391e-07	2,49482915391e-07	2,49482915391e-07	2,62027616566e-07	2,62027616566e-07	2,62027616566e-07	2,62027616566e-07
171000	4,18873584282e-06	4,18873584282e-06	4,18873584282e-06	4,18873584282e-06	4,61450332584e-06	4,61450332584e-06	4,61450332584e-06	5,13265978145e-06	5,13265978145e-06	5,13265978145e-06	5,13265978145e-06	5,13265978145e-06	5,13265978145e-06	5,23845115985e-06	5,23845115985e-06	5,23845115985e-06	5,23845115985e-06
171900	-5,25557586665e-08	-5,25557586665e-08	-5,25557586665e-08	-5,25557586665e-08	-4,21610409303e-08	-4,21610409303e-08	-4,21610409303e-08	-1,43083056678e-07	-1,43083056678e-07	-1,43083056678e-07	-1,43083056678e-07	-1,43083056678e-07	-1,43083056678e-07	-1,68879481831e-07	-1,68879481831e-07	-1,68879481831e-07	-1,68879481831e-07
172800	3,35330866552e-07	3,35330866552e-07	3,35330866552e-07	3,35330866552e-07	3,62436942706e-07	3,62436942706e-07	3,62436942706e-07	4,45791583357e-07	4,45791583357e-07	4,45791583357e-07	4,45791583357e-07	4,45791583357e-07	4,45791583357e-07	4,41499679986e-07	4,41499679986e-07	4,41499679986e-07	4,41499679986e-07
173700	3,11494422063e-06	3,11494422063e-06	3,11494422063e-06	3,11494422063e-06	3,40617978789e-06	3,40617978789e-06	3,40617978789e-06	3,94381862426e-06	3,94381862426e-06	3,94381862426e-06	3,94381862426e-06	3,94381862426e-06	3,94381862426e-06	4,03681785119e-06	4,03681785119e-06	4,03681785119e-06	4,03681785119e-06
174600	-1,85015115201e-06	-1,85015115201e-06	-1,85015115201e-06	-1,85015115201e-06	-2,02607793326e-06	-2,02607793326e-06	-2,02607793326e-06	-2,32774605454e-06	-2,32774605454e-06	-2,32774605454e-06	-2,32774605454e-06	-2,32774605454e-06	-2,32774605454e-06	-2,37009592184e-06	-2,37009592184e-06	-2,37009592184e-06	-2,37009592184e-06
175500	4,20113146399e-06	4,20113146399e-06	4,20113146399e-06	4,20113146399e-06	4,60643162678e-06	4,60643162678e-06	4,60643162678e-06	5,25648514954e-06	5,25648514954e-06	5,25648514954e-06	5,25648514954e-06	5,25648514954e-06	5,25648514954e-06	5,44012775671e-06	5,44012775671e-06	5,44012775671e-06	5,44012775671e-06
176400	2,31653639844e-06	2,31653639844e-06	2,31653639844e-06	2,31653639844e-06	2,51277573245e-06	2,51277573245e-06	2,51277573245e-06	3,03469814738e-06	3,03469814738e-06	3,03469814738e-06	3,03469814738e-06	3,03469814738e-06	3,03469814738e-06	3,1623945607e-06	3,1623945607e-06	3,1623945607e-06	3,1623945607e-06
177300	1,7284772422e-07	1,7284772422e-07	1,7284772422e-07	1,7284772422e-07	2,21327609844e-07	2,21327609844e-07	2,21327609844e-07	5,72454556681e-08	5,72454556681e-08	5,72454556681e-08	5,72454556681e-08	5,72454556681e-08	5,72454556681e-08	2,22776253068e-08	2,22776253068e-08	2,22776253068e-08	2,22776253068e-08
178200	1,14194660006e-06	1,14194660006e-06	1,14194660006e-06	1,14194660006e-06	1,24012095691e-06	1,24012095691e-06	1,24012095691e-06	1,48878087138e-06	1,48878087138e-06	1,48878087138e-06	1,48878087138e-06	1,48878087138e-06	1,48878087138e-06	1,51108572824e-06	1,51108572824e-06	1,51108572824e-06	1,51108572824e-06
179100	-2,2531135327e-06	-2,2531135327e-06	-2,2531135327e-06	-2,2531135327e-06	-2,46640850361e-06	-2,46640850361e-06	-2,46640850361e-06	-2,8394715252e-06	-2,8394715252e-06	-2,8394715252e-06	-2,8394715252e-06	-2,8394715252e-06	-2,8394715252e-06	-2,91663516162e-06	-2,91663516162e-06	-2,91663516162e-06	-2,91663516162e-06
180000	2,65178351079e-06	2,65178351079e-06	2,65178351079e-06	2,65178351079e-06	2,90226876019e-06	2,90226876019e-06	2,90226876019e-06	3,34464534021e-06	3,34464534021e-06	3,34464534021e-06	3,34464534021e-06	3,34464534021e-06	3,34464534021e-06	3,44354482067e-06	3,44354482067e-06	3,44354482067e-06	3,44354482067e-06
180900	2,0795538978e-06	2,0795538978e-06	2,0795538978e-06	2,0795538978e-06	2,26392807286e-06	2,26392807286e-06	2,26392807286e-06	2,68319646855e-06	2,68319646855e-06	2,68319646855e-06	2,68319646855e-06	2,68319646855e-06	2,68319646855e-06	2,81635091975e-06	2,81635091975e-06	2,81635091975e-06	2,81635091975e-06
181800	3,41026151953e-07	3,41026151953e-07	3,41026151953e-07	3,41026151953e-07	3,71284042713e-07	3,71284042713e-07	3,71284042713e-07	4,39905727577e-07	4,39905727577e-07	4,39905727577e-07	4,39905727577e-07	4,39905727577e-07	4,39905727577e-07	4,34506365066e-07	4,34506365066e-07	4,34506365066e-07	4,34506365066e-07
182700	4,77398923346e-09	4,77398923346e-09	4,77398923346e-09	4,77398923346e-09	1,93845870385e-08	1,93845870385e-08	1,93845870385e-08	-6,47769098604e-08	-6,47769098604e-08	-6,47769098604e-08	-6,47769098604e-08	-6,47769098604e-08	-6,47769098604e-08	-9,12878842398e-08	-9,12878842398e-08	-9,12878842398e-08	-9,12878842398e-08
183600	-2,88428516188e-07	-2,88428516188e-07	-2,88428516188e-07	-2,88428516188e-07	-3,21807343928e-07	-3,21807343928e-07	-3,21807343928e-07	-3,33118977495e-07	-3,33118977495e-07	-3,33118977495e-07	-3,33118977495e-07	-3,33118977495e-07	-3,33118977495e-07	-3,51523074486e-07	-3,51523074486e-07	-3,51523074486e-07	-3,51523074486e-07
184500	9,4194157744e-07	9,4194157744e-07	9,4194157744e-07	9,4194157744e-07	1,03820034615e-06	1,03820034615e-06	1,03820034615e-06	1,15163465338e-06	1,15163465338e-06	1,15163465338e-06	1,15163465338e-06	1,15163465338e-06	1,15163465338e-06	1,18143636349e-06	1,18143636349e-06	1,18143636349e-06	1,18143636349e-06
185400	-1,16322016612e-06	-1,16322016612e-06	-1,16322016612e-06	-1,16322016612e-06	-1,28404176504e-06	-1,28404176504e-06	-1,28404176504e-06	-1,41242403135e-06	-1,41242403135e-06	-1,41242403135e-06	-1,41242403135e-06	-1,41242403135e-06	-1,41242403135e-06	-1,40342481223e-06	-1,40342481223e-06	-1,40342481223e-06	-1,40342481223e-06
186300	2,08148024434e-06	2,08148024434e-06	2,08148024434e-06	2,08148024434e-06	2,2809361145e-06	2,2809361145e-06	2,2809361145e-06	2,61112746355e-06	2,61112746355e-06	2,61112746355e-06	2,61112746355e-06	2,61112746355e-06	2,61112746355e-06	2,65692504622e-06	2,65692504622e-06	2,65692504622e-06	2,65692504622e-06
187200	-7,69973272289e-07	-7,69973272289e-07	-7,69973272289e-07	-7,69973272289e-07	-8,42463370649e-07	-8,42463370649e-07	-8,42463370649e-07	-9,7235766224e-07	-9,7235766224e-07	-9,7235766224e-07	-9,7235766224e-07	-9,7235766224e-07	-9,7235766224e-07	-1,0043264441e-06	-1,0043264441e-06	-1,0043264441e-06	-1,0043264441e-06
188100	3,62571919151e-07	3,62571919151e-07	3,62571919151e-07	3,62571919151e-07	3,99595148352e-07	3,99595148352e-07	3,99595148352e-07	4,43430287396e-07	4,43430287396e-07	4,43430287396e-07	4,43430287396e-07	4,43430287396e-07	4,43430287396e-07	4,54550728531e-07	4,54550728531e-07	4,54550728531e-07	4,54550728531e-07
189000	-7,80170345783e-08	-7,80170345783e-08	-7,80170345783e-08	-7,80170345783e-08	-8,28046295638e-08	-8,28046295638e-08	-8,28046295638e-08	-1,11310581947e-07	-1,11310581947e-07	-1,11310581947e-07	-1,11310581947e-07	-1,11310581947e-07	-1,11310581947e-07	-9,61033708228e-08	-9,61033708228e-08	-9,61033708228e-08	-9,61033708228e-08
189900	2,82481968195e-07	2,82481968195e-07	2,82481968195e-07	2,82481968195e-07	3,11281272536e-07	3,11281272536e-07	3,11281272536e-07	3,4570779413e-07	3,4570779413e-07	3,4570779413e-07	3,4570779413e-07	3,4570779413e-07	3,4570779413e-07	3,42130977587e-07	3,42130977587e-07	3,42130977587e-07	3,42130977587e-07
190800	1,74418115415e-08	1,74418115415e-08	1,74418115415e-08	1,74418115415e-08	1,16122873827e-08	1,16122873827e-08	1,16122873827e-08	5,93843486193e-08	5,93843486193e-08	5,93843486193e-08	5,93843486193e-08	5,93843486193e-08	5,93843486193e-08	6,69447924591e-08	6,69447924591e-08	6,69447924591e-08	6,69447924591e-08
191700	-1,16715661338e-06	-1,16715661338e-06	-1,16715661338e-06	-1,16715661338e-06	-1,28391970531e-06	-1,28391970531e-06	-1,28391970531e-06	-1,43954070176e-06	-1,43954070176e-06	-1,43954070176e-06	-1,43954070176e-06	-1,43954070176e-06	-1,43954070176e-06	-1,469319295e-06	-1,469319295e-06	-1,469319295e-06	-1,469319295e-06
192600	-1,30440880384e-06	-1,30440880384e-06	-1,30440880384e-06	-1,30440880384e-06	-1,42354110268e-06	-1,42354110268e-06	-1,42354110268e-06	-1,66563194318e-06	-1,66563194318e-06	-1,66563194318e-06	-1,66563194318e-06	-1,66563194318e-06	-1,66563194318e-06	-1,75496826051e-06	-1,75496826051e-06	-1,75496826051e-06	-1,75496826051e-06
193500	1,3672453902e-06	1,3672453902e-06	1,3672453902e-06	1,3672453902e-06	1,49855409721e-06	1,49855409721e-06	1,49855409721e-06	1,71368197942e-06	1,71368197942e-06	1,71368197942e-06	1,71368197942e-06	1,71368197942e-06	1,71368197942e-06	1,80000181461e-06	1,80000181461e-06	1,80000181461e-06	1,80000181461e-06
194400	-7,92147195965e-07	-7,92147195965e-07	-7,92147195965e-07	-7,92147195965e-07	-8,64113945926e-07	-8,64113945926e-07	-8,64113945926e-07	-1,01341461404e-06	-1,01341461404e-06	-1,01341461404e-06	-1,01341461404e-06	-1,01341461404e-06	-1,01341461404e-06	-1,04532141812e-06	-1,04532141812e-06	-1,04532141812e-06	-1,04532141812e-06
195300	-7,151980274e-07	-7,151980274e-07	-7,151980274e-07	-7,151980274e-07	-7,93691591529e-07	-7,93691591529e-07	-7,93691591529e-07	-8,47383214556e-07	-8,47383214556e-07	-8,47383214556e-07	-8,47383214556e-07	-8,47383214556e-07	-8,47383214556e-07	-8,63779369852e-07	-8,63779369852e-07	-8,63779369852e-07	-8,63779369852e-07
196200	-1,12366724655e-06	-1,12366724655e-06	-1,12366724655e-06	-1,12366724655e-06	-1,22749029776e-06	-1,22749029776e-06	-1,22749029776e-06	-1,42884872801e-06	-1,42884872801e-06	-1,42884872801e-06	-1,42884872801e-06	-1,42884872801e-06	-1,42884872801e-06	-1,4867110873e-06	-1,4867110873e-06	-1,4867110873e-06	-1,4867110873e-06
197100	-7,07346071424e-07	-7,07346071424e-07	-7,07346071424e-07	-7,07346071424e-07	-7,75090361994e-07	-7,75090361994e-07	-7,75090361994e-07	-8,87517610044e-07	-8,87517610044e-07	-8,87517610044e-07	-8,87517610044e-07	-8,87517610044e-07	-8,87517610044e-07	-9,17623449018e-07	-9,17623449018e-07	-9,17623449018e-07	-9,17623449018e-07
198000	-5,38832626902e-07	-5,38832626902e-07	-5,38832626902e-07	-5,38832626902e-07	-5,88590513754e-07	-5,88590513754e-07	-5,88590513754e-07	-6,8531855356e-07	-6,8531855356e-07	-6,8531855356e-07	-6,8531855356e-07	-6,8531855356e-07	-6,8531855356e-07	-6,78703674002e-07	-6,78703674002e-07	-6,78703674002e-07	-6,78703674002e-07
198900	-4,24675656285e-07	-4,24675656285e-07	-4,24675656285e-07	-4,24675656285e-07	-4,55204762713e-07	-4,55204762713e-07	-4,55204762713e-07	-5,83562527583e-07	-5,83562527583e-07	-5,83562527583e-07	-5,83562527583e-07	-5,83562527583e-07	-5,83562527583e-07	-5,95500353436e-07	-5,95500353436e-07	-5,95500353436e-07	-5,95500353436e-07
199800	-5,28844938901e-07	-5,28844938901e-07	-5,28844938901e-07	-5,28844938901e-07	-5,74105790555e-07	-5,74105790555e-07	-5,74105790555e-07	-6,90489300771e-07	-6,90489300771e-07	-6,90489300771e-07	-6,90489300771e-07	-6,90489300771e-07	-6,90489300771e-07	-7,90531414869e-07	-7,90531414869e-07	-7,90531414869e-07	-7,90531414869e-07
200700	-4,16044786276e-06	-4,16044786276e-06	-4,16044786276e-06	-4,16044786276e-06	-4,5555751682e-06	-4,5555751682e-06	-4,5555751682e-06	-5,23682127043e-06	-5,23682127043e-06	-5,23682127043e-06	-5,23682127043e-06	-5,23682127043e-06	-5,23682127043e-06	-5,42585348648e-06	-5,42585348648e-06	-5,42585348648e-06	-5,42585348648e-06
201600	-7,12591178016e-06	-7,12591178016e-06	-7,12591178016e-06	-7,12591178016e-06	-7,8569157112e-06	-7,8569157112e-06	-7,8569157112e-06	-8,69829894875e-06	-8,69829894875e-06	-8,69829894875e-06	-8,69829894875e-06	-8,69829894875e-06	-8,69829894875e-06	-8,82662758146e-06	-8,82662758146e-06	-8,82662758146e-06	-8,82662758146e-06
202500	3,49633989558e-06	3,49633989558e-06	3,49633989558e-06	3,49633989558e-06	3,87704529336e-06	3,87704529336e-06	3,87704529336e-06	4,15764833998e-06	4,15764833998e-06	4,15764833998e-06	4,15764833998e-06	4,15764833998e-06	4,15764833998e-06	4,15654449045e-06	4,15654449045e-06	4,15654449045e-06	4,15654449045e-06
203400	-8,62337400827e-06	-8,62337400827e-06	-8,62337400827e-06	-8,62337400827e-06	-9,46057230763e-06	-9,46057230763e-06	-9,46057230763e-06	-1,07632935704e-05	-1,07632935704e-05	-1,07632935704e-05	-1,07632935704e-05	-1,07632935704e-05	-1,07632935704e-05	-1,09977858322e-05	-1,09977858322e-05	-1,09977858322e-05	-1,09977858322e-05
204300	-1,92224257714e-06	-1,92224257714e-06	-1,92224257714e-06	-1,92224257714e-06	-2,06832802953e-06	-2,06832802953e-06	-2,06832802953e-06	-2,60192875398e-06	-2,60192875398e-06	-2,60192875398e-06	-2,60192875398e-06	-2,60192875398e-06	-2,60192875398e-06	-2,74036206815e-06	-2,74036206815e-06	-2,74036206815e-06	-2,74036206815e-06
205200	-9,58869547699e-06	-9,58869547699e-06	-9,58869547699e-06	-9,58869547699e-06	-1,05095873857e-05	-1,05095873857e-05	-1,05095873857e-05	-1,20518207485e-05	-1,20518207485e-05	-1,20518207485e-05	-1,20518207485e-05	-1,20518207485e-05	-1,20518207485e-05	-1,23616002086e-05	-1,23616002086e-05	-1,23616002086e-05	-1,23616002086e-05
206100	3,5926627832e-07	3,5926627832e-07	3,5926627832e-07	3,5926627832e-07	3,02476973098e-07	3,02476973098e-07	3,02476973098e-07	9,07742149702e-07	9,07742149702e-07	9,07742149702e-07	9,07742149702e-07	9,07742149702e-07	9,07742149702e-07	9,1583905691e-07	9,1583905691e-07	9,1583905691e-07	9,1583905691e-07
207000	1,87286138663e-05	1,87286138663e-05	1,87286138663e-05	1,87286138663e-05	2,05725596502e-05	2,05725596502e-05	2,05725596502e-05	2,27237806792e-05	2,27237806792e-05	2,27237806792e-05	2,27237806792e-05	2,27237806792e-05	2,27237806792e-05	2,32648432388e-05	2,32648432388e-05	2,32648432388e-05	2,32648432388e-05
207900	-5,51926199684e-07	-5,51926199684e-07	-5,51926199684e-07	-5,51926199684e-07	-7,27336460606e-07	-7,27336460606e-07	-7,27336460606e-07	-4,15116354224e-07	-4,15116354224e-07	-4,15116354224e-07	-4,15116354224e-07	-4,15116354224e-07	-4,15116354224e-07	-3,95718897616e-07	-3,95718897616e-07	-3,95718897616e-07	-3,95718897616e-07
208800	2,62425001644e-05	2,62425001644e-05	2,62425001644e-05	2,62425001644e-05	2,87359285565e-05	2,87359285565e-05	2,87359285565e-05	3,22787373952e-05	3,22787373952e-05	3,22787373952e-05	3,22787373952e-05	3,22787373952e-05	3,22787373952e-05	3,30753519294e-05	3,30753519294e-05	3,30753519294e-05	3,30753519294e-05
209700	2,17745836648e-05	2,17745836648e-05	2,17745836648e-05	2,17745836648e-05	2,36372160986e-05	2,36372160986e-05	2,36372160986e-05	2,72858296145e-05	2,72858296145e-05	2,72858296145e-05	2,72858296145e-05	2,72858296145e-05	2,72858296145e-05	2,83771491124e-05	2,83771491124e-05	2,83771491124e-05	2,83771491124e-05
210600	-2,24474369659e-05	-2,24474369659e-05	-2,24474369659e-05	-2,24474369659e-05	-2,43676939816e-05	-2,43676939816e-05	-2,43676939816e-05	-2,822200605e-05	-2,822200605e-05	-2,822200605e-05	-2,822200605e-05	-2,822200605e-05	-2,822200605e-05	-2,91769215515e-05	-2,91769215515e-05	-2,91769215515e-05	-2,91769215515e-05
211500	4,62379949832e-05	4,62379949832e-05	4,62379949832e-05	4,62379949832e-05	5,03330466223e-05	5,03330466223e-05	5,03330466223e-05	5,80836166451e-05	5,80836166451e-05	5,80836166451e-05	5,80836166451e-05	5,80836166451e-05	5,80836166451e-05	5,99292984703e-05	5,99292984703e-05	5,99292984703e-05	5,99292984703e-05
212400	-3,71129961501e-05	-3,71129961501e-05	-3,71129961501e-05	-3,71129961501e-05	-4,046896518e-05	-4,046896518e-05	-4,046896518e-05	-4,61767158496e-05	-4,61767158496e-05	-4,61767158496e-05	-4,61767158496e-05	-4,61767158496e-05	-4,61767158496e-05	-4,76409296874e-05	-4,76409296874e-05	-4,76409296874e-05	-4,76409296874e-05
213300	3,47927680508e-05	3,47927680508e-05	3,47927680508e-05	3,47927680508e-05	3,80853097897e-05	3,80853097897e-05	3,80853097897e-05	4,28518354495e-05	4,28518354495e-05	4,28518354495e-05	4,28518354495e-05	4,28518354495e-05	4,28518354495e-05	4,39335485476e-05	4,39335485476e-05	4,39335485476e-05	4,39335485476e-05
214200	2,33137047274e-05	2,33137047274e-05	2,33137047274e-05	2,33137047274e-05	2,54525971416e-05	2,54525971416e-05	2,54525971416e-05	2,87091820784e-05	2,87091820784e-05	2,87091820784e-05	2,87091820784e-05	2,87091820784e-05	2,87091820784e-05	2,93548003291e-05	2,93548003291e-05	2,93548003291e-05	2,93548003291e-05
215100	-4,57334931621e-05	-4,57334931621e-05	-4,57334931621e-05	-4,57334931621e-05	-5,0026746394e-05	-5,0026746394e-05	-5,0026746394e-05	-5,65893522901e-05	-5,65893522901e-05	-5,65893522901e-05	-5,65893522901e-05	-5,65893522901e-05	-5,65893522901e-05	-5,81416049985e-05	-5,81416049985e-05	-5,81416049985e-05	-5,81416049985e-05
216000	3,12291107109e-05	3,12291107109e-05	3,12291107109e-05	3,12291107109e-05	3,42616906915e-05	3,42616906915e-05	3,42616906915e-05	3,82006467498e-05	3,82006467498e-05	3,82006467498e-05	3,82006467498e-05	3,82006467498e-05	3,82006467498e-05	3,90126457847e-05	3,90126457847e-05	3,90126457847e-05	3,90126457847e-05
216900	2,53289418396e-05	2,53289418396e-05	2,53289418396e-05	2,53289418396e-05	2,76073468825e-05	2,76073468825e-05	2,76073468825e-05	3,1340723448e-05	3,1340723448e-05	3,1340723448e-05	3,1340723448e-05	3,1340723448e-05	3,1340723448e-05	3,23119799405e-05	3,23119799405e-05	3,23119799405e-05	3,23119799405e-05
217800	-5,95454530879e-05	-5,95454530879e-05	-5,95454530879e-05	-5,95454530879e-05	-6,50472109157e-05	-6,50472109157e-05	-6,50472109157e-05	-7,34909390267e-05	-7,34909390267e-05	-7,34909390267e-05	-7,34909390267e-05	-7,34909390267e-05	-7,34909390267e-05	-7,51516915507e-05	-7,51516915507e-05	-7,51516915507e-05	-7,51516915507e-05
218700	2,85309836916e-05	2,85309836916e-05	2,85309836916e-05	2,85309836916e-05	3,11002989173e-05	3,11002989173e-05	3,11002989173e-05	3,56644153262e-05	3,56644153262e-05	3,56644153262e-05	3,56644153262e-05	3,56644153262e-05	3,56644153262e-05	3,65116886668e-05	3,65116886668e-05	3,65116886668e-05	3,65116886668e-05
219600	4,25173370479e-05	4,25173370479e-05	4,25173370479e-05	4,25173370479e-05	4,64551517714e-05	4,64551517714e-05	4,64551517714e-05	5,21814612434e-05	5,21814612434e-05	5,21814612434e-05	5,21814612434e-05	5,21814612434e-05	5,21814612434e-05	5,33607037635e-05	5,33607037635e-05	5,33607037635e-05	5,33607037635e-05
220500	2,40498773141e-05	2,40498773141e-05	2,40498773141e-05	2,40498773141e-05	2,60803810938e-05	2,60803810938e-05	2,60803810938e-05	3,0462533146e-05	3,0462533146e-05	3,0462533146e-05	3,0462533146e-05	3,0462533146e-05	3,0462533146e-05	3,15194075116e-05	3,15194075116e-05	3,15194075116e-05	3,15194075116e-05
221400	1,50950189874e-05	1,50950189874e-05	1,50950189874e-05	1,50950189874e-05	1,65129629397e-05	1,65129629397e-05	1,65129629397e-05	1,87006413627e-05	1,87006413627e-05	1,87006413627e-05	1,87006413627e-05	1,87006413627e-05	1,87006413627e-05	1,92159938954e-05	1,92159938954e-05	1,92159938954e-05	1,92159938954e-05
222300	-0,000106811145788	-0,000106811145788	-0,000106811145788	-0,000106811145788	-0,000116595014473	-0,000116595014473	-0,000116595014473	-0,000132086434484	-0,000132086434484	-0,000132086434484	-0,000132086434484	-0,000132086434484	-0,000132086434484	-0,000135574329696	-0,000135574329696	-0,000135574329696	-0,000135574329696
223200	-4,54916993608e-05	-4,54916993608e-05	-4,54916993608e-05	-4,54916993608e-05	-4,96777410503e-05	-4,96777410503e-05	-4,96777410503e-05	-5,64939309067e-05	-5,64939309067e-05	-5,64939309067e-05	-5,64939309067e-05	-5,64939309067e-05	-5,64939309067e-05	-5,81143075209e-05	-5,81143075209e-05	-5,81143075209e-05	-5,81143075209e-05
224100	3,66446946671e-05	3,66446946671e-05	3,66446946671e-05	3,66446946671e-05	4,00729913257e-05	4,00729913257e-05	4,00729913257e-05	4,50388741882e-05	4,50388741882e-05	4,50388741882e-05	4,50388741882e-05	4,50388741882e-05	4,50388741882e-05	4,64800053405e-05	4,64800053405e-05	4,64800053405e-05	4,64800053405e-05
225000	3,33031115876e-06	3,33031115876e-06	3,33031115876e-06	3,33031115876e-06	3,78148365839e-06	3,78148365839e-06	3,78148365839e-06	3,64446554855e-06	3,64446554855e-06	3,64446554855e-06	3,64446554855e-06	3,64446554855e-06	3,64446554855e-06	3,37136284769e-06	3,37136284769e-06	3,37136284769e-06	3,37136284769e-06
225900	-1,39806065316e-05	-1,39806065316e-05	-1,39806065316e-05	-1,39806065316e-05	-1,52908590435e-05	-1,52908590435e-05	-1,52908590435e-05	-1,6990925007e-05	-1,6990925007e-05	-1,6990925007e-05	-1,6990925007e-05	-1,6990925007e-05	-1,6990925007e-05	-1,71629253924e-05	-1,71629253924e-05	-1,71629253924e-05	-1,71629253924e-05
226800	-2,96398286401e-05	-2,96398286401e-05	-2,96398286401e-05	-2,96398286401e-05	-3,23943490986e-05	-3,23943490986e-05	-3,23943490986e-05	-3,646549532e-05	-3,646549532e-05	-3,646549532e-05	-3,646549532e-05	-3,646549532e-05	-3,646549532e-05	-3,73376035979e-05	-3,73376035979e-05	-3,73376035979e-05	-3,73376035979e-05
227700	1,11685593647e-05	1,11685593647e-05	1,11685593647e-05	1,11685593647e-05	1,21767095801e-05	1,21767095801e-05	1,21767095801e-05	1,4116520862e-05	1,4116520862e-05	1,4116520862e-05	1,4116520862e-05	1,4116520862e-05	1,4116520862e-05	1,45582665755e-05	1,45582665755e-05	1,45582665755e-05	1,45582665755e-05
228600	-3,24643133056e-06	-3,24643133056e-06	-3,24643133056e-06	-3,24643133056e-06	-3,48846570579e-06	-3,48846570579e-06	-3,48846570579e-06	-4,25290318033e-06	-4,25290318033e-06	-4,25290318033e-06	-4,25290318033e-06	-4,25290318033e-06	-4,25290318033e-06	-4,51815103652e-06	-4,51815103652e-06	-4,51815103652e-06	-4,51815103652e-06
229500	-1,13453086386e-05	-1,13453086386e-05	-1,13453086386e-05	-1,13453086386e-05	-1,23854385041e-05	-1,23854385041e-05	-1,23854385041e-05	-1,41544868254e-05	-1,41544868254e-05	-1,41544868254e-05	-1,41544868254e-05	-1,41544868254e-05	-1,41544868254e-05	-1,45997233904e-05	-1,45997233904e-05	-1,45997233904e-05	-1,45997233904e-05
230400	-1,00514832674e-05	-1,00514832674e-05	-1,00514832674e-05	-1,00514832674e-05	-1,1004540774e-05	-1,1004540774e-05	-1,1004540774e-05	-1,25135508472e-05	-1,25135508472e-05	-1,25135508472e-05	-1,25135508472e-05	-1,25135508472e-05	-1,25135508472e-05	-1,29233658553e-05	-1,29233658553e-05	-1,29233658553e-05	-1,29233658553e-05
231300	7,87060075016e-06	7,87060075016e-06	7,87060075016e-06	7,87060075016e-06	8,6412285368e-06	8,6412285368e-06	8,6412285368e-06	9,81956360822e-06	9,81956360822e-06	9,81956360822e-06	9,81956360822e-06	9,81956360822e-06	9,81956360822e-06	1,0084199427e-05	1,0084199427e-05	1,0084199427e-05	1,0084199427e-05
232200	-5,47352437539e-06	-5,47352437539e-06	-5,47352437539e-06	-5,47352437539e-06	-5,99657278107e-06	-5,99657278107e-06	-5,99657278107e-06	-6,89881237533e-06	-6,89881237533e-06	-6,89881237533e-06	-6,89881237533e-06	-6,89881237533e-06	-6,89881237533e-06	-7,11638047079e-06	-7,11638047079e-06	-7,11638047079e-06	-7,11638047079e-06
233100	-4,43396111892e-06	-4,43396111892e-06	-4,43396111892e-06	-4,43396111892e-06	-4,90965759715e-06	-4,90965759715e-06	-4,90965759715e-06	-5,31401708653e-06	-5,31401708653e-06	-5,31401708653e-06	-5,31401708653e-06	-5,31401708653e-06	-5,31401708653e-06	-5,37543686242e-06	-5,37543686242e-06	-5,37543686242e-06	-5,37543686242e-06
234000	6,67949404618e-06	6,67949404618e-06	6,67949404618e-06	6,67949404618e-06	7,3219887883e-06	7,3219887883e-06	7,3219887883e-06	8,39810760754e-06	8,39810760754e-06	8,39810760754e-06	8,39810760754e-06	8,39810760754e-06	8,39810760754e-06	8,59460352015e-06	8,59460352015e-06	8,59460352015e-06	8,59460352015e-06
234900	-5,70273833386e-06	-5,70273833386e-06	-5,70273833386e-06	-5,70273833386e-06	-6,31276150817e-06	-6,31276150817e-06	-6,31276150817e-06	-6,86538869927e-06	-6,86538869927e-06	-6,86538869927e-06	-6,86538869927e-06	-6,86538869927e-06	-6,86538869927e-06	-6,96350013446e-06	-6,96350013446e-06	-6,96350013446e-06	-6,96350013446e-06
235800	-3,0587951081e-06	-3,0587951081e-06	-3,0587951081e-06	-3,0587951081e-06	-3,37900557738e-06	-3,37900557738e-06	-3,37900557738e-06	-3,70573527872e-06	-3,70573527872e-06	-3,70573527872e-06	-3,70573527872e-06	-3,70573527872e-06	-3,70573527872e-06	-3,62537752102e-06	-3,62537752102e-06	-3,62537752102e-06	-3,62537752102e-06
236700	3,93890842552e-06	3,93890842552e-06	3,93890842552e-06	3,93890842552e-06	4,35829125139e-06	4,35829125139e-06	4,35829125139e-06	4,73684220979e-06	4,73684220979e-06	4,73684220979e-06	4,73684220979e-06	4,73684220979e-06	4,73684220979e-06	4,71438996106e-06	4,71438996106e-06	4,71438996106e-06	4,71438996106e-06
237600	6,61976239587e-07	6,61976239587e-07	6,61976239587e-07	6,61976239587e-07	7,49144382917e-07	7,49144382917e-07	7,49144382917e-07	7,12459551914e-07	7,12459551914e-07	7,12459551914e-07	7,12459551914e-07	7,12459551914e-07	7,12459551914e-07	6,90080230423e-07	6,90080230423e-07	6,90080230423e-07	6,90080230423e-07
238500	-2,2262753372e-06	-2,2262753372e-06	-2,2262753372e-06	-2,2262753372e-06	-2,4815594464e-06	-2,4815594464e-06	-2,4815594464e-06	-2,58576777269e-06	-2,58576777269e-06	-2,58576777269e-06	-2,58576777269e-06	-2,58576777269e-06	-2,58576777269e-06	-2,54252402304e-06	-2,54252402304e-06	-2,54252402304e-06	-2,54252402304e-06
239400	-4,35196105395e-06	-4,35196105395e-06	-4,35196105395e-06	-4,35196105395e-06	-4,72651906321e-06	-4,72651906321e-06	-4,72651906321e-06	-5,67861638679e-06	-5,67861638679e-06	-5,67861638679e-06	-5,67861638679e-06	-5,67861638679e-06	-5,67861638679e-06	-5,95039587632e-06	-5,95039587632e-06	-5,95039587632e-06	-5,95039587632e-06
240300	-3,32867334385e-06	-3,32867334385e-06	-3,32867334385e-06	-3,32867334385e-06	-3,58691603102e-06	-3,58691603102e-06	-3,58691603102e-06	-4,48503325924e-06	-4,48503325924e-06	-4,48503325924e-06	-4,48503325924e-06	-4,48503325924e-06	-4,48503325924e-06	-4,6752758183e-06	-4,6752758183e-06	-4,6752758183e-06	-4,6752758183e-06
241200	-1,17281266473e-06	-1,17281266473e-06	-1,17281266473e-06	-1,17281266473e-06	-1,29870629159e-06	-1,29870629159e-06	-1,29870629159e-06	-1,4058398091e-06	-1,4058398091e-06	-1,4058398091e-06	-1,4058398091e-06	-1,4058398091e-06	-1,4058398091e-06	-1,40641360172e-06	-1,40641360172e-06	-1,40641360172e-06	-1,40641360172e-06
242100	1,79851023839e-06	1,79851023839e-06	1,79851023839e-06	1,79851023839e-06	1,98396444257e-06	1,98396444257e-06	1,98396444257e-06	2,19357731085e-06	2,19357731085e-06	2,19357731085e-06	2,19357731085e-06	2,19357731085e-06	2,19357731085e-06	2,17659483424e-06	2,17659483424e-06	2,17659483424e-06	2,17659483424e-06
243000	-2,33857212518e-06	-2,33857212518e-06	-2,33857212518e-06	-2,33857212518e-06	-2,56674128199e-06	-2,56674128199e-06	-2,56674128199e-06	-2,91716677101e-06	-2,91716677101e-06	-2,91716677101e-06	-2,91716677101e-06	-2,91716677101e-06	-2,91716677101e-06	-2,88621836643e-06	-2,88621836643e-06	-2,88621836643e-06	-2,88621836643e-06
243900	-7,78033267053e-06	-7,78033267053e-06	-7,78033267053e-06	-7,78033267053e-06	-8,53684250051e-06	-8,53684250051e-06	-8,53684250051e-06	-9,71997060412e-06	-9,71997060412e-06	-9,71997060412e-06	-9,71997060412e-06	-9,71997060412e-06	-9,71997060412e-06	-1,00479387418e-05	-1,00479387418e-05	-1,00479387418e-05	-1,00479387418e-05
244800	3,26603363411e-06	3,26603363411e-06	3,26603363411e-06	3,26603363411e-06	3,54317070402e-06	3,54317070402e-06	3,54317070402e-06	4,28294892361e-06	4,28294892361e-06	4,28294892361e-06	4,28294892361e-06	4,28294892361e-06	4,28294892361e-06	4,60377852966e-06	4,60377852966e-06	4,60377852966e-06	4,60377852966e-06
245700	5,78150610848e-06	5,78150610848e-06	5,78150610848e-06	5,78150610848e-06	6,22539491084e-06	6,22539491084e-06	6,22539491084e-06	7,81425355531e-06	7,81425355531e-06	7,81425355531e-06	7,81425355531e-06	7,81425355531e-06	7,81425355531e-06	8,05649080379e-06	8,05649080379e-06	8,05649080379e-06	8,05649080379e-06
246600	8,61520278208e-06	8,61520278208e-06	8,61520278208e-06	8,61520278208e-06	9,48207812722e-06	9,48207812722e-06	9,48207812722e-06	1,0614139689e-05	1,0614139689e-05	1,0614139689e-05	1,0614139689e-05	1,0614139689e-05	1,0614139689e-05	1,07975403149e-05	1,07975403149e-05	1,07975403149e-05	1,07975403149e-05
247500	-2,2856339286e-06	-2,2856339286e-06	-2,2856339286e-06	-2,2856339286e-06	-2,53245998313e-06	-2,53245998313e-06	-2,53245998313e-06	-2,73138524972e-06	-2,73138524972e-06	-2,73138524972e-06	-2,73138524972e-06	-2,73138524972e-06	-2,73138524972e-06	-2,78032018503e-06	-2,78032018503e-06	-2,78032018503e-06	-2,78032018503e-06
248400	-5,41102159638e-07	-5,41102159638e-07	-5,41102159638e-07	-5,41102159638e-07	-5,72277025576e-07	-5,72277025576e-07	-5,72277025576e-07	-7,83014136535e-07	-7,83014136535e-07	-7,83014136535e-07	-7,83014136535e-07	-7,83014136535e-07	-7,83014136535e-07	-7,63825937394e-07	-7,63825937394e-07	-7,63825937394e-07	-7,63825937394e-07
249300	2,42522003945e-06	2,42522003945e-06	2,42522003945e-06	2,42522003945e-06	2,67082376012e-06	2,67082376012e-06	2,67082376012e-06	2,9797318252e-06	2,9797318252e-06	2,9797318252e-06	2,9797318252e-06	2,9797318252e-06	2,9797318252e-06	2,9994880821e-06	2,9994880821e-06	2,9994880821e-06	2,9994880821e-06
250200	1,50601437991e-06	1,50601437991e-06	1,50601437991e-06	1,50601437991e-06	1,65360985981e-06	1,65360985981e-06	1,65360985981e-06	1,87492841733e-06	1,87492841733e-06	1,87492841733e-06	1,87492841733e-06	1,87492841733e-06	1,87492841733e-06	1,9265781279e-06	1,9265781279e-06	1,9265781279e-06	1,9265781279e-06
251100	5,4602292254e-06	5,4602292254e-06	5,4602292254e-06	5,4602292254e-06	6,08647511145e-06	6,08647511145e-06	6,08647511145e-06	6,36252250812e-06	6,36252250812e-06	6,36252250812e-06	6,36252250812e-06	6,36252250812e-06	6,36252250812e-06	6,3757498375e-06	6,3757498375e-06	6,3757498375e-06	6,3757498375e-06
252000	3,92153901559e-06	3,92153901559e-06	3,92153901559e-06	3,92153901559e-06	4,30003896816e-06	4,30003896816e-06	4,30003896816e-06	4,90579109061e-06	4,90579109061e-06	4,90579109061e-06	4,90579109061e-06	4,90579109061e-06	4,90579109061e-06	5,10243935386e-06	5,10243935386e-06	5,10243935386e-06	5,10243935386e-06
252900	1,81537222167e-08	1,81537222167e-08	1,81537222167e-08	1,81537222167e-08	3,20114809637e-08	3,20114809637e-08	3,20114809637e-08	-3,78179137539e-08	-3,78179137539e-08	-3,78179137539e-08	-3,78179137539e-08	-3,78179137539e-08	-3,78179137539e-08	-7,61959809859e-08	-7,61959809859e-08	-7,61959809859e-08	-7,61959809859e-08
253800	-1,8589034656e-06	-1,8589034656e-06	-1,8589034656e-06	-1,8589034656e-06	-2,0369428374e-06	-2,0369428374e-06	-2,0369428374e-06	-2,33235591364e-06	-2,33235591364e-06	-2,33235591364e-06	-2,33235591364e-06	-2,33235591364e-06	-2,33235591364e-06	-2,4669092808e-06	-2,4669092808e-06	-2,4669092808e-06	-2,4669092808e-06
254700	-5,68900383654e-08	-5,68900383654e-08	-5,68900383654e-08	-5,68900383654e-08	-7,8569929351e-08	-7,8569929351e-08	-7,8569929351e-08	9,77617821609e-09	9,77617821609e-09	9,77617821609e-09	9,77617821609e-09	9,77617821609e-09	9,77617821609e-09	4,77082665834e-08	4,77082665834e-08	4,77082665834e-08	4,77082665834e-08
255600	3,94145157595e-06	3,94145157595e-06	3,94145157595e-06	3,94145157595e-06	4,31320901664e-06	4,31320901664e-06	4,31320901664e-06	4,9740236118e-06	4,9740236118e-06	4,9740236118e-06	4,9740236118e-06	4,9740236118e-06	4,9740236118e-06	5,11228881029e-06	5,11228881029e-06	5,11228881029e-06	5,11228881029e-06
256500	3,70476221501e-06	3,70476221501e-06	3,70476221501e-06	3,70476221501e-06	4,04320443636e-06	4,04320443636e-06	4,04320443636e-06	4,73028041514e-06	4,73028041514e-06	4,73028041514e-06	4,73028041514e-06	4,73028041514e-06	4,73028041514e-06	4,95858595857e-06	4,95858595857e-06	4,95858595857e-06	4,95858595857e-06
257400	8,50105100344e-08	8,50105100344e-08	8,50105100344e-08	8,50105100344e-08	1,1170521686e-07	1,1170521686e-07	1,1170521686e-07	1,38987527491e-08	1,38987527491e-08	1,38987527491e-08	1,38987527491e-08	1,38987527491e-08	1,38987527491e-08	-1,52428594903e-08	-1,52428594903e-08	-1,52428594903e-08	-1,52428594903e-08
258300	1,30258715006e-06	1,30258715006e-06	1,30258715006e-06	1,30258715006e-06	1,41625483045e-06	1,41625483045e-06	1,41625483045e-06	1,68979705782e-06	1,68979705782e-06	1,68979705782e-06	1,68979705782e-06	1,68979705782e-06	1,68979705782e-06	1,74360866642e-06	1,74360866642e-06	1,74360866642e-06	1,74360866642e-06
259200	1,66051071127e-06	1,66051071127e-06	1,66051071127e-06	1,66051071127e-06	1,80682199983e-06	1,80682199983e-06	1,80682199983e-06	2,14706716278e-06	2,14706716278e-06	2,14706716278e-06	2,14706716278e-06	2,14706716278e-06	2,14706716278e-06	2,22996946508e-06	2,22996946508e-06	2,22996946508e-06	2,22996946508e-06
260100	2,70369017443e-06	2,70369017443e-06	2,70369017443e-06	2,70369017443e-06	2,99752731642e-06	2,99752731642e-06	2,99752731642e-06	3,21787008889e-06	3,21787008889e-06	3,21787008889e-06	3,21787008889e-06	3,21787008889e-06	3,21787008889e-06	3,23400397144e-06	3,23400397144e-06	3,23400397144e-06	3,23400397144e-06
261000	-1,00553195157e-06	-1,00553195157e-06	-1,00553195157e-06	-1,00553195157e-06	-1,10062381922e-06	-1,10062381922e-06	-1,10062381922e-06	-1,26770798509e-06	-1,26770798509e-06	-1,26770798509e-06	-1,26770798509e-06	-1,26770798509e-06	-1,26770798509e-06	-1,293208883e-06	-1,293208883e-06	-1,293208883e-06	-1,293208883e-06
261900	3,01661679326e-07	3,01661679326e-07	3,01661679326e-07	3,01661679326e-07	3,27527642361e-07	3,27527642361e-07	3,27527642361e-07	3,93624011691e-07	3,93624011691e-07	3,93624011691e-07	3,93624011691e-07	3,93624011691e-07	3,93624011691e-07	4,15392265421e-07	4,15392265421e-07	4,15392265421e-07	4,15392265421e-07
262800	5,80642722084e-06	5,80642722084e-06	5,80642722084e-06	5,80642722084e-06	6,35230011845e-06	6,35230011845e-06	6,35230011845e-06	7,33652569169e-06	7,33652569169e-06	7,33652569169e-06	7,33652569169e-06	7,33652569169e-06	7,33652569169e-06	7,55063740287e-06	7,55063740287e-06	7,55063740287e-06	7,55063740287e-06
263700	-1,51823326899e-06	-1,51823326899e-06	-1,51823326899e-06	-1,51823326899e-06	-1,65569618576e-06	-1,65569618576e-06	-1,65569618576e-06	-1,94466008342e-06	-1,94466008342e-06	-1,94466008342e-06	-1,94466008342e-06	-1,94466008342e-06	-1,94466008342e-06	-2,02966625088e-06	-2,02966625088e-06	-2,02966625088e-06	-2,02966625088e-06
264600	1,89001814982e-06	1,89001814982e-06	1,89001814982e-06	1,89001814982e-06	2,07237893824e-06	2,07237893824e-06	2,07237893824e-06	2,36468853944e-06	2,36468853944e-06	2,36468853944e-06	2,36468853944e-06	2,36468853944e-06	2,36468853944e-06	2,42663559511e-06	2,42663559511e-06	2,42663559511e-06	2,42663559511e-06
265500	-6,01773906007e-07	-6,01773906007e-07	-6,01773906007e-07	-6,01773906007e-07	-6,60848446971e-07	-6,60848446971e-07	-6,60848446971e-07	-7,47848853037e-07	-7,47848853037e-07	-7,47848853037e-07	-7,47848853037e-07	-7,47848853037e-07	-7,47848853037e-07	-7,7162105485e-07	-7,7162105485e-07	-7,7162105485e-07	-7,7162105485e-07
266400	1,69882825643e-06	1,69882825643e-06	1,69882825643e-06	1,69882825643e-06	1,84592539053e-06	1,84592539053e-06	1,84592539053e-06	2,20956436e-06	2,20956436e-06	2,20956436e-06	2,20956436e-06	2,20956436e-06	2,20956436e-06	2,34148893251e-06	2,34148893251e-06	2,34148893251e-06	2,34148893251e-06
267300	1,34063249408e-06	1,34063249408e-06	1,34063249408e-06	1,34063249408e-06	1,46109038748e-06	1,46109038748e-06	1,46109038748e-06	1,72180053596e-06	1,72180053596e-06	1,72180053596e-06	1,72180053596e-06	1,72180053596e-06	1,72180053596e-06	1,76937627408e-06	1,76937627408e-06	1,76937627408e-06	1,76937627408e-06
