time	sensor_1	sensor_2	sensor_3	sensor_4	sensor_5	sensor_6	sensor_7	sensor_8	sensor_9	sensor_10	sensor_11	sensor_12	sensor_13	sensor_14	sensor_15	sensor_16	sensor_17
0	0	0	0	0	0	0	0	0	0	0	0	0	0	0	0	0	0
900	-1,5296159032e-06	-1,5296159032e-06	-1,5296159032e-06	-1,5296159032e-06	-1,55669033971e-06	-1,55669033971e-06	-1,55669033971e-06	-1,59418851959e-06	-1,59418851959e-06	-1,59418851959e-06	-1,59418851959e-06	-1,59418851959e-06	-1,59418851959e-06	-1,60265040382e-06	-1,60265040382e-06	-1,60265040382e-06	-1,60265040382e-06
1800	3,36915683652e-06	3,36915683652e-06	3,36915683652e-06	3,36915683652e-06	3,42571906505e-06	3,42571906505e-06	3,42571906505e-06	3,52665600864e-06	3,52665600864e-06	3,52665600864e-06	3,52665600864e-06	3,52665600864e-06	3,52665600864e-06	3,55154947378e-06	3,55154947378e-06	3,55154947378e-06	3,55154947378e-06
2700	-4,22064507649e-06	-4,22064507649e-06	-4,22064507649e-06	-4,22064507649e-06	-4,29173837977e-06	-4,29173837977e-06	-4,29173837977e-06	-4,41691216982e-06	-4,41691216982e-06	-4,41691216982e-06	-4,41691216982e-06	-4,41691216982e-06	-4,41691216982e-06	-4,44614156883e-06	-4,44614156883e-06	-4,44614156883e-06	-4,44614156883e-06
3600	3,78619884702e-08	3,78619884702e-08	3,78619884702e-08	3,78619884702e-08	3,7277930493e-08	3,7277930493e-08	3,7277930493e-08	4,57317401275e-08	4,57317401275e-08	4,57317401275e-08	4,57317401275e-08	4,57317401275e-08	4,57317401275e-08	4,68139870454e-08	4,68139870454e-08	4,68139870454e-08	4,68139870454e-08
4500	6,79276192978e-07	6,79276192978e-07	6,79276192978e-07	6,79276192978e-07	6,9200145327e-07	6,9200145327e-07	6,9200145327e-07	7,04442647264e-07	7,04442647264e-07	7,04442647264e-07	7,04442647264e-07	7,04442647264e-07	7,04442647264e-07	7,0738359428e-07	7,0738359428e-07	7,0738359428e-07	7,0738359428e-07
5400	8,04973946174e-07	8,04973946174e-07	8,04973946174e-07	8,04973946174e-07	8,194880681e-07	8,194880681e-07	8,194880681e-07	8,37621705176e-07	8,37621705176e-07	8,37621705176e-07	8,37621705176e-07	8,37621705176e-07	8,37621705176e-07	8,40035184645e-07	8,40035184645e-07	8,40035184645e-07	8,40035184645e-07
6300	4,11829567793e-07	4,11829567793e-07	4,11829567793e-07	4,11829567793e-07	4,1933482736e-07	4,1933482736e-07	4,1933482736e-07	4,28132261429e-07	4,28132261429e-07	4,28132261429e-07	4,28132261429e-07	4,28132261429e-07	4,28132261429e-07	4,29482494308e-07	4,29482494308e-07	4,29482494308e-07	4,29482494308e-07
7200	-5,62040455594e-07	-5,62040455594e-07	-5,62040455594e-07	-5,62040455594e-07	-5,71823215883e-07	-5,71823215883e-07	-5,71823215883e-07	-5,86591812631e-07	-5,86591812631e-07	-5,86591812631e-07	-5,86591812631e-07	-5,86591812631e-07	-5,86591812631e-07	-5,88103199601e-07	-5,88103199601e-07	-5,88103199601e-07	-5,88103199601e-07
8100	8,94180998997e-07	8,94180998997e-07	8,94180998997e-07	8,94180998997e-07	9,08782498286e-07	9,08782498286e-07	9,08782498286e-07	9,38046841724e-07	9,38046841724e-07	9,38046841724e-07	9,38046841724e-07	9,38046841724e-07	9,38046841724e-07	9,44325904428e-07	9,44325904428e-07	9,44325904428e-07	9,44325904428e-07
9000	1,90767671404e-07	1,90767671404e-07	1,90767671404e-07	1,90767671404e-07	1,93842288418e-07	1,93842288418e-07	1,93842288418e-07	2,00328456813e-07	2,00328456813e-07	2,00328456813e-07	2,00328456813e-07	2,00328456813e-07	2,00328456813e-07	2,02998481655e-07	2,02998481655e-07	2,02998481655e-07	2,02998481655e-07
9900	-5,92073250467e-08	-5,92073250467e-08	-5,92073250467e-08	-5,92073250467e-08	-5,94034763991e-08	-5,94034763991e-08	-5,94034763991e-08	-6,59651838194e-08	-6,59651838194e-08	-6,59651838194e-08	-6,59651838194e-08	-6,59651838194e-08	-6,59651838194e-08	-6,76685552133e-08	-6,76685552133e-08	-6,76685552133e-08	-6,76685552133e-08
10800	3,39924442521e-07	3,39924442521e-07	3,39924442521e-07	3,39924442521e-07	3,45308428712e-07	3,45308428712e-07	3,45308428712e-07	3,57432825677e-07	3,57432825677e-07	3,57432825677e-07	3,57432825677e-07	3,57432825677e-07	3,57432825677e-07	3,59134186462e-07	3,59134186462e-07	3,59134186462e-07	3,59134186462e-07
11700	-1,72412280554e-07	-1,72412280554e-07	-1,72412280554e-07	-1,72412280554e-07	-1,75551238602e-07	-1,75551238602e-07	-1,75551238602e-07	-1,79252099401e-07	-1,79252099401e-07	-1,79252099401e-07	-1,79252099401e-07	-1,79252099401e-07	-1,79252099401e-07	-1,80312405381e-07	-1,80312405381e-07	-1,80312405381e-07	-1,80312405381e-07
12600	-2,49925024822e-07	-2,49925024822e-07	-2,49925024822e-07	-2,49925024822e-07	-2,54076718212e-07	-2,54076718212e-07	-2,54076718212e-07	-2,61832742972e-07	-2,61832742972e-07	-2,61832742972e-07	-2,61832742972e-07	-2,61832742972e-07	-2,61832742972e-07	-2,63365027571e-07	-2,63365027571e-07	-2,63365027571e-07	-2,63365027571e-07
13500	-2,52056134173e-07	-2,52056134173e-07	-2,52056134173e-07	-2,52056134173e-07	-2,56434417421e-07	-2,56434417421e-07	-2,56434417421e-07	-2,63109952982e-07	-2,63109952982e-07	-2,63109952982e-07	-2,63109952982e-07	-2,63109952982e-07	-2,63109952982e-07	-2,63813793767e-07	-2,63813793767e-07	-2,63813793767e-07	-2,63813793767e-07
14400	4,58569607814e-07	4,58569607814e-07	4,58569607814e-07	4,58569607814e-07	4,66382402774e-07	4,66382402774e-07	4,66382402774e-07	4,79441717956e-07	4,79441717956e-07	4,79441717956e-07	4,79441717956e-07	4,79441717956e-07	4,79441717956e-07	4,82547860074e-07	4,82547860074e-07	4,82547860074e-07	4,82547860074e-07
15300	3,77925788693e-07	3,77925788693e-07	3,77925788693e-07	3,77925788693e-07	3,84593821321e-07	3,84593821321e-07	3,84593821321e-07	3,93980225525e-07	3,93980225525e-07	3,93980225525e-07	3,93980225525e-07	3,93980225525e-07	3,93980225525e-07	3,95256537084e-07	3,95256537084e-07	3,95256537084e-07	3,95256537084e-07
16200	-5,34877524413e-07	-5,34877524413e-07	-5,34877524413e-07	-5,34877524413e-07	-5,43532439963e-07	-5,43532439963e-07	-5,43532439963e-07	-5,61513342242e-07	-5,61513342242e-07	-5,61513342242e-07	-5,61513342242e-07	-5,61513342242e-07	-5,61513342242e-07	-5,6563463975e-07	-5,6563463975e-07	-5,6563463975e-07	-5,6563463975e-07
17100	1,91758821977e-07	1,91758821977e-07	1,91758821977e-07	1,91758821977e-07	1,9452744151e-07	1,9452744151e-07	1,9452744151e-07	2,02978996791e-07	2,02978996791e-07	2,02978996791e-07	2,02978996791e-07	2,02978996791e-07	2,02978996791e-07	2,04289858582e-07	2,04289858582e-07	2,04289858582e-07	2,04289858582e-07
18000	-5,55813458546e-09	-5,55813458546e-09	-5,55813458546e-09	-5,55813458546e-09	-5,86997084389e-09	-5,86997084389e-09	-5,86997084389e-09	-4,72540665284e-09	-4,72540665284e-09	-4,72540665284e-09	-4,72540665284e-09	-4,72540665284e-09	-4,72540665284e-09	-2,07423891973e-09	-2,07423891973e-09	-2,07423891973e-09	-2,07423891973e-09
18900	-9,85942377885e-08	-9,85942377885e-08	-9,85942377885e-08	-9,85942377885e-08	-1,00295855691e-07	-1,00295855691e-07	-1,00295855691e-07	-1,0297269254e-07	-1,0297269254e-07	-1,0297269254e-07	-1,0297269254e-07	-1,0297269254e-07	-1,0297269254e-07	-1,04227292191e-07	-1,04227292191e-07	-1,04227292191e-07	-1,04227292191e-07
19800	2,47467732671e-07	2,47467732671e-07	2,47467732671e-07	2,47467732671e-07	2,51518458277e-07	2,51518458277e-07	2,51518458277e-07	2,59558345912e-07	2,59558345912e-07	2,59558345912e-07	2,59558345912e-07	2,59558345912e-07	2,59558345912e-07	2,60858292923e-07	2,60858292923e-07	2,60858292923e-07	2,60858292923e-07
20700	-2,90173404475e-07	-2,90173404475e-07	-2,90173404475e-07	-2,90173404475e-07	-2,9486611693e-07	-2,9486611693e-07	-2,9486611693e-07	-3,04636431768e-07	-3,04636431768e-07	-3,04636431768e-07	-3,04636431768e-07	-3,04636431768e-07	-3,04636431768e-07	-3,07253540752e-07	-3,07253540752e-07	-3,07253540752e-07	-3,07253540752e-07
21600	-2,97987426189e-07	-2,97987426189e-07	-2,97987426189e-07	-2,97987426189e-07	-3,02629437454e-07	-3,02629437454e-07	-3,02629437454e-07	-3,13725999863e-07	-3,13725999863e-07	-3,13725999863e-07	-3,13725999863e-07	-3,13725999863e-07	-3,13725999863e-07	-3,17192653147e-07	-3,17192653147e-07	-3,17192653147e-07	-3,17192653147e-07
22500	-2,36045445265e-07	-2,36045445265e-07	-2,36045445265e-07	-2,36045445265e-07	-2,40367464241e-07	-2,40367464241e-07	-2,40367464241e-07	-2,45288242243e-07	-2,45288242243e-07	-2,45288242243e-07	-2,45288242243e-07	-2,45288242243e-07	-2,45288242243e-07	-2,45138541578e-07	-2,45138541578e-07	-2,45138541578e-07	-2,45138541578e-07
23400	-1,65137457549e-07	-1,65137457549e-07	-1,65137457549e-07	-1,65137457549e-07	-1,68078225663e-07	-1,68078225663e-07	-1,68078225663e-07	-1,72018530601e-07	-1,72018530601e-07	-1,72018530601e-07	-1,72018530601e-07	-1,72018530601e-07	-1,72018530601e-07	-1,72122309489e-07	-1,72122309489e-07	-1,72122309489e-07	-1,72122309489e-07
24300	1,41670273129e-07	1,41670273129e-07	1,41670273129e-07	1,41670273129e-07	1,43726400528e-07	1,43726400528e-07	1,43726400528e-07	1,49907036777e-07	1,49907036777e-07	1,49907036777e-07	1,49907036777e-07	1,49907036777e-07	1,49907036777e-07	1,50955792395e-07	1,50955792395e-07	1,50955792395e-07	1,50955792395e-07
25200	-5,09498016108e-07	-5,09498016108e-07	-5,09498016108e-07	-5,09498016108e-07	-5,18077543868e-07	-5,18077543868e-07	-5,18077543868e-07	-5,33197761311e-07	-5,33197761311e-07	-5,33197761311e-07	-5,33197761311e-07	-5,33197761311e-07	-5,33197761311e-07	-5,37957708493e-07	-5,37957708493e-07	-5,37957708493e-07	-5,37957708493e-07
26100	-1,14725891351e-07	-1,14725891351e-07	-1,14725891351e-07	-1,14725891351e-07	-1,16010990231e-07	-1,16010990231e-07	-1,16010990231e-07	-1,23296553253e-07	-1,23296553253e-07	-1,23296553253e-07	-1,23296553253e-07	-1,23296553253e-07	-1,23296553253e-07	-1,24935763267e-07	-1,24935763267e-07	-1,24935763267e-07	-1,24935763267e-07
27000	4,43387667839e-08	4,43387667839e-08	4,43387667839e-08	4,43387667839e-08	4,50004038872e-08	4,50004038872e-08	4,50004038872e-08	4,68262084013e-08	4,68262084013e-08	4,68262084013e-08	4,68262084013e-08	4,68262084013e-08	4,68262084013e-08	4,81469156673e-08	4,81469156673e-08	4,81469156673e-08	4,81469156673e-08
27900	-5,887742419e-07	-5,887742419e-07	-5,887742419e-07	-5,887742419e-07	-5,98400286358e-07	-5,98400286358e-07	-5,98400286358e-07	-6,17606883588e-07	-6,17606883588e-07	-6,17606883588e-07	-6,17606883588e-07	-6,17606883588e-07	-6,17606883588e-07	-6,2295492521e-07	-6,2295492521e-07	-6,2295492521e-07	-6,2295492521e-07
28800	-1,16520219291e-06	-1,16520219291e-06	-1,16520219291e-06	-1,16520219291e-06	-1,18473588098e-06	-1,18473588098e-06	-1,18473588098e-06	-1,21985652935e-06	-1,21985652935e-06	-1,21985652935e-06	-1,21985652935e-06	-1,21985652935e-06	-1,21985652935e-06	-1,22821241047e-06	-1,22821241047e-06	-1,22821241047e-06	-1,22821241047e-06
29700	-1,01105398032e-06	-1,01105398032e-06	-1,01105398032e-06	-1,01105398032e-06	-1,03116859037e-06	-1,03116859037e-06	-1,03116859037e-06	-1,04266047625e-06	-1,04266047625e-06	-1,04266047625e-06	-1,04266047625e-06	-1,04266047625e-06	-1,04266047625e-06	-1,04350437916e-06	-1,04350437916e-06	-1,04350437916e-06	-1,04350437916e-06
30600	-3,03517418487e-06	-3,03517418487e-06	-3,03517418487e-06	-3,03517418487e-06	-3,08218906821e-06	-3,08218906821e-06	-3,08218906821e-06	-3,19697676705e-06	-3,19697676705e-06	-3,19697676705e-06	-3,19697676705e-06	-3,19697676705e-06	-3,19697676705e-06	-3,22932951254e-06	-3,22932951254e-06	-3,22932951254e-06	-3,22932951254e-06
31500	1,23788720785e-06	1,23788720785e-06	1,23788720785e-06	1,23788720785e-06	1,25746923099e-06	1,25746923099e-06	1,25746923099e-06	1,30182983278e-06	1,30182983278e-06	1,30182983278e-06	1,30182983278e-06	1,30182983278e-06	1,30182983278e-06	1,31505467918e-06	1,31505467918e-06	1,31505467918e-06	1,31505467918e-06
32400	1,757410658e-06	1,757410658e-06	1,757410658e-06	1,757410658e-06	1,78798751378e-06	1,78798751378e-06	1,78798751378e-06	1,83428129807e-06	1,83428129807e-06	1,83428129807e-06	1,83428129807e-06	1,83428129807e-06	1,83428129807e-06	1,84528402078e-06	1,84528402078e-06	1,84528402078e-06	1,84528402078e-06
33300	-5,71953631054e-07	-5,71953631054e-07	-5,71953631054e-07	-5,71953631054e-07	-5,81743122909e-07	-5,81743122909e-07	-5,81743122909e-07	-5,97783122181e-07	-5,97783122181e-07	-5,97783122181e-07	-5,97783122181e-07	-5,97783122181e-07	-5,97783122181e-07	-6,02519785412e-07	-6,02519785412e-07	-6,02519785412e-07	-6,02519785412e-07
34200	8,19601605573e-07	8,19601605573e-07	8,19601605573e-07	8,19601605573e-07	8,27031051163e-07	8,27031051163e-07	8,27031051163e-07	8,69852907171e-07	8,69852907171e-07	8,69852907171e-07	8,69852907171e-07	8,69852907171e-07	8,69852907171e-07	8,80658699545e-07	8,80658699545e-07	8,80658699545e-07	8,80658699545e-07
35100	-3,21651771363e-06	-3,21651771363e-06	-3,21651771363e-06	-3,21651771363e-06	-3,26900952557e-06	-3,26900952557e-06	-3,26900952557e-06	-3,35489115625e-06	-3,35489115625e-06	-3,35489115625e-06	-3,35489115625e-06	-3,35489115625e-06	-3,35489115625e-06	-3,37669335858e-06	-3,37669335858e-06	-3,37669335858e-06	-3,37669335858e-06
36000	5,64815613629e-06	5,64815613629e-06	5,64815613629e-06	5,64815613629e-06	5,73953284527e-06	5,73953284527e-06	5,73953284527e-06	5,88177479572e-06	5,88177479572e-06	5,88177479572e-06	5,88177479572e-06	5,88177479572e-06	5,88177479572e-06	5,9098076301e-06	5,9098076301e-06	5,9098076301e-06	5,9098076301e-06
36900	-1,04987876891e-06	-1,04987876891e-06	-1,04987876891e-06	-1,04987876891e-06	-1,06104696141e-06	-1,06104696141e-06	-1,06104696141e-06	-1,13097256907e-06	-1,13097256907e-06	-1,13097256907e-06	-1,13097256907e-06	-1,13097256907e-06	-1,13097256907e-06	-1,14490427276e-06	-1,14490427276e-06	-1,14490427276e-06	-1,14490427276e-06
37800	-2,05408822399e-06	-2,05408822399e-06	-2,05408822399e-06	-2,05408822399e-06	-2,08885768592e-06	-2,08885768592e-06	-2,08885768592e-06	-2,14599715753e-06	-2,14599715753e-06	-2,14599715753e-06	-2,14599715753e-06	-2,14599715753e-06	-2,14599715753e-06	-2,16380751543e-06	-2,16380751543e-06	-2,16380751543e-06	-2,16380751543e-06
38700	8,78925599071e-06	8,78925599071e-06	8,78925599071e-06	8,78925599071e-06	8,93299823575e-06	8,93299823575e-06	8,93299823575e-06	9,18482779008e-06	9,18482779008e-06	9,18482779008e-06	9,18482779008e-06	9,18482779008e-06	9,18482779008e-06	9,25207809151e-06	9,25207809151e-06	9,25207809151e-06	9,25207809151e-06
39600	1,97664517929e-06	1,97664517929e-06	1,97664517929e-06	1,97664517929e-06	2,01083926353e-06	2,01083926353e-06	2,01083926353e-06	2,02796376698e-06	2,02796376698e-06	2,02796376698e-06	2,02796376698e-06	2,02796376698e-06	2,02796376698e-06	2,02631459655e-06	2,02631459655e-06	2,02631459655e-06	2,02631459655e-06
40500	2,00262015785e-06	2,00262015785e-06	2,00262015785e-06	2,00262015785e-06	2,03012601127e-06	2,03012601127e-06	2,03012601127e-06	2,12468544841e-06	2,12468544841e-06	2,12468544841e-06	2,12468544841e-06	2,12468544841e-06	2,12468544841e-06	2,1490034648e-06	2,1490034648e-06	2,1490034648e-06	2,1490034648e-06
41400	1,86897557414e-06	1,86897557414e-06	1,86897557414e-06	1,86897557414e-06	1,90403765941e-06	1,90403765941e-06	1,90403765941e-06	1,93134074768e-06	1,93134074768e-06	1,93134074768e-06	1,93134074768e-06	1,93134074768e-06	1,93134074768e-06	1,92960958246e-06	1,92960958246e-06	1,92960958246e-06	1,92960958246e-06
42300	2,55611540209e-05	2,55611540209e-05	2,55611540209e-05	2,55611540209e-05	2,59785134843e-05	2,59785134843e-05	2,59785134843e-05	2,66482029353e-05	2,66482029353e-05	2,66482029353e-05	2,66482029353e-05	2,66482029353e-05	2,66482029353e-05	2,67950434053e-05	2,67950434053e-05	2,67950434053e-05	2,67950434053e-05
43200	-3,3179220899e-06	-3,3179220899e-06	-3,3179220899e-06	-3,3179220899e-06	-3,3708044985e-06	-3,3708044985e-06	-3,3708044985e-06	-3,47355263671e-06	-3,47355263671e-06	-3,47355263671e-06	-3,47355263671e-06	-3,47355263671e-06	-3,47355263671e-06	-3,49628115764e-06	-3,49628115764e-06	-3,49628115764e-06	-3,49628115764e-06
44100	-1,47229656687e-05	-1,47229656687e-05	-1,47229656687e-05	-1,47229656687e-05	-1,49719212239e-05	-1,49719212239e-05	-1,49719212239e-05	-1,53144299739e-05	-1,53144299739e-05	-1,53144299739e-05	-1,53144299739e-05	-1,53144299739e-05	-1,53144299739e-05	-1,53928449514e-05	-1,53928449514e-05	-1,53928449514e-05	-1,53928449514e-05
45000	9,14213449408e-06	9,14213449408e-06	9,14213449408e-06	9,14213449408e-06	9,28652810636e-06	9,28652810636e-06	9,28652810636e-06	9,50917306869e-06	9,50917306869e-06	9,50917306869e-06	9,50917306869e-06	9,50917306869e-06	9,50917306869e-06	9,57467299277e-06	9,57467299277e-06	9,57467299277e-06	9,57467299277e-06
45900	-5,58073093386e-07	-5,58073093386e-07	-5,58073093386e-07	-5,58073093386e-07	-5,72998957653e-07	-5,72998957653e-07	-5,72998957653e-07	-5,47303000866e-07	-5,47303000866e-07	-5,47303000866e-07	-5,47303000866e-07	-5,47303000866e-07	-5,47303000866e-07	-5,5111299381e-07	-5,5111299381e-07	-5,5111299381e-07	-5,5111299381e-07
46800	-6,33754975666e-06	-6,33754975666e-06	-6,33754975666e-06	-6,33754975666e-06	-6,43984421614e-06	-6,43984421614e-06	-6,43984421614e-06	-6,63025687731e-06	-6,63025687731e-06	-6,63025687731e-06	-6,63025687731e-06	-6,63025687731e-06	-6,63025687731e-06	-6,67361304134e-06	-6,67361304134e-06	-6,67361304134e-06	-6,67361304134e-06
47700	1,89822126555e-05	1,89822126555e-05	1,89822126555e-05	1,89822126555e-05	1,93066283221e-05	1,93066283221e-05	1,93066283221e-05	1,97326263919e-05	1,97326263919e-05	1,97326263919e-05	1,97326263919e-05	1,97326263919e-05	1,97326263919e-05	1,98304865929e-05	1,98304865929e-05	1,98304865929e-05	1,98304865929e-05
48600	-1,24045509428e-05	-1,24045509428e-05	-1,24045509428e-05	-1,24045509428e-05	-1,26068634392e-05	-1,26068634392e-05	-1,26068634392e-05	-1,29412369259e-05	-1,29412369259e-05	-1,29412369259e-05	-1,29412369259e-05	-1,29412369259e-05	-1,29412369259e-05	-1,3007348441e-05	-1,3007348441e-05	-1,3007348441e-05	-1,3007348441e-05
49500	-7,27724020244e-06	-7,27724020244e-06	-7,27724020244e-06	-7,27724020244e-06	-7,39530236377e-06	-7,39530236377e-06	-7,39530236377e-06	-7,5348336454e-06	-7,5348336454e-06	-7,5348336454e-06	-7,5348336454e-06	-7,5348336454e-06	-7,5348336454e-06	-7,57125409438e-06	-7,57125409438e-06	-7,57125409438e-06	-7,57125409438e-06
50400	2,44404671359e-05	2,44404671359e-05	2,44404671359e-05	2,44404671359e-05	2,48384122808e-05	2,48384122808e-05	2,48384122808e-05	2,54857144725e-05	2,54857144725e-05	2,54857144725e-05	2,54857144725e-05	2,54857144725e-05	2,54857144725e-05	2,56312508684e-05	2,56312508684e-05	2,56312508684e-05	2,56312508684e-05
51300	-2,43347506201e-05	-2,43347506201e-05	-2,43347506201e-05	-2,43347506201e-05	-2,47339684018e-05	-2,47339684018e-05	-2,47339684018e-05	-2,53525216287e-05	-2,53525216287e-05	-2,53525216287e-05	-2,53525216287e-05	-2,53525216287e-05	-2,53525216287e-05	-2,54851969018e-05	-2,54851969018e-05	-2,54851969018e-05	-2,54851969018e-05
52200	-1,39498265504e-05	-1,39498265504e-05	-1,39498265504e-05	-1,39498265504e-05	-1,41789843098e-05	-1,41789843098e-05	-1,41789843098e-05	-1,45495413106e-05	-1,45495413106e-05	-1,45495413106e-05	-1,45495413106e-05	-1,45495413106e-05	-1,45495413106e-05	-1,4637721339e-05	-1,4637721339e-05	-1,4637721339e-05	-1,4637721339e-05
53100	-7,53445981854e-06	-7,53445981854e-06	-7,53445981854e-06	-7,53445981854e-06	-7,65596780539e-06	-7,65596780539e-06	-7,65596780539e-06	-7,85258541771e-06	-7,85258541771e-06	-7,85258541771e-06	-7,85258541771e-06	-7,85258541771e-06	-7,85258541771e-06	-7,89477983957e-06	-7,89477983957e-06	-7,89477983957e-06	-7,89477983957e-06
54000	1,93568732149e-07	1,93568732149e-07	1,93568732149e-07	1,93568732149e-07	1,95285213761e-07	1,95285213761e-07	1,95285213761e-07	2,00429205524e-07	2,00429205524e-07	2,00429205524e-07	2,00429205524e-07	2,00429205524e-07	2,00429205524e-07	2,03404916459e-07	2,03404916459e-07	2,03404916459e-07	2,03404916459e-07
54900	1,39705114585e-05	1,39705114585e-05	1,39705114585e-05	1,39705114585e-05	1,41962870935e-05	1,41962870935e-05	1,41962870935e-05	1,45738347245e-05	1,45738347245e-05	1,45738347245e-05	1,45738347245e-05	1,45738347245e-05	1,45738347245e-05	1,46641927093e-05	1,46641927093e-05	1,46641927093e-05	1,46641927093e-05
55800	-1,20270485959e-05	-1,20270485959e-05	-1,20270485959e-05	-1,20270485959e-05	-1,22173838253e-05	-1,22173838253e-05	-1,22173838253e-05	-1,25444962676e-05	-1,25444962676e-05	-1,25444962676e-05	-1,25444962676e-05	-1,25444962676e-05	-1,25444962676e-05	-1,2628330215e-05	-1,2628330215e-05	-1,2628330215e-05	-1,2628330215e-05
56700	-7,11570895506e-06	-7,11570895506e-06	-7,11570895506e-06	-7,11570895506e-06	-7,23171844867e-06	-7,23171844867e-06	-7,23171844867e-06	-7,42758177462e-06	-7,42758177462e-06	-7,42758177462e-06	-7,42758177462e-06	-7,42758177462e-06	-7,42758177462e-06	-7,4766380899e-06	-7,4766380899e-06	-7,4766380899e-06	-7,4766380899e-06
57600	3,78892970283e-06	3,78892970283e-06	3,78892970283e-06	3,78892970283e-06	3,85026613442e-06	3,85026613442e-06	3,85026613442e-06	3,96635312525e-06	3,96635312525e-06	3,96635312525e-06	3,96635312525e-06	3,96635312525e-06	3,96635312525e-06	4,0012742489e-06	4,0012742489e-06	4,0012742489e-06	4,0012742489e-06
58500	-4,697539678e-06	-4,697539678e-06	-4,697539678e-06	-4,697539678e-06	-4,77671893544e-06	-4,77671893544e-06	-4,77671893544e-06	-4,90470306949e-06	-4,90470306949e-06	-4,90470306949e-06	-4,90470306949e-06	-4,90470306949e-06	-4,90470306949e-06	-4,92806395414e-06	-4,92806395414e-06	-4,92806395414e-06	-4,92806395414e-06
59400	-1,24248296131e-06	-1,24248296131e-06	-1,24248296131e-06	-1,24248296131e-06	-1,26333293929e-06	-1,26333293929e-06	-1,26333293929e-06	-1,30072073219e-06	-1,30072073219e-06	-1,30072073219e-06	-1,30072073219e-06	-1,30072073219e-06	-1,30072073219e-06	-1,31393712725e-06	-1,31393712725e-06	-1,31393712725e-06	-1,31393712725e-06
60300	3,28045424278e-07	3,28045424278e-07	3,28045424278e-07	3,28045424278e-07	3,29932715352e-07	3,29932715352e-07	3,29932715352e-07	3,61509428366e-07	3,61509428366e-07	3,61509428366e-07	3,61509428366e-07	3,61509428366e-07	3,61509428366e-07	3,72297234505e-07	3,72297234505e-07	3,72297234505e-07	3,72297234505e-07
61200	-1,48496581878e-06	-1,48496581878e-06	-1,48496581878e-06	-1,48496581878e-06	-1,50765711895e-06	-1,50765711895e-06	-1,50765711895e-06	-1,56572235529e-06	-1,56572235529e-06	-1,56572235529e-06	-1,56572235529e-06	-1,56572235529e-06	-1,56572235529e-06	-1,58182516882e-06	-1,58182516882e-06	-1,58182516882e-06	-1,58182516882e-06
62100	1,72416100695e-06	1,72416100695e-06	1,72416100695e-06	1,72416100695e-06	1,75262238928e-06	1,75262238928e-06	1,75262238928e-06	1,8073259639e-06	1,8073259639e-06	1,8073259639e-06	1,8073259639e-06	1,8073259639e-06	1,8073259639e-06	1,81687478421e-06	1,81687478421e-06	1,81687478421e-06	1,81687478421e-06
63000	-2,35683051726e-07	-2,35683051726e-07	-2,35683051726e-07	-2,35683051726e-07	-2,39910388246e-07	-2,39910388246e-07	-2,39910388246e-07	-2,4536748521e-07	-2,4536748521e-07	-2,4536748521e-07	-2,4536748521e-07	-2,4536748521e-07	-2,4536748521e-07	-2,4563068303e-07	-2,4563068303e-07	-2,4563068303e-07	-2,4563068303e-07
63900	6,44673686635e-07	6,44673686635e-07	6,44673686635e-07	6,44673686635e-07	6,58173550943e-07	6,58173550943e-07	6,58173550943e-07	6,61476969607e-07	6,61476969607e-07	6,61476969607e-07	6,61476969607e-07	6,61476969607e-07	6,61476969607e-07	6,61250119307e-07	6,61250119307e-07	6,61250119307e-07	6,61250119307e-07
64800	1,23507829863e-06	1,23507829863e-06	1,23507829863e-06	1,23507829863e-06	1,25620991738e-06	1,25620991738e-06	1,25620991738e-06	1,29091867063e-06	1,29091867063e-06	1,29091867063e-06	1,29091867063e-06	1,29091867063e-06	1,29091867063e-06	1,30077882959e-06	1,30077882959e-06	1,30077882959e-06	1,30077882959e-06
65700	-2,33422962345e-06	-2,33422962345e-06	-2,33422962345e-06	-2,33422962345e-06	-2,37363971301e-06	-2,37363971301e-06	-2,37363971301e-06	-2,44244506528e-06	-2,44244506528e-06	-2,44244506528e-06	-2,44244506528e-06	-2,44244506528e-06	-2,44244506528e-06	-2,45760237619e-06	-2,45760237619e-06	-2,45760237619e-06	-2,45760237619e-06
66600	1,9377109091e-07	1,9377109091e-07	1,9377109091e-07	1,9377109091e-07	1,94892843278e-07	1,94892843278e-07	1,94892843278e-07	2,13503352179e-07	2,13503352179e-07	2,13503352179e-07	2,13503352179e-07	2,13503352179e-07	2,13503352179e-07	2,20313432552e-07	2,20313432552e-07	2,20313432552e-07	2,20313432552e-07
67500	1,11730059645e-06	1,11730059645e-06	1,11730059645e-06	1,11730059645e-06	1,13545033083e-06	1,13545033083e-06	1,13545033083e-06	1,17265810807e-06	1,17265810807e-06	1,17265810807e-06	1,17265810807e-06	1,17265810807e-06	1,17265810807e-06	1,18534150467e-06	1,18534150467e-06	1,18534150467e-06	1,18534150467e-06
68400	-4,64032522039e-06	-4,64032522039e-06	-4,64032522039e-06	-4,64032522039e-06	-4,72231705015e-06	-4,72231705015e-06	-4,72231705015e-06	-4,83733940071e-06	-4,83733940071e-06	-4,83733940071e-06	-4,83733940071e-06	-4,83733940071e-06	-4,83733940071e-06	-4,86546874304e-06	-4,86546874304e-06	-4,86546874304e-06	-4,86546874304e-06
69300	1,57182481796e-06	1,57182481796e-06	1,57182481796e-06	1,57182481796e-06	1,59936942954e-06	1,59936942954e-06	1,59936942954e-06	1,63968292699e-06	1,63968292699e-06	1,63968292699e-06	1,63968292699e-06	1,63968292699e-06	1,63968292699e-06	1,64958755076e-06	1,64958755076e-06	1,64958755076e-06	1,64958755076e-06
70200	-1,91399771185e-06	-1,91399771185e-06	-1,91399771185e-06	-1,91399771185e-06	-1,94677048608e-06	-1,94677048608e-06	-1,94677048608e-06	-2,00049817832e-06	-2,00049817832e-06	-2,00049817832e-06	-2,00049817832e-06	-2,00049817832e-06	-2,00049817832e-06	-2,01670587898e-06	-2,01670587898e-06	-2,01670587898e-06	-2,01670587898e-06
71100	-1,49028656924e-06	-1,49028656924e-06	-1,49028656924e-06	-1,49028656924e-06	-1,51053604078e-06	-1,51053604078e-06	-1,51053604078e-06	-1,58399864133e-06	-1,58399864133e-06	-1,58399864133e-06	-1,58399864133e-06	-1,58399864133e-06	-1,58399864133e-06	-1,6039970916e-06	-1,6039970916e-06	-1,6039970916e-06	-1,6039970916e-06
72000	-7,3038576166e-07	-7,3038576166e-07	-7,3038576166e-07	-7,3038576166e-07	-7,43217741366e-07	-7,43217741366e-07	-7,43217741366e-07	-7,61778442931e-07	-7,61778442931e-07	-7,61778442931e-07	-7,61778442931e-07	-7,61778442931e-07	-7,61778442931e-07	-7,63981775063e-07	-7,63981775063e-07	-7,63981775063e-07	-7,63981775063e-07
72900	3,08050079493e-06	3,08050079493e-06	3,08050079493e-06	3,08050079493e-06	3,13304551249e-06	3,13304551249e-06	3,13304551249e-06	3,22070687646e-06	3,22070687646e-06	3,22070687646e-06	3,22070687646e-06	3,22070687646e-06	3,22070687646e-06	3,23526479184e-06	3,23526479184e-06	3,23526479184e-06	3,23526479184e-06
73800	3,47824286973e-07	3,47824286973e-07	3,47824286973e-07	3,47824286973e-07	3,52345369915e-07	3,52345369915e-07	3,52345369915e-07	3,70713992168e-07	3,70713992168e-07	3,70713992168e-07	3,70713992168e-07	3,70713992168e-07	3,70713992168e-07	3,83363710262e-07	3,83363710262e-07	3,83363710262e-07	3,83363710262e-07
74700	7,99509036312e-07	7,99509036312e-07	7,99509036312e-07	7,99509036312e-07	8,12510390618e-07	8,12510390618e-07	8,12510390618e-07	8,39070765764e-07	8,39070765764e-07	8,39070765764e-07	8,39070765764e-07	8,39070765764e-07	8,39070765764e-07	8,45467670046e-07	8,45467670046e-07	8,45467670046e-07	8,45467670046e-07
75600	2,31862566229e-06	2,31862566229e-06	2,31862566229e-06	2,31862566229e-06	2,35663230084e-06	2,35663230084e-06	2,35663230084e-06	2,43180444963e-06	2,43180444963e-06	2,43180444963e-06	2,43180444963e-06	2,43180444963e-06	2,43180444963e-06	2,44674192933e-06	2,44674192933e-06	2,44674192933e-06	2,44674192933e-06
76500	-3,02661688738e-08	-3,02661688738e-08	-3,02661688738e-08	-3,02661688738e-08	-2,93824897639e-08	-2,93824897639e-08	-2,93824897639e-08	-3,86428190223e-08	-3,86428190223e-08	-3,86428190223e-08	-3,86428190223e-08	-3,86428190223e-08	-3,86428190223e-08	-4,13075710159e-08	-4,13075710159e-08	-4,13075710159e-08	-4,13075710159e-08
77400	1,64572822608e-06	1,64572822608e-06	1,64572822608e-06	1,64572822608e-06	1,67574475189e-06	1,67574475189e-06	1,67574475189e-06	1,71084043196e-06	1,71084043196e-06	1,71084043196e-06	1,71084043196e-06	1,71084043196e-06	1,71084043196e-06	1,71794089042e-06	1,71794089042e-06	1,71794089042e-06	1,71794089042e-06
78300	-8,30978032882e-07	-8,30978032882e-07	-8,30978032882e-07	-8,30978032882e-07	-8,4608367479e-07	-8,4608367479e-07	-8,4608367479e-07	-8,64114450593e-07	-8,64114450593e-07	-8,64114450593e-07	-8,64114450593e-07	-8,64114450593e-07	-8,64114450593e-07	-8,72580787338e-07	-8,72580787338e-07	-8,72580787338e-07	-8,72580787338e-07
79200	1,29327119183e-06	1,29327119183e-06	1,29327119183e-06	1,29327119183e-06	1,3162824418e-06	1,3162824418e-06	1,3162824418e-06	1,3473181315e-06	1,3473181315e-06	1,3473181315e-06	1,3473181315e-06	1,3473181315e-06	1,3473181315e-06	1,35629058957e-06	1,35629058957e-06	1,35629058957e-06	1,35629058957e-06
80100	3,87851821399e-07	3,87851821399e-07	3,87851821399e-07	3,87851821399e-07	3,94940490243e-07	3,94940490243e-07	3,94940490243e-07	4,03120847138e-07	4,03120847138e-07	4,03120847138e-07	4,03120847138e-07	4,03120847138e-07	4,03120847138e-07	4,04201905151e-07	4,04201905151e-07	4,04201905151e-07	4,04201905151e-07
81000	7,40557753898e-07	7,40557753898e-07	7,40557753898e-07	7,40557753898e-07	7,52512318984e-07	7,52512318984e-07	7,52512318984e-07	7,77609981386e-07	7,77609981386e-07	7,77609981386e-07	7,77609981386e-07	7,77609981386e-07	7,77609981386e-07	7,84682511084e-07	7,84682511084e-07	7,84682511084e-07	7,84682511084e-07
81900	-4,43043699525e-07	-4,43043699525e-07	-4,43043699525e-07	-4,43043699525e-07	-4,50549163402e-07	-4,50549163402e-07	-4,50549163402e-07	-4,63444179407e-07	-4,63444179407e-07	-4,63444179407e-07	-4,63444179407e-07	-4,63444179407e-07	-4,63444179407e-07	-4,65898961405e-07	-4,65898961405e-07	-4,65898961405e-07	-4,65898961405e-07
82800	1,66143638271e-06	1,66143638271e-06	1,66143638271e-06	1,66143638271e-06	1,69011733991e-06	1,69011733991e-06	1,69011733991e-06	1,73524151488e-06	1,73524151488e-06	1,73524151488e-06	1,73524151488e-06	1,73524151488e-06	1,73524151488e-06	1,74412211758e-06	1,74412211758e-06	1,74412211758e-06	1,74412211758e-06
83700	3,00184384227e-07	3,00184384227e-07	3,00184384227e-07	3,00184384227e-07	3,04625768208e-07	3,04625768208e-07	3,04625768208e-07	3,17221756546e-07	3,17221756546e-07	3,17221756546e-07	3,17221756546e-07	3,17221756546e-07	3,17221756546e-07	3,22092543284e-07	3,22092543284e-07	3,22092543284e-07	3,22092543284e-07
84600	1,61131690218e-07	1,61131690218e-07	1,61131690218e-07	1,61131690218e-07	1,63846608651e-07	1,63846608651e-07	1,63846608651e-07	1,68622251247e-07	1,68622251247e-07	1,68622251247e-07	1,68622251247e-07	1,68622251247e-07	1,68622251247e-07	1,68885941093e-07	1,68885941093e-07	1,68885941093e-07	1,68885941093e-07
85500	7,54493411755e-07	7,54493411755e-07	7,54493411755e-07	7,54493411755e-07	7,66936902303e-07	7,66936902303e-07	7,66936902303e-07	7,90908215426e-07	7,90908215426e-07	7,90908215426e-07	7,90908215426e-07	7,90908215426e-07	7,90908215426e-07	7,97444856566e-07	7,97444856566e-07	7,97444856566e-07	7,97444856566e-07
86400	1,50528314581e-06	1,50528314581e-06	1,50528314581e-06	1,50528314581e-06	1,52940479859e-06	1,52940479859e-06	1,52940479859e-06	1,58143696922e-06	1,58143696922e-06	1,58143696922e-06	1,58143696922e-06	1,58143696922e-06	1,58143696922e-06	1,59354635938e-06	1,59354635938e-06	1,59354635938e-06	1,59354635938e-06
87300	2,44894519992e-07	2,44894519992e-07	2,44894519992e-07	2,44894519992e-07	2,500545933e-07	2,500545933e-07	2,500545933e-07	2,51104849125e-07	2,51104849125e-07	2,51104849125e-07	2,51104849125e-07	2,51104849125e-07	2,51104849125e-07	2,48363548439e-07	2,48363548439e-07	2,48363548439e-07	2,48363548439e-07
88200	1,75772460477e-09	1,75772460477e-09	1,75772460477e-09	1,75772460477e-09	1,32426210297e-09	1,32426210297e-09	1,32426210297e-09	4,15481093836e-09	4,15481093836e-09	4,15481093836e-09	4,15481093836e-09	4,15481093836e-09	4,15481093836e-09	6,24277219684e-09	6,24277219684e-09	6,24277219684e-09	6,24277219684e-09
89100	6,47174257445e-07	6,47174257445e-07	6,47174257445e-07	6,47174257445e-07	6,58200778761e-07	6,58200778761e-07	6,58200778761e-07	6,76631922604e-07	6,76631922604e-07	6,76631922604e-07	6,76631922604e-07	6,76631922604e-07	6,76631922604e-07	6,82191864791e-07	6,82191864791e-07	6,82191864791e-07	6,82191864791e-07
90000	4,65370303912e-07	4,65370303912e-07	4,65370303912e-07	4,65370303912e-07	4,73360155268e-07	4,73360155268e-07	4,73360155268e-07	4,86246505245e-07	4,86246505245e-07	4,86246505245e-07	4,86246505245e-07	4,86246505245e-07	4,86246505245e-07	4,89999163389e-07	4,89999163389e-07	4,89999163389e-07	4,89999163389e-07
90900	-1,69218439087e-07	-1,69218439087e-07	-1,69218439087e-07	-1,69218439087e-07	-1,71372090367e-07	-1,71372090367e-07	-1,71372090367e-07	-1,80567854832e-07	-1,80567854832e-07	-1,80567854832e-07	-1,80567854832e-07	-1,80567854832e-07	-1,80567854832e-07	-1,84378653239e-07	-1,84378653239e-07	-1,84378653239e-07	-1,84378653239e-07
91800	5,70586001707e-07	5,70586001707e-07	5,70586001707e-07	5,70586001707e-07	5,8021826018e-07	5,8021826018e-07	5,8021826018e-07	5,97000374906e-07	5,97000374906e-07	5,97000374906e-07	5,97000374906e-07	5,97000374906e-07	5,97000374906e-07	6,00491884519e-07	6,00491884519e-07	6,00491884519e-07	6,00491884519e-07
92700	-3,28826784074e-07	-3,28826784074e-07	-3,28826784074e-07	-3,28826784074e-07	-3,34326326848e-07	-3,34326326848e-07	-3,34326326848e-07	-3,44307646901e-07	-3,44307646901e-07	-3,44307646901e-07	-3,44307646901e-07	-3,44307646901e-07	-3,44307646901e-07	-3,47335035901e-07	-3,47335035901e-07	-3,47335035901e-07	-3,47335035901e-07
93600	-8,73551047928e-08	-8,73551047928e-08	-8,73551047928e-08	-8,73551047928e-08	-8,8548141711e-08	-8,8548141711e-08	-8,8548141711e-08	-9,28075456681e-08	-9,28075456681e-08	-9,28075456681e-08	-9,28075456681e-08	-9,28075456681e-08	-9,28075456681e-08	-9,34301244919e-08	-9,34301244919e-08	-9,34301244919e-08	-9,34301244919e-08
94500	1,82484495642e-07	1,82484495642e-07	1,82484495642e-07	1,82484495642e-07	1,8519627304e-07	1,8519627304e-07	1,8519627304e-07	1,92776710182e-07	1,92776710182e-07	1,92776710182e-07	1,92776710182e-07	1,92776710182e-07	1,92776710182e-07	1,95988735625e-07	1,95988735625e-07	1,95988735625e-07	1,95988735625e-07
95400	1,45106889788e-07	1,45106889788e-07	1,45106889788e-07	1,45106889788e-07	1,47696814433e-07	1,47696814433e-07	1,47696814433e-07	1,51122856045e-07	1,51122856045e-07	1,51122856045e-07	1,51122856045e-07	1,51122856045e-07	1,51122856045e-07	1,51722330134e-07	1,51722330134e-07	1,51722330134e-07	1,51722330134e-07
96300	2,98315332439e-07	2,98315332439e-07	2,98315332439e-07	2,98315332439e-07	3,03591182835e-07	3,03591182835e-07	3,03591182835e-07	3,10925424529e-07	3,10925424529e-07	3,10925424529e-07	3,10925424529e-07	3,10925424529e-07	3,10925424529e-07	3,12031502051e-07	3,12031502051e-07	3,12031502051e-07	3,12031502051e-07
97200	-1,65320917622e-07	-1,65320917622e-07	-1,65320917622e-07	-1,65320917622e-07	-1,6819410239e-07	-1,6819410239e-07	-1,6819410239e-07	-1,72562398526e-07	-1,72562398526e-07	-1,72562398526e-07	-1,72562398526e-07	-1,72562398526e-07	-1,72562398526e-07	-1,73983748516e-07	-1,73983748516e-07	-1,73983748516e-07	-1,73983748516e-07
98100	-1,01647269404e-07	-1,01647269404e-07	-1,01647269404e-07	-1,01647269404e-07	-1,03333090295e-07	-1,03333090295e-07	-1,03333090295e-07	-1,06503524397e-07	-1,06503524397e-07	-1,06503524397e-07	-1,06503524397e-07	-1,06503524397e-07	-1,06503524397e-07	-1,07651197811e-07	-1,07651197811e-07	-1,07651197811e-07	-1,07651197811e-07
99000	-4,91148497178e-08	-4,91148497178e-08	-4,91148497178e-08	-4,91148497178e-08	-5,00478683826e-08	-5,00478683826e-08	-5,00478683826e-08	-5,08691130301e-08	-5,08691130301e-08	-5,08691130301e-08	-5,08691130301e-08	-5,08691130301e-08	-5,08691130301e-08	-4,97456383453e-08	-4,97456383453e-08	-4,97456383453e-08	-4,97456383453e-08
99900	-3,74604528745e-08	-3,74604528745e-08	-3,74604528745e-08	-3,74604528745e-08	-3,83480076773e-08	-3,83480076773e-08	-3,83480076773e-08	-3,79188013725e-08	-3,79188013725e-08	-3,79188013725e-08	-3,79188013725e-08	-3,79188013725e-08	-3,79188013725e-08	-3,74476967169e-08	-3,74476967169e-08	-3,74476967169e-08	-3,74476967169e-08
100800	4,95674733893e-07	4,95674733893e-07	4,95674733893e-07	4,95674733893e-07	5,04060071845e-07	5,04060071845e-07	5,04060071845e-07	5,18531391412e-07	5,18531391412e-07	5,18531391412e-07	5,18531391412e-07	5,18531391412e-07	5,18531391412e-07	5,20797945651e-07	5,20797945651e-07	5,20797945651e-07	5,20797945651e-07
101700	-3,34579055152e-07	-3,34579055152e-07	-3,34579055152e-07	-3,34579055152e-07	-3,39934682938e-07	-3,39934682938e-07	-3,39934682938e-07	-3,51530404642e-07	-3,51530404642e-07	-3,51530404642e-07	-3,51530404642e-07	-3,51530404642e-07	-3,51530404642e-07	-3,54201438671e-07	-3,54201438671e-07	-3,54201438671e-07	-3,54201438671e-07
102600	-1,7624458646e-07	-1,7624458646e-07	-1,7624458646e-07	-1,7624458646e-07	-1,79196196417e-07	-1,79196196417e-07	-1,79196196417e-07	-1,84521954068e-07	-1,84521954068e-07	-1,84521954068e-07	-1,84521954068e-07	-1,84521954068e-07	-1,84521954068e-07	-1,8512222675e-07	-1,8512222675e-07	-1,8512222675e-07	-1,8512222675e-07
103500	1,85263915106e-07	1,85263915106e-07	1,85263915106e-07	1,85263915106e-07	1,884206686e-07	1,884206686e-07	1,884206686e-07	1,93694126139e-07	1,93694126139e-07	1,93694126139e-07	1,93694126139e-07	1,93694126139e-07	1,93694126139e-07	1,94214694418e-07	1,94214694418e-07	1,94214694418e-07	1,94214694418e-07
104400	-7,15825500657e-07	-7,15825500657e-07	-7,15825500657e-07	-7,15825500657e-07	-7,28431523298e-07	-7,28431523298e-07	-7,28431523298e-07	-7,46357832785e-07	-7,46357832785e-07	-7,46357832785e-07	-7,46357832785e-07	-7,46357832785e-07	-7,46357832785e-07	-7,47786964554e-07	-7,47786964554e-07	-7,47786964554e-07	-7,47786964554e-07
105300	8,76738777663e-08	8,76738777663e-08	8,76738777663e-08	8,76738777663e-08	8,87686157697e-08	8,87686157697e-08	8,87686157697e-08	9,36596114504e-08	9,36596114504e-08	9,36596114504e-08	9,36596114504e-08	9,36596114504e-08	9,36596114504e-08	9,30272173483e-08	9,30272173483e-08	9,30272173483e-08	9,30272173483e-08
106200	-8,87834077578e-08	-8,87834077578e-08	-8,87834077578e-08	-8,87834077578e-08	-8,99951022166e-08	-8,99951022166e-08	-8,99951022166e-08	-9,43294413549e-08	-9,43294413549e-08	-9,43294413549e-08	-9,43294413549e-08	-9,43294413549e-08	-9,43294413549e-08	-9,67789878002e-08	-9,67789878002e-08	-9,67789878002e-08	-9,67789878002e-08
107100	-8,05666162517e-07	-8,05666162517e-07	-8,05666162517e-07	-8,05666162517e-07	-8,18107748427e-07	-8,18107748427e-07	-8,18107748427e-07	-8,48768671859e-07	-8,48768671859e-07	-8,48768671859e-07	-8,48768671859e-07	-8,48768671859e-07	-8,48768671859e-07	-8,56217893851e-07	-8,56217893851e-07	-8,56217893851e-07	-8,56217893851e-07
108000	-1,48671850713e-06	-1,48671850713e-06	-1,48671850713e-06	-1,48671850713e-06	-1,51342588823e-06	-1,51342588823e-06	-1,51342588823e-06	-1,547531544e-06	-1,547531544e-06	-1,547531544e-06	-1,547531544e-06	-1,547531544e-06	-1,547531544e-06	-1,55141097429e-06	-1,55141097429e-06	-1,55141097429e-06	-1,55141097429e-06
108900	-1,66416419699e-07	-1,66416419699e-07	-1,66416419699e-07	-1,66416419699e-07	-1,68996551408e-07	-1,68996551408e-07	-1,68996551408e-07	-1,75270643119e-07	-1,75270643119e-07	-1,75270643119e-07	-1,75270643119e-07	-1,75270643119e-07	-1,75270643119e-07	-1,79209966593e-07	-1,79209966593e-07	-1,79209966593e-07	-1,79209966593e-07
109800	-1,11491863874e-06	-1,11491863874e-06	-1,11491863874e-06	-1,11491863874e-06	-1,13464177807e-06	-1,13464177807e-06	-1,13464177807e-06	-1,16206119153e-06	-1,16206119153e-06	-1,16206119153e-06	-1,16206119153e-06	-1,16206119153e-06	-1,16206119153e-06	-1,16660399349e-06	-1,16660399349e-06	-1,16660399349e-06	-1,16660399349e-06
110700	-3,51921749575e-07	-3,51921749575e-07	-3,51921749575e-07	-3,51921749575e-07	-3,59229804738e-07	-3,59229804738e-07	-3,59229804738e-07	-3,61390688592e-07	-3,61390688592e-07	-3,61390688592e-07	-3,61390688592e-07	-3,61390688592e-07	-3,61390688592e-07	-3,61484855576e-07	-3,61484855576e-07	-3,61484855576e-07	-3,61484855576e-07
111600	-7,21747198376e-07	-7,21747198376e-07	-7,21747198376e-07	-7,21747198376e-07	-7,3182297387e-07	-7,3182297387e-07	-7,3182297387e-07	-7,65731964641e-07	-7,65731964641e-07	-7,65731964641e-07	-7,65731964641e-07	-7,65731964641e-07	-7,65731964641e-07	-7,76640108581e-07	-7,76640108581e-07	-7,76640108581e-07	-7,76640108581e-07
112500	1,11929068389e-07	1,11929068389e-07	1,11929068389e-07	1,11929068389e-07	1,14700604762e-07	1,14700604762e-07	1,14700604762e-07	1,12705179634e-07	1,12705179634e-07	1,12705179634e-07	1,12705179634e-07	1,12705179634e-07	1,12705179634e-07	1,12415385607e-07	1,12415385607e-07	1,12415385607e-07	1,12415385607e-07
113400	-1,06350753972e-06	-1,06350753972e-06	-1,06350753972e-06	-1,06350753972e-06	-1,08270038493e-06	-1,08270038493e-06	-1,08270038493e-06	-1,10659767733e-06	-1,10659767733e-06	-1,10659767733e-06	-1,10659767733e-06	-1,10659767733e-06	-1,10659767733e-06	-1,11342214103e-06	-1,11342214103e-06	-1,11342214103e-06	-1,11342214103e-06
114300	-9,92139756899e-08	-9,92139756899e-08	-9,92139756899e-08	-9,92139756899e-08	-9,99895383858e-08	-9,99895383858e-08	-9,99895383858e-08	-1,08308623218e-07	-1,08308623218e-07	-1,08308623218e-07	-1,08308623218e-07	-1,08308623218e-07	-1,08308623218e-07	-1,1291433829e-07	-1,1291433829e-07	-1,1291433829e-07	-1,1291433829e-07
115200	-2,19939843539e-06	-2,19939843539e-06	-2,19939843539e-06	-2,19939843539e-06	-2,23697351907e-06	-2,23697351907e-06	-2,23697351907e-06	-2,29913850859e-06	-2,29913850859e-06	-2,29913850859e-06	-2,29913850859e-06	-2,29913850859e-06	-2,29913850859e-06	-2,31233529958e-06	-2,31233529958e-06	-2,31233529958e-06	-2,31233529958e-06
116100	-5,28676053637e-07	-5,28676053637e-07	-5,28676053637e-07	-5,28676053637e-07	-5,37509326444e-07	-5,37509326444e-07	-5,37509326444e-07	-5,53646499296e-07	-5,53646499296e-07	-5,53646499296e-07	-5,53646499296e-07	-5,53646499296e-07	-5,53646499296e-07	-5,51758827865e-07	-5,51758827865e-07	-5,51758827865e-07	-5,51758827865e-07
117000	-1,29496699887e-06	-1,29496699887e-06	-1,29496699887e-06	-1,29496699887e-06	-1,31830636834e-06	-1,31830636834e-06	-1,31830636834e-06	-1,34763142558e-06	-1,34763142558e-06	-1,34763142558e-06	-1,34763142558e-06	-1,34763142558e-06	-1,34763142558e-06	-1,36269138301e-06	-1,36269138301e-06	-1,36269138301e-06	-1,36269138301e-06
117900	3,84902084389e-06	3,84902084389e-06	3,84902084389e-06	3,84902084389e-06	3,91696537114e-06	3,91696537114e-06	3,91696537114e-06	4,01257109851e-06	4,01257109851e-06	4,01257109851e-06	4,01257109851e-06	4,01257109851e-06	4,01257109851e-06	4,03686874789e-06	4,03686874789e-06	4,03686874789e-06	4,03686874789e-06
118800	-2,13508779254e-06	-2,13508779254e-06	-2,13508779254e-06	-2,13508779254e-06	-2,17127326468e-06	-2,17127326468e-06	-2,17127326468e-06	-2,23871519061e-06	-2,23871519061e-06	-2,23871519061e-06	-2,23871519061e-06	-2,23871519061e-06	-2,23871519061e-06	-2,25990808944e-06	-2,25990808944e-06	-2,25990808944e-06	-2,25990808944e-06
119700	6,63183308362e-06	6,63183308362e-06	6,63183308362e-06	6,63183308362e-06	6,73644195824e-06	6,73644195824e-06	6,73644195824e-06	6,93103823117e-06	6,93103823117e-06	6,93103823117e-06	6,93103823117e-06	6,93103823117e-06	6,93103823117e-06	6,97321846248e-06	6,97321846248e-06	6,97321846248e-06	6,97321846248e-06
120600	1,9207577458e-05	1,9207577458e-05	1,9207577458e-05	1,9207577458e-05	1,95228239938e-05	1,95228239938e-05	1,95228239938e-05	2,00249701138e-05	2,00249701138e-05	2,00249701138e-05	2,00249701138e-05	2,00249701138e-05	2,00249701138e-05	2,01389370779e-05	2,01389370779e-05	2,01389370779e-05	2,01389370779e-05
121500	-2,06650561217e-05	-2,06650561217e-05	-2,06650561217e-05	-2,06650561217e-05	-2,10007291579e-05	-2,10007291579e-05	-2,10007291579e-05	-2,15490675219e-05	-2,15490675219e-05	-2,15490675219e-05	-2,15490675219e-05	-2,15490675219e-05	-2,15490675219e-05	-2,16611621747e-05	-2,16611621747e-05	-2,16611621747e-05	-2,16611621747e-05
122400	1,89928975705e-05	1,89928975705e-05	1,89928975705e-05	1,89928975705e-05	1,92952952495e-05	1,92952952495e-05	1,92952952495e-05	1,98020034885e-05	1,98020034885e-05	1,98020034885e-05	1,98020034885e-05	1,98020034885e-05	1,98020034885e-05	1,9923472394e-05	1,9923472394e-05	1,9923472394e-05	1,9923472394e-05
123300	4,34120501983e-06	4,34120501983e-06	4,34120501983e-06	4,34120501983e-06	4,42316001972e-06	4,42316001972e-06	4,42316001972e-06	4,49964049094e-06	4,49964049094e-06	4,49964049094e-06	4,49964049094e-06	4,49964049094e-06	4,49964049094e-06	4,49216493867e-06	4,49216493867e-06	4,49216493867e-06	4,49216493867e-06
124200	-7,51582613063e-08	-7,51582613063e-08	-7,51582613063e-08	-7,51582613063e-08	-8,26294012619e-08	-8,26294012619e-08	-8,26294012619e-08	-6,13154611308e-08	-6,13154611308e-08	-6,13154611308e-08	-6,13154611308e-08	-6,13154611308e-08	-6,13154611308e-08	-5,02555444045e-08	-5,02555444045e-08	-5,02555444045e-08	-5,02555444045e-08
125100	7,99495225414e-06	7,99495225414e-06	7,99495225414e-06	7,99495225414e-06	8,13129751705e-06	8,13129751705e-06	8,13129751705e-06	8,31713990811e-06	8,31713990811e-06	8,31713990811e-06	8,31713990811e-06	8,31713990811e-06	8,31713990811e-06	8,35911295972e-06	8,35911295972e-06	8,35911295972e-06	8,35911295972e-06
126000	-2,99602279067e-06	-2,99602279067e-06	-2,99602279067e-06	-2,99602279067e-06	-3,04544605204e-06	-3,04544605204e-06	-3,04544605204e-06	-3,11180092723e-06	-3,11180092723e-06	-3,11180092723e-06	-3,11180092723e-06	-3,11180092723e-06	-3,11180092723e-06	-3,11640669919e-06	-3,11640669919e-06	-3,11640669919e-06	-3,11640669919e-06
126900	5,63471510892e-07	5,63471510892e-07	5,63471510892e-07	5,63471510892e-07	5,72317105624e-07	5,72317105624e-07	5,72317105624e-07	5,69185026505e-07	5,69185026505e-07	5,69185026505e-07	5,69185026505e-07	5,69185026505e-07	5,69185026505e-07	5,71437410625e-07	5,71437410625e-07	5,71437410625e-07	5,71437410625e-07
127800	-3,3203099443e-06	-3,3203099443e-06	-3,3203099443e-06	-3,3203099443e-06	-3,37493377854e-06	-3,37493377854e-06	-3,37493377854e-06	-3,44029975236e-06	-3,44029975236e-06	-3,44029975236e-06	-3,44029975236e-06	-3,44029975236e-06	-3,44029975236e-06	-3,45752130012e-06	-3,45752130012e-06	-3,45752130012e-06	-3,45752130012e-06
128700	5,27426523069e-06	5,27426523069e-06	5,27426523069e-06	5,27426523069e-06	5,35583181557e-06	5,35583181557e-06	5,35583181557e-06	5,51349866062e-06	5,51349866062e-06	5,51349866062e-06	5,51349866062e-06	5,51349866062e-06	5,51349866062e-06	5,5478766143e-06	5,5478766143e-06	5,5478766143e-06	5,5478766143e-06
129600	-1,01467726764e-06	-1,01467726764e-06	-1,01467726764e-06	-1,01467726764e-06	-1,03068560103e-06	-1,03068560103e-06	-1,03068560103e-06	-1,05242144254e-06	-1,05242144254e-06	-1,05242144254e-06	-1,05242144254e-06	-1,05242144254e-06	-1,05242144254e-06	-1,053896378e-06	-1,053896378e-06	-1,053896378e-06	-1,053896378e-06
130500	-4,07934290407e-06	-4,07934290407e-06	-4,07934290407e-06	-4,07934290407e-06	-4,14963026022e-06	-4,14963026022e-06	-4,14963026022e-06	-4,24985768225e-06	-4,24985768225e-06	-4,24985768225e-06	-4,24985768225e-06	-4,24985768225e-06	-4,24985768225e-06	-4,27008543007e-06	-4,27008543007e-06	-4,27008543007e-06	-4,27008543007e-06
131400	5,77192772773e-07	5,77192772773e-07	5,77192772773e-07	5,77192772773e-07	5,89614224291e-07	5,89614224291e-07	5,89614224291e-07	5,80319361367e-07	5,80319361367e-07	5,80319361367e-07	5,80319361367e-07	5,80319361367e-07	5,80319361367e-07	5,76521395295e-07	5,76521395295e-07	5,76521395295e-07	5,76521395295e-07
132300	-1,69456861713e-07	-1,69456861713e-07	-1,69456861713e-07	-1,69456861713e-07	-1,70224712473e-07	-1,70224712473e-07	-1,70224712473e-07	-1,77792337823e-07	-1,77792337823e-07	-1,77792337823e-07	-1,77792337823e-07	-1,77792337823e-07	-1,77792337823e-07	-1,83263639203e-07	-1,83263639203e-07	-1,83263639203e-07	-1,83263639203e-07
133200	-1,59868480572e-06	-1,59868480572e-06	-1,59868480572e-06	-1,59868480572e-06	-1,6231934489e-06	-1,6231934489e-06	-1,6231934489e-06	-1,66735612903e-06	-1,66735612903e-06	-1,66735612903e-06	-1,66735612903e-06	-1,66735612903e-06	-1,66735612903e-06	-1,68057439046e-06	-1,68057439046e-06	-1,68057439046e-06	-1,68057439046e-06
134100	-7,17286923586e-06	-7,17286923586e-06	-7,17286923586e-06	-7,17286923586e-06	-7,28847367036e-06	-7,28847367036e-06	-7,28847367036e-06	-7,47738738726e-06	-7,47738738726e-06	-7,47738738726e-06	-7,47738738726e-06	-7,47738738726e-06	-7,47738738726e-06	-7,51441255659e-06	-7,51441255659e-06	-7,51441255659e-06	-7,51441255659e-06
135000	5,41422605031e-06	5,41422605031e-06	5,41422605031e-06	5,41422605031e-06	5,50316079643e-06	5,50316079643e-06	5,50316079643e-06	5,64443307245e-06	5,64443307245e-06	5,64443307245e-06	5,64443307245e-06	5,64443307245e-06	5,64443307245e-06	5,67619533731e-06	5,67619533731e-06	5,67619533731e-06	5,67619533731e-06
135900	3,13253780102e-06	3,13253780102e-06	3,13253780102e-06	3,13253780102e-06	3,18258254922e-06	3,18258254922e-06	3,18258254922e-06	3,26726130568e-06	3,26726130568e-06	3,26726130568e-06	3,26726130568e-06	3,26726130568e-06	3,26726130568e-06	3,28072441999e-06	3,28072441999e-06	3,28072441999e-06	3,28072441999e-06
136800	-6,32729469947e-06	-6,32729469947e-06	-6,32729469947e-06	-6,32729469947e-06	-6,43280338417e-06	-6,43280338417e-06	-6,43280338417e-06	-6,57440490079e-06	-6,57440490079e-06	-6,57440490079e-06	-6,57440490079e-06	-6,57440490079e-06	-6,57440490079e-06	-6,60120480209e-06	-6,60120480209e-06	-6,60120480209e-06	-6,60120480209e-06
137700	1,1033743393e-05	1,1033743393e-05	1,1033743393e-05	1,1033743393e-05	1,12137763927e-05	1,12137763927e-05	1,12137763927e-05	1,14983288985e-05	1,14983288985e-05	1,14983288985e-05	1,14983288985e-05	1,14983288985e-05	1,14983288985e-05	1,15633810787e-05	1,15633810787e-05	1,15633810787e-05	1,15633810787e-05
138600	5,9874812714e-06	5,9874812714e-06	5,9874812714e-06	5,9874812714e-06	6,08495819507e-06	6,08495819507e-06	6,08495819507e-06	6,22853368631e-06	6,22853368631e-06	6,22853368631e-06	6,22853368631e-06	6,22853368631e-06	6,22853368631e-06	6,25943044568e-06	6,25943044568e-06	6,25943044568e-06	6,25943044568e-06
139500	-1,85183826056e-05	-1,85183826056e-05	-1,85183826056e-05	-1,85183826056e-05	-1,88211453264e-05	-1,88211453264e-05	-1,88211453264e-05	-1,92978373429e-05	-1,92978373429e-05	-1,92978373429e-05	-1,92978373429e-05	-1,92978373429e-05	-1,92978373429e-05	-1,93983485492e-05	-1,93983485492e-05	-1,93983485492e-05	-1,93983485492e-05
140400	-6,05738916527e-06	-6,05738916527e-06	-6,05738916527e-06	-6,05738916527e-06	-6,15729633083e-06	-6,15729633083e-06	-6,15729633083e-06	-6,30548190718e-06	-6,30548190718e-06	-6,30548190718e-06	-6,30548190718e-06	-6,30548190718e-06	-6,30548190718e-06	-6,34358456876e-06	-6,34358456876e-06	-6,34358456876e-06	-6,34358456876e-06
141300	-7,58760501759e-06	-7,58760501759e-06	-7,58760501759e-06	-7,58760501759e-06	-7,70719442493e-06	-7,70719442493e-06	-7,70719442493e-06	-7,91335137273e-06	-7,91335137273e-06	-7,91335137273e-06	-7,91335137273e-06	-7,91335137273e-06	-7,91335137273e-06	-7,95996906229e-06	-7,95996906229e-06	-7,95996906229e-06	-7,95996906229e-06
142200	1,71820345448e-06	1,71820345448e-06	1,71820345448e-06	1,71820345448e-06	1,74605914903e-06	1,74605914903e-06	1,74605914903e-06	1,78507532557e-06	1,78507532557e-06	1,78507532557e-06	1,78507532557e-06	1,78507532557e-06	1,78507532557e-06	1,7903167885e-06	1,7903167885e-06	1,7903167885e-06	1,7903167885e-06
143100	-2,17739653907e-06	-2,17739653907e-06	-2,17739653907e-06	-2,17739653907e-06	-2,21398694863e-06	-2,21398694863e-06	-2,21398694863e-06	-2,26916861112e-06	-2,26916861112e-06	-2,26916861112e-06	-2,26916861112e-06	-2,26916861112e-06	-2,26916861112e-06	-2,27561466173e-06	-2,27561466173e-06	-2,27561466173e-06	-2,27561466173e-06
144000	-6,31287141463e-06	-6,31287141463e-06	-6,31287141463e-06	-6,31287141463e-06	-6,41493002004e-06	-6,41493002004e-06	-6,41493002004e-06	-6,58809354091e-06	-6,58809354091e-06	-6,58809354091e-06	-6,58809354091e-06	-6,58809354091e-06	-6,58809354091e-06	-6,63865215938e-06	-6,63865215938e-06	-6,63865215938e-06	-6,63865215938e-06
144900	2,91632275531e-07	2,91632275531e-07	2,91632275531e-07	2,91632275531e-07	2,96711985664e-07	2,96711985664e-07	2,96711985664e-07	3,04363122638e-07	3,04363122638e-07	3,04363122638e-07	3,04363122638e-07	3,04363122638e-07	3,04363122638e-07	3,08894696497e-07	3,08894696497e-07	3,08894696497e-07	3,08894696497e-07
145800	9,42736623619e-07	9,42736623619e-07	9,42736623619e-07	9,42736623619e-07	9,57579319236e-07	9,57579319236e-07	9,57579319236e-07	9,91773979375e-07	9,91773979375e-07	9,91773979375e-07	9,91773979375e-07	9,91773979375e-07	9,91773979375e-07	1,00070520699e-06	1,00070520699e-06	1,00070520699e-06	1,00070520699e-06
146700	-2,41866263465e-06	-2,41866263465e-06	-2,41866263465e-06	-2,41866263465e-06	-2,45909157102e-06	-2,45909157102e-06	-2,45909157102e-06	-2,53277435758e-06	-2,53277435758e-06	-2,53277435758e-06	-2,53277435758e-06	-2,53277435758e-06	-2,53277435758e-06	-2,54959320135e-06	-2,54959320135e-06	-2,54959320135e-06	-2,54959320135e-06
147600	1,46244166623e-08	1,46244166623e-08	1,46244166623e-08	1,46244166623e-08	1,38133377753e-08	1,38133377753e-08	1,38133377753e-08	2,05921431156e-08	2,05921431156e-08	2,05921431156e-08	2,05921431156e-08	2,05921431156e-08	2,05921431156e-08	2,54765242969e-08	2,54765242969e-08	2,54765242969e-08	2,54765242969e-08
148500	-1,69596019324e-06	-1,69596019324e-06	-1,69596019324e-06	-1,69596019324e-06	-1,7265795707e-06	-1,7265795707e-06	-1,7265795707e-06	-1,76464571348e-06	-1,76464571348e-06	-1,76464571348e-06	-1,76464571348e-06	-1,76464571348e-06	-1,76464571348e-06	-1,7725471829e-06	-1,7725471829e-06	-1,7725471829e-06	-1,7725471829e-06
149400	-2,39758749983e-06	-2,39758749983e-06	-2,39758749983e-06	-2,39758749983e-06	-2,4455442753e-06	-2,4455442753e-06	-2,4455442753e-06	-2,47138197854e-06	-2,47138197854e-06	-2,47138197854e-06	-2,47138197854e-06	-2,47138197854e-06	-2,47138197854e-06	-2,47436238486e-06	-2,47436238486e-06	-2,47436238486e-06	-2,47436238486e-06
150300	1,90883037318e-06	1,90883037318e-06	1,90883037318e-06	1,90883037318e-06	1,94533615508e-06	1,94533615508e-06	1,94533615508e-06	1,97592684556e-06	1,97592684556e-06	1,97592684556e-06	1,97592684556e-06	1,97592684556e-06	1,97592684556e-06	1,98079987504e-06	1,98079987504e-06	1,98079987504e-06	1,98079987504e-06
151200	-2,06478702359e-06	-2,06478702359e-06	-2,06478702359e-06	-2,06478702359e-06	-2,10295056258e-06	-2,10295056258e-06	-2,10295056258e-06	-2,14402434704e-06	-2,14402434704e-06	-2,14402434704e-06	-2,14402434704e-06	-2,14402434704e-06	-2,14402434704e-06	-2,15755908023e-06	-2,15755908023e-06	-2,15755908023e-06	-2,15755908023e-06
152100	1,14675488472e-07	1,14675488472e-07	1,14675488472e-07	1,14675488472e-07	1,18348131754e-07	1,18348131754e-07	1,18348131754e-07	1,11310391086e-07	1,11310391086e-07	1,11310391086e-07	1,11310391086e-07	1,11310391086e-07	1,11310391086e-07	1,14597960723e-07	1,14597960723e-07	1,14597960723e-07	1,14597960723e-07
153000	-1,16625408331e-07	-1,16625408331e-07	-1,16625408331e-07	-1,16625408331e-07	-1,12651318471e-07	-1,12651318471e-07	-1,12651318471e-07	-1,51750844339e-07	-1,51750844339e-07	-1,51750844339e-07	-1,51750844339e-07	-1,51750844339e-07	-1,51750844339e-07	-1,68195667672e-07	-1,68195667672e-07	-1,68195667672e-07	-1,68195667672e-07
153900	-1,1263521364e-06	-1,1263521364e-06	-1,1263521364e-06	-1,1263521364e-06	-1,14464835957e-06	-1,14464835957e-06	-1,14464835957e-06	-1,1821985422e-06	-1,1821985422e-06	-1,1821985422e-06	-1,1821985422e-06	-1,1821985422e-06	-1,1821985422e-06	-1,19328586459e-06	-1,19328586459e-06	-1,19328586459e-06	-1,19328586459e-06
154800	-3,95415511813e-07	-3,95415511813e-07	-3,95415511813e-07	-3,95415511813e-07	-4,00299430711e-07	-4,00299430711e-07	-4,00299430711e-07	-4,22718330603e-07	-4,22718330603e-07	-4,22718330603e-07	-4,22718330603e-07	-4,22718330603e-07	-4,22718330603e-07	-4,32209732879e-07	-4,32209732879e-07	-4,32209732879e-07	-4,32209732879e-07
155700	2,56450389864e-07	2,56450389864e-07	2,56450389864e-07	2,56450389864e-07	2,59733878103e-07	2,59733878103e-07	2,59733878103e-07	2,73577269623e-07	2,73577269623e-07	2,73577269623e-07	2,73577269623e-07	2,73577269623e-07	2,73577269623e-07	2,76180931789e-07	2,76180931789e-07	2,76180931789e-07	2,76180931789e-07
156600	1,05478053264e-06	1,05478053264e-06	1,05478053264e-06	1,05478053264e-06	1,07432390771e-06	1,07432390771e-06	1,07432390771e-06	1,09502089806e-06	1,09502089806e-06	1,09502089806e-06	1,09502089806e-06	1,09502089806e-06	1,09502089806e-06	1,09932062452e-06	1,09932062452e-06	1,09932062452e-06	1,09932062452e-06
157500	-1,28780745794e-06	-1,28780745794e-06	-1,28780745794e-06	-1,28780745794e-06	-1,31423611627e-06	-1,31423611627e-06	-1,31423611627e-06	-1,32411187772e-06	-1,32411187772e-06	-1,32411187772e-06	-1,32411187772e-06	-1,32411187772e-06	-1,32411187772e-06	-1,31165011096e-06	-1,31165011096e-06	-1,31165011096e-06	-1,31165011096e-06
158400	8,889825986e-07	8,889825986e-07	8,889825986e-07	8,889825986e-07	9,03779511832e-07	9,03779511832e-07	9,03779511832e-07	9,31273768581e-07	9,31273768581e-07	9,31273768581e-07	9,31273768581e-07	9,31273768581e-07	9,31273768581e-07	9,40350917907e-07	9,40350917907e-07	9,40350917907e-07	9,40350917907e-07
159300	5,80634685471e-07	5,80634685471e-07	5,80634685471e-07	5,80634685471e-07	5,89624356781e-07	5,89624356781e-07	5,89624356781e-07	6,11628328764e-07	6,11628328764e-07	6,11628328764e-07	6,11628328764e-07	6,11628328764e-07	6,11628328764e-07	6,12937863964e-07	6,12937863964e-07	6,12937863964e-07	6,12937863964e-07
160200	2,70969969609e-06	2,70969969609e-06	2,70969969609e-06	2,70969969609e-06	2,75668660708e-06	2,75668660708e-06	2,75668660708e-06	2,82911094002e-06	2,82911094002e-06	2,82911094002e-06	2,82911094002e-06	2,82911094002e-06	2,82911094002e-06	2,84169280039e-06	2,84169280039e-06	2,84169280039e-06	2,84169280039e-06
161100	-2,0039703891e-07	-2,0039703891e-07	-2,0039703891e-07	-2,0039703891e-07	-2,02092202628e-07	-2,02092202628e-07	-2,02092202628e-07	-2,18127659069e-07	-2,18127659069e-07	-2,18127659069e-07	-2,18127659069e-07	-2,18127659069e-07	-2,18127659069e-07	-2,22631321907e-07	-2,22631321907e-07	-2,22631321907e-07	-2,22631321907e-07
162000	7,84074559627e-07	7,84074559627e-07	7,84074559627e-07	7,84074559627e-07	7,97842021597e-07	7,97842021597e-07	7,97842021597e-07	8,17767988283e-07	8,17767988283e-07	8,17767988283e-07	8,17767988283e-07	8,17767988283e-07	8,17767988283e-07	8,24189854711e-07	8,24189854711e-07	8,24189854711e-07	8,24189854711e-07
162900	-3,43839081718e-07	-3,43839081718e-07	-3,43839081718e-07	-3,43839081718e-07	-3,49289457131e-07	-3,49289457131e-07	-3,49289457131e-07	-3,615517049e-07	-3,615517049e-07	-3,615517049e-07	-3,615517049e-07	-3,615517049e-07	-3,615517049e-07	-3,64326298461e-07	-3,64326298461e-07	-3,64326298461e-07	-3,64326298461e-07
163800	2,30384766962e-07	2,30384766962e-07	2,30384766962e-07	2,30384766962e-07	2,32694089455e-07	2,32694089455e-07	2,32694089455e-07	2,48964780788e-07	2,48964780788e-07	2,48964780788e-07	2,48964780788e-07	2,48964780788e-07	2,48964780788e-07	2,50924729479e-07	2,50924729479e-07	2,50924729479e-07	2,50924729479e-07
164700	1,11558984699e-06	1,11558984699e-06	1,11558984699e-06	1,11558984699e-06	1,1336451096e-06	1,1336451096e-06	1,1336451096e-06	1,17118559496e-06	1,17118559496e-06	1,17118559496e-06	1,17118559496e-06	1,17118559496e-06	1,17118559496e-06	1,18235508223e-06	1,18235508223e-06	1,18235508223e-06	1,18235508223e-06
165600	2,21257652784e-07	2,21257652784e-07	2,21257652784e-07	2,21257652784e-07	2,25019599824e-07	2,25019599824e-07	2,25019599824e-07	2,31378382783e-07	2,31378382783e-07	2,31378382783e-07	2,31378382783e-07	2,31378382783e-07	2,31378382783e-07	2,33430984995e-07	2,33430984995e-07	2,33430984995e-07	2,33430984995e-07
166500	-4,81419425793e-08	-4,81419425793e-08	-4,81419425793e-08	-4,81419425793e-08	-4,82360586046e-08	-4,82360586046e-08	-4,82360586046e-08	-5,39662251078e-08	-5,39662251078e-08	-5,39662251078e-08	-5,39662251078e-08	-5,39662251078e-08	-5,39662251078e-08	-5,47258338582e-08	-5,47258338582e-08	-5,47258338582e-08	-5,47258338582e-08
167400	7,93992794908e-07	7,93992794908e-07	7,93992794908e-07	7,93992794908e-07	8,07442842914e-07	8,07442842914e-07	8,07442842914e-07	8,3055603539e-07	8,3055603539e-07	8,3055603539e-07	8,3055603539e-07	8,3055603539e-07	8,3055603539e-07	8,34049095929e-07	8,34049095929e-07	8,34049095929e-07	8,34049095929e-07
168300	8,21058470576e-07	8,21058470576e-07	8,21058470576e-07	8,21058470576e-07	8,35099953647e-07	8,35099953647e-07	8,35099953647e-07	8,58197895219e-07	8,58197895219e-07	8,58197895219e-07	8,58197895219e-07	8,58197895219e-07	8,58197895219e-07	8,63825814548e-07	8,63825814548e-07	8,63825814548e-07	8,63825814548e-07
169200	-3,42417481084e-07	-3,42417481084e-07	-3,42417481084e-07	-3,42417481084e-07	-3,49023956842e-07	-3,49023956842e-07	-3,49023956842e-07	-3,54154342357e-07	-3,54154342357e-07	-3,54154342357e-07	-3,54154342357e-07	-3,54154342357e-07	-3,54154342357e-07	-3,53640204267e-07	-3,53640204267e-07	-3,53640204267e-07	-3,53640204267e-07
170100	5,74283648779e-08	5,74283648779e-08	5,74283648779e-08	5,74283648779e-08	5,82218101207e-08	5,82218101207e-08	5,82218101207e-08	6,09695837566e-08	6,09695837566e-08	6,09695837566e-08	6,09695837566e-08	6,09695837566e-08	6,09695837566e-08	6,16621800486e-08	6,16621800486e-08	6,16621800486e-08	6,16621800486e-08
171000	1,2977397675e-06	1,2977397675e-06	1,2977397675e-06	1,2977397675e-06	1,32124723442e-06	1,32124723442e-06	1,32124723442e-06	1,34986088159e-06	1,34986088159e-06	1,34986088159e-06	1,34986088159e-06	1,34986088159e-06	1,34986088159e-06	1,35570338721e-06	1,35570338721e-06	1,35570338721e-06	1,35570338721e-06
171900	-1,62826607423e-08	-1,62826607423e-08	-1,62826607423e-08	-1,62826607423e-08	-1,570910333e-08	-1,570910333e-08	-1,570910333e-08	-2,12792000673e-08	-2,12792000673e-08	-2,12792000673e-08	-2,12792000673e-08	-2,12792000673e-08	-2,12792000673e-08	-2,27029737606e-08	-2,27029737606e-08	-2,27029737606e-08	-2,27029737606e-08
172800	1,03890512469e-07	1,03890512469e-07	1,03890512469e-07	1,03890512469e-07	1,05387229897e-07	1,05387229897e-07	1,05387229897e-07	1,09988878084e-07	1,09988878084e-07	1,09988878084e-07	1,09988878084e-07	1,09988878084e-07	1,09988878084e-07	1,09752334053e-07	1,09752334053e-07	1,09752334053e-07	1,09752334053e-07
173700	9,65000381636e-07	9,65000381636e-07	9,65000381636e-07	9,65000381636e-07	9,81078566161e-07	9,81078566161e-07	9,81078566161e-07	1,01075952804e-06	1,01075952804e-06	1,01075952804e-06	1,01075952804e-06	1,01075952804e-06	1,01075952804e-06	1,01589451218e-06	1,01589451218e-06	1,01589451218e-06	1,01589451218e-06
174600	-5,73190992741e-07	-5,73190992741e-07	-5,73190992741e-07	-5,73190992741e-07	-5,82903959649e-07	-5,82903959649e-07	-5,82903959649e-07	-5,99559423059e-07	-5,99559423059e-07	-5,99559423059e-07	-5,99559423059e-07	-5,99559423059e-07	-5,99559423059e-07	-6,01898323417e-07	-6,01898323417e-07	-6,01898323417e-07	-6,01898323417e-07
175500	1,30144106102e-06	1,30144106102e-06	1,30144106102e-06	1,30144106102e-06	1,3238141406e-06	1,3238141406e-06	1,3238141406e-06	1,35969940918e-06	1,35969940918e-06	1,35969940918e-06	1,35969940918e-06	1,35969940918e-06	1,35969940918e-06	1,36983650794e-06	1,36983650794e-06	1,36983650794e-06	1,36983650794e-06
176400	7,17593774075e-07	7,17593774075e-07	7,17593774075e-07	7,17593774075e-07	7,28425981477e-07	7,28425981477e-07	7,28425981477e-07	7,57232152663e-07	7,57232152663e-07	7,57232152663e-07	7,57232152663e-07	7,57232152663e-07	7,57232152663e-07	7,64279958813e-07	7,64279958813e-07	7,64279958813e-07	7,64279958813e-07
177300	5,35428894504e-08	5,35428894504e-08	5,35428894504e-08	5,35428894504e-08	5,621830026e-08	5,621830026e-08	5,621830026e-08	4,71645291597e-08	4,71645291597e-08	4,71645291597e-08	4,71645291597e-08	4,71645291597e-08	4,71645291597e-08	4,52350475857e-08	4,52350475857e-08	4,52350475857e-08	4,52350475857e-08
178200	3,53732299028e-07	3,53732299028e-07	3,53732299028e-07	3,53732299028e-07	3,59151088753e-07	3,59151088753e-07	3,59151088753e-07	3,72874885751e-07	3,72874885751e-07	3,72874885751e-07	3,72874885751e-07	3,72874885751e-07	3,72874885751e-07	3,74106341369e-07	3,74106341369e-07	3,74106341369e-07	3,74106341369e-07
179100	-6,9795943718e-07	-6,9795943718e-07	-6,9795943718e-07	-6,9795943718e-07	-7,09733055084e-07	-7,09733055084e-07	-7,09733055084e-07	-7,30325877255e-07	-7,30325877255e-07	-7,30325877255e-07	-7,30325877255e-07	-7,30325877255e-07	-7,30325877255e-07	-7,34585462225e-07	-7,34585462225e-07	-7,34585462225e-07	-7,34585462225e-07
180000	8,21417155096e-07	8,21417155096e-07	8,21417155096e-07	8,21417155096e-07	8,35242265237e-07	8,35242265237e-07	8,35242265237e-07	8,59658608749e-07	8,59658608749e-07	8,59658608749e-07	8,59658608749e-07	8,59658608749e-07	8,59658608749e-07	8,65117333061e-07	8,65117333061e-07	8,65117333061e-07	8,65117333061e-07
180900	6,44138264443e-07	6,44138264443e-07	6,44138264443e-07	6,44138264443e-07	6,54313863895e-07	6,54313863895e-07	6,54313863895e-07	6,77451914068e-07	6,77451914068e-07	6,77451914068e-07	6,77451914068e-07	6,77451914068e-07	6,77451914068e-07	6,84799898702e-07	6,84799898702e-07	6,84799898702e-07	6,84799898702e-07
181800	1,05631598027e-07	1,05631598027e-07	1,05631598027e-07	1,05631598027e-07	1,07301507546e-07	1,07301507546e-07	1,07301507546e-07	1,11088465334e-07	1,11088465334e-07	1,11088465334e-07	1,11088465334e-07	1,11088465334e-07	1,11088465334e-07	1,10790690104e-07	1,10790690104e-07	1,10790690104e-07	1,10790690104e-07
182700	1,47872550254e-09	1,47872550254e-09	1,47872550254e-09	1,47872550254e-09	2,2848937039e-09	2,2848937039e-09	2,2848937039e-09	-2,35886488023e-09	-2,35886488023e-09	-2,35886488023e-09	-2,35886488023e-09	-2,35886488023e-09	-2,35886488023e-09	-3,82166423547e-09	-3,82166423547e-09	-3,82166423547e-09	-3,82166423547e-09
183600	-8,93401445076e-08	-8,93401445076e-08	-8,93401445076e-08	-8,93401445076e-08	-9,11822131356e-08	-9,11822131356e-08	-9,11822131356e-08	-9,18069175057e-08	-9,18069175057e-08	-9,18069175057e-08	-9,18069175057e-08	-9,18069175057e-08	-9,18069175057e-08	-9,28225398051e-08	-9,28225398051e-08	-9,28225398051e-08	-9,28225398051e-08
184500	2,91759374588e-07	2,91759374588e-07	2,91759374588e-07	2,91759374588e-07	2,97071519944e-07	2,97071519944e-07	2,97071519944e-07	3,03332108861e-07	3,03332108861e-07	3,03332108861e-07	3,03332108861e-07	3,03332108861e-07	3,03332108861e-07	3,04976868931e-07	3,04976868931e-07	3,04976868931e-07	3,04976868931e-07
185400	-3,60306555268e-07	-3,60306555268e-07	-3,60306555268e-07	-3,60306555268e-07	-3,66974498355e-07	-3,66974498355e-07	-3,66974498355e-07	-3,74060577101e-07	-3,74060577101e-07	-3,74060577101e-07	-3,74060577101e-07	-3,74060577101e-07	-3,74060577101e-07	-3,73564519316e-07	-3,73564519316e-07	-3,73564519316e-07	-3,73564519316e-07
186300	6,44711970799e-07	6,44711970799e-07	6,44711970799e-07	6,44711970799e-07	6,55718937455e-07	6,55718937455e-07	6,55718937455e-07	6,73940662539e-07	6,73940662539e-07	6,73940662539e-07	6,73940662539e-07	6,73940662539e-07	6,73940662539e-07	6,7646835084e-07	6,7646835084e-07	6,7646835084e-07	6,7646835084e-07
187200	-2,38492818085e-07	-2,38492818085e-07	-2,38492818085e-07	-2,38492818085e-07	-2,42493310551e-07	-2,42493310551e-07	-2,42493310551e-07	-2,4966170534e-07	-2,4966170534e-07	-2,4966170534e-07	-2,4966170534e-07	-2,4966170534e-07	-2,4966170534e-07	-2,51425939187e-07	-2,51425939187e-07	-2,51425939187e-07	-2,51425939187e-07
188100	1,12302880127e-07	1,12302880127e-07	1,12302880127e-07	1,12302880127e-07	1,14346012057e-07	1,14346012057e-07	1,14346012057e-07	1,16765260474e-07	1,16765260474e-07	1,16765260474e-07	1,16765260474e-07	1,16765260474e-07	1,16765260474e-07	1,17378984517e-07	1,17378984517e-07	1,17378984517e-07	1,17378984517e-07
189000	-2,41649998872e-08	-2,41649998872e-08	-2,41649998872e-08	-2,41649998872e-08	-2,44292357698e-08	-2,44292357698e-08	-2,44292357698e-08	-2,60022070119e-08	-2,60022070119e-08	-2,60022070119e-08	-2,60022070119e-08	-2,60022070119e-08	-2,60022070119e-08	-2,51631677095e-08	-2,51631677095e-08	-2,51631677095e-08	-2,51631677095e-08
189900	8,7495518529e-08	8,7495518529e-08	8,7495518529e-08	8,7495518529e-08	8,90847993628e-08	8,90847993628e-08	8,90847993628e-08	9,09847759432e-08	9,09847759432e-08	9,09847759432e-08	9,09847759432e-08	9,09847759432e-08	9,09847759432e-08	9,0787533072e-08	9,0787533072e-08	9,0787533072e-08	9,0787533072e-08
190800	5,4023973989e-09	5,4023973989e-09	5,4023973989e-09	5,4023973989e-09	5,08076963079e-09	5,08076963079e-09	5,08076963079e-09	7,71664009366e-09	7,71664009366e-09	7,71664009366e-09	7,71664009366e-09	7,71664009366e-09	7,71664009366e-09	8,13380045332e-09	8,13380045332e-09	8,13380045332e-09	8,13380045332e-09
191700	-3,61520969896e-07	-3,61520969896e-07	-3,61520969896e-07	-3,61520969896e-07	-3,67964813862e-07	-3,67964813862e-07	-3,67964813862e-07	-3,76553567263e-07	-3,76553567263e-07	-3,76553567263e-07	-3,76553567263e-07	-3,76553567263e-07	-3,76553567263e-07	-3,78197135529e-07	-3,78197135529e-07	-3,78197135529e-07	-3,78197135529e-07
192600	-4,0404394974e-07	-4,0404394974e-07	-4,0404394974e-07	-4,0404394974e-07	-4,10618989979e-07	-4,10618989979e-07	-4,10618989979e-07	-4,23979774888e-07	-4,23979774888e-07	-4,23979774888e-07	-4,23979774888e-07	-4,23979774888e-07	-4,23979774888e-07	-4,28909857676e-07	-4,28909857676e-07	-4,28909857676e-07	-4,28909857676e-07
193500	4,23496981171e-07	4,23496981171e-07	4,23496981171e-07	4,23496981171e-07	4,30743593095e-07	4,30743593095e-07	4,30743593095e-07	4,42616122833e-07	4,42616122833e-07	4,42616122833e-07	4,42616122833e-07	4,42616122833e-07	4,42616122833e-07	4,4737953669e-07	4,4737953669e-07	4,4737953669e-07	4,4737953669e-07
194400	-2,45366989249e-07	-2,45366989249e-07	-2,45366989249e-07	-2,45366989249e-07	-2,49338825542e-07	-2,49338825542e-07	-2,49338825542e-07	-2,57578429561e-07	-2,57578429561e-07	-2,57578429561e-07	-2,57578429561e-07	-2,57578429561e-07	-2,57578429561e-07	-2,59339328411e-07	-2,59339328411e-07	-2,59339328411e-07	-2,59339328411e-07
195300	-2,21534987654e-07	-2,21534987654e-07	-2,21534987654e-07	-2,21534987654e-07	-2,25866981843e-07	-2,25866981843e-07	-2,25866981843e-07	-2,28831053791e-07	-2,28831053791e-07	-2,28831053791e-07	-2,28831053791e-07	-2,28831053791e-07	-2,28831053791e-07	-2,29736097859e-07	-2,29736097859e-07	-2,29736097859e-07	-2,29736097859e-07
196200	-3,48066967117e-07	-3,48066967117e-07	-3,48066967117e-07	-3,48066967117e-07	-3,53797336108e-07	-3,53797336108e-07	-3,53797336108e-07	-3,64910708506e-07	-3,64910708506e-07	-3,64910708506e-07	-3,64910708506e-07	-3,64910708506e-07	-3,64910708506e-07	-3,68104125318e-07	-3,68104125318e-07	-3,68104125318e-07	-3,68104125318e-07
197100	-2,19110274221e-07	-2,19110274221e-07	-2,19110274221e-07	-2,19110274221e-07	-2,2284939053e-07	-2,2284939053e-07	-2,2284939053e-07	-2,29054823133e-07	-2,29054823133e-07	-2,29054823133e-07	-2,29054823133e-07	-2,29054823133e-07	-2,29054823133e-07	-2,30716471057e-07	-2,30716471057e-07	-2,30716471057e-07	-2,30716471057e-07
198000	-1,66912564855e-07	-1,66912564855e-07	-1,66912564855e-07	-1,66912564855e-07	-1,69659012296e-07	-1,69659012296e-07	-1,69659012296e-07	-1,74997870053e-07	-1,74997870053e-07	-1,74997870053e-07	-1,74997870053e-07	-1,74997870053e-07	-1,74997870053e-07	-1,74633156321e-07	-1,74633156321e-07	-1,74633156321e-07	-1,74633156321e-07
198900	-1,31551541196e-07	-1,31551541196e-07	-1,31551541196e-07	-1,31551541196e-07	-1,33236797338e-07	-1,33236797338e-07	-1,33236797338e-07	-1,40320838479e-07	-1,40320838479e-07	-1,40320838479e-07	-1,40320838479e-07	-1,40320838479e-07	-1,40320838479e-07	-1,40979830562e-07	-1,40979830562e-07	-1,40979830562e-07	-1,40979830562e-07
199800	-1,63821612004e-07	-1,63821612004e-07	-1,63821612004e-07	-1,63821612004e-07	-1,66319982893e-07	-1,66319982893e-07	-1,66319982893e-07	-1,72743673928e-07	-1,72743673928e-07	-1,72743673928e-07	-1,72743673928e-07	-1,72743673928e-07	-1,72743673928e-07	-1,78264551401e-07	-1,78264551401e-07	-1,78264551401e-07	-1,78264551401e-07
200700	-1,28889194866e-06	-1,28889194866e-06	-1,28889194866e-06	-1,28889194866e-06	-1,31070542747e-06	-1,31070542747e-06	-1,31070542747e-06	-1,34831515424e-06	-1,34831515424e-06	-1,34831515424e-06	-1,34831515424e-06	-1,34831515424e-06	-1,34831515424e-06	-1,35875082948e-06	-1,35875082948e-06	-1,35875082948e-06	-1,35875082948e-06
201600	-2,20787456563e-06	-2,20787456563e-06	-2,20787456563e-06	-2,20787456563e-06	-2,24824019459e-06	-2,24824019459e-06	-2,24824019459e-06	-2,29471017805e-06	-2,29471017805e-06	-2,29471017805e-06	-2,29471017805e-06	-2,29471017805e-06	-2,29471017805e-06	-2,3018003654e-06	-2,3018003654e-06	-2,3018003654e-06	-2,3018003654e-06
202500	1,0832267434e-06	1,0832267434e-06	1,0832267434e-06	1,0832267434e-06	1,10424574376e-06	1,10424574376e-06	1,10424574376e-06	1,11974636529e-06	1,11974636529e-06	1,11974636529e-06	1,11974636529e-06	1,11974636529e-06	1,11974636529e-06	1,11968896616e-06	1,11968896616e-06	1,11968896616e-06	1,11968896616e-06
203400	-2,67209917771e-06	-2,67209917771e-06	-2,67209917771e-06	-2,67209917771e-06	-2,7183385677e-06	-2,7183385677e-06	-2,7183385677e-06	-2,79029443156e-06	-2,79029443156e-06	-2,79029443156e-06	-2,79029443156e-06	-2,79029443156e-06	-2,79029443156e-06	-2,80324926163e-06	-2,80324926163e-06	-2,80324926163e-06	-2,80324926163e-06
204300	-5,95660860672e-07	-5,95660860672e-07	-5,95660860672e-07	-5,95660860672e-07	-6,0373122631e-07	-6,0373122631e-07	-6,0373122631e-07	-6,33198165285e-07	-6,33198165285e-07	-6,33198165285e-07	-6,33198165285e-07	-6,33198165285e-07	-6,33198165285e-07	-6,40842699748e-07	-6,40842699748e-07	-6,40842699748e-07	-6,40842699748e-07
205200	-2,97529573119e-06	-2,97529573119e-06	-2,97529573119e-06	-2,97529573119e-06	-3,02600056322e-06	-3,02600056322e-06	-3,02600056322e-06	-3,11089644328e-06	-3,11089644328e-06	-3,11089644328e-06	-3,11089644328e-06	-3,11089644328e-06	-3,11089644328e-06	-3,12794087015e-06	-3,12794087015e-06	-3,12794087015e-06	-3,12794087015e-06
206100	1,11615544744e-07	1,11615544744e-07	1,11615544744e-07	1,11615544744e-07	1,08483611458e-07	1,08483611458e-07	1,08483611458e-07	1,41873626346e-07	1,41873626346e-07	1,41873626346e-07	1,41873626346e-07	1,41873626346e-07	1,41873626346e-07	1,4232032242e-07	1,4232032242e-07	1,4232032242e-07	1,4232032242e-07
207000	5,80573214416e-06	5,80573214416e-06	5,80573214416e-06	5,80573214416e-06	5,907365297e-06	5,907365297e-06	5,907365297e-06	6,02588562539e-06	6,02588562539e-06	6,02588562539e-06	6,02588562539e-06	6,02588562539e-06	6,02588562539e-06	6,05569451747e-06	6,05569451747e-06	6,05569451747e-06	6,05569451747e-06
207900	-1,71001390565e-07	-1,71001390565e-07	-1,71001390565e-07	-1,71001390565e-07	-1,8068392526e-07	-1,8068392526e-07	-1,8068392526e-07	-1,6345439227e-07	-1,6345439227e-07	-1,6345439227e-07	-1,6345439227e-07	-1,6345439227e-07	-1,6345439227e-07	-1,62384381809e-07	-1,62384381809e-07	-1,62384381809e-07	-1,62384381809e-07
208800	8,12665881366e-06	8,12665881366e-06	8,12665881366e-06	8,12665881366e-06	8,26420711717e-06	8,26420711717e-06	8,26420711717e-06	8,45965925883e-06	8,45965925883e-06	8,45965925883e-06	8,45965925883e-06	8,45965925883e-06	8,45965925883e-06	8,50361115243e-06	8,50361115243e-06	8,50361115243e-06	8,50361115243e-06
209700	6,74032760682e-06	6,74032760682e-06	6,74032760682e-06	6,74032760682e-06	6,84299486213e-06	6,84299486213e-06	6,84299486213e-06	7,04411300309e-06	7,04411300309e-06	7,04411300309e-06	7,04411300309e-06	7,04411300309e-06	7,04411300309e-06	7,10426963483e-06	7,10426963483e-06	7,10426963483e-06	7,10426963483e-06
210600	-6,95150770664e-06	-6,95150770664e-06	-6,95150770664e-06	-6,95150770664e-06	-7,05744018212e-06	-7,05744018212e-06	-7,05744018212e-06	-7,27008122266e-06	-7,27008122266e-06	-7,27008122266e-06	-7,27008122266e-06	-7,27008122266e-06	-7,27008122266e-06	-7,3227619673e-06	-7,3227619673e-06	-7,3227619673e-06	-7,3227619673e-06
211500	1,43035503986e-05	1,43035503986e-05	1,43035503986e-05	1,43035503986e-05	1,45292492145e-05	1,45292492145e-05	1,45292492145e-05	1,49564203881e-05	1,49564203881e-05	1,49564203881e-05	1,49564203881e-05	1,49564203881e-05	1,49564203881e-05	1,50581444176e-05	1,50581444176e-05	1,50581444176e-05	1,50581444176e-05
212400	-1,14880649265e-05	-1,14880649265e-05	-1,14880649265e-05	-1,14880649265e-05	-1,1673322612e-05	-1,1673322612e-05	-1,1673322612e-05	-1,1988416023e-05	-1,1988416023e-05	-1,1988416023e-05	-1,1988416023e-05	-1,1988416023e-05	-1,1988416023e-05	-1,20692489581e-05	-1,20692489581e-05	-1,20692489581e-05	-1,20692489581e-05
213300	1,07634289278e-05	1,07634289278e-05	1,07634289278e-05	1,07634289278e-05	1,09449428793e-05	1,09449428793e-05	1,09449428793e-05	1,12077187904e-05	1,12077187904e-05	1,12077187904e-05	1,12077187904e-05	1,12077187904e-05	1,12077187904e-05	1,12673531352e-05	1,12673531352e-05	1,12673531352e-05	1,12673531352e-05
214200	7,20749643566e-06	7,20749643566e-06	7,20749643566e-06	7,20749643566e-06	7,32542797403e-06	7,32542797403e-06	7,32542797403e-06	7,50498956175e-06	7,50498956175e-06	7,50498956175e-06	7,50498956175e-06	7,50498956175e-06	7,50498956175e-06	7,54058839004e-06	7,54058839004e-06	7,54058839004e-06	7,54058839004e-06
215100	-1,41513992376e-05	-1,41513992376e-05	-1,41513992376e-05	-1,41513992376e-05	-1,43884634304e-05	-1,43884634304e-05	-1,43884634304e-05	-1,4750852984e-05	-1,4750852984e-05	-1,4750852984e-05	-1,4750852984e-05	-1,4750852984e-05	-1,4750852984e-05	-1,48365676639e-05	-1,48365676639e-05	-1,48365676639e-05	-1,48365676639e-05
216000	9,65846297797e-06	9,65846297797e-06	9,65846297797e-06	9,65846297797e-06	9,82568866155e-06	9,82568866155e-06	9,82568866155e-06	1,00429060363e-05	1,00429060363e-05	1,00429060363e-05	1,00429060363e-05	1,00429060363e-05	1,00429060363e-05	1,00876822767e-05	1,00876822767e-05	1,00876822767e-05	1,00876822767e-05
216900	7,82824395463e-06	7,82824395463e-06	7,82824395463e-06	7,82824395463e-06	7,95386104148e-06	7,95386104148e-06	7,95386104148e-06	8,15970233381e-06	8,15970233381e-06	8,15970233381e-06	8,15970233381e-06	8,15970233381e-06	8,15970233381e-06	8,21325440726e-06	8,21325440726e-06	8,21325440726e-06	8,21325440726e-06
217800	-1,84263165011e-05	-1,84263165011e-05	-1,84263165011e-05	-1,84263165011e-05	-1,87301696956e-05	-1,87301696956e-05	-1,87301696956e-05	-1,91965176371e-05	-1,91965176371e-05	-1,91965176371e-05	-1,91965176371e-05	-1,91965176371e-05	-1,91965176371e-05	-1,92882483338e-05	-1,92882483338e-05	-1,92882483338e-05	-1,92882483338e-05
218700	8,82497555848e-06	8,82497555848e-06	8,82497555848e-06	8,82497555848e-06	8,96665901602e-06	8,96665901602e-06	8,96665901602e-06	9,21833090405e-06	9,21833090405e-06	9,21833090405e-06	9,21833090405e-06	9,21833090405e-06	9,21833090405e-06	9,26505505342e-06	9,26505505342e-06	9,26505505342e-06	9,26505505342e-06
219600	1,3137625987e-05	1,3137625987e-05	1,3137625987e-05	1,3137625987e-05	1,33546631189e-05	1,33546631189e-05	1,33546631189e-05	1,36702814724e-05	1,36702814724e-05	1,36702814724e-05	1,36702814724e-05	1,36702814724e-05	1,36702814724e-05	1,37352795002e-05	1,37352795002e-05	1,37352795002e-05	1,37352795002e-05
220500	7,42463392831e-06	7,42463392831e-06	7,42463392831e-06	7,42463392831e-06	7,53657600648e-06	7,53657600648e-06	7,53657600648e-06	7,77818518982e-06	7,77818518982e-06	7,77818518982e-06	7,77818518982e-06	7,77818518982e-06	7,77818518982e-06	7,83645859945e-06	7,83645859945e-06	7,83645859945e-06	7,83645859945e-06
221400	4,65830610428e-06	4,65830610428e-06	4,65830610428e-06	4,65830610428e-06	4,7364909382e-06	4,7364909382e-06	4,7364909382e-06	4,85712622506e-06	4,85712622506e-06	4,85712622506e-06	4,85712622506e-06	4,85712622506e-06	4,85712622506e-06	4,88554612806e-06	4,88554612806e-06	4,88554612806e-06	4,88554612806e-06
222300	-3,30411083945e-05	-3,30411083945e-05	-3,30411083945e-05	-3,30411083945e-05	-3,35818923395e-05	-3,35818923395e-05	-3,35818923395e-05	-3,44382375309e-05	-3,44382375309e-05	-3,44382375309e-05	-3,44382375309e-05	-3,44382375309e-05	-3,44382375309e-05	-3,46310565627e-05	-3,46310565627e-05	-3,46310565627e-05	-3,46310565627e-05
223200	-1,40940199877e-05	-1,40940199877e-05	-1,40940199877e-05	-1,40940199877e-05	-1,43251575865e-05	-1,43251575865e-05	-1,43251575865e-05	-1,47015094909e-05	-1,47015094909e-05	-1,47015094909e-05	-1,47015094909e-05	-1,47015094909e-05	-1,47015094909e-05	-1,47909847823e-05	-1,47909847823e-05	-1,47909847823e-05	-1,47909847823e-05
224100	1,13453551632e-05	1,13453551632e-05	1,13453551632e-05	1,13453551632e-05	1,15343916057e-05	1,15343916057e-05	1,15343916057e-05	1,18082089734e-05	1,18082089734e-05	1,18082089734e-05	1,18082089734e-05	1,18082089734e-05	1,18082089734e-05	1,18876694394e-05	1,18876694394e-05	1,18876694394e-05	1,18876694394e-05
225000	1,03101488274e-06	1,03101488274e-06	1,03101488274e-06	1,03101488274e-06	1,05589095799e-06	1,05589095799e-06	1,05589095799e-06	1,04833030064e-06	1,04833030064e-06	1,04833030064e-06	1,04833030064e-06	1,04833030064e-06	1,04833030064e-06	1,03326874953e-06	1,03326874953e-06	1,03326874953e-06	1,03326874953e-06
225900	-4,32931246797e-06	-4,32931246797e-06	-4,32931246797e-06	-4,32931246797e-06	-4,40158668802e-06	-4,40158668802e-06	-4,40158668802e-06	-4,49537185723e-06	-4,49537185723e-06	-4,49537185723e-06	-4,49537185723e-06	-4,49537185723e-06	-4,49537185723e-06	-4,50485924033e-06	-4,50485924033e-06	-4,50485924033e-06	-4,50485924033e-06
226800	-9,18349178726e-06	-9,18349178726e-06	-9,18349178726e-06	-9,18349178726e-06	-9,33560143071e-06	-9,33560143071e-06	-9,33560143071e-06	-9,56044172118e-06	-9,56044172118e-06	-9,56044172118e-06	-9,56044172118e-06	-9,56044172118e-06	-9,56044172118e-06	-9,60860326313e-06	-9,60860326313e-06	-9,60860326313e-06	-9,60860326313e-06
227700	3,45970563727e-06	3,45970563727e-06	3,45970563727e-06	3,45970563727e-06	3,51535509583e-06	3,51535509583e-06	3,51535509583e-06	3,62242681571e-06	3,62242681571e-06	3,62242681571e-06	3,62242681571e-06	3,62242681571e-06	3,62242681571e-06	3,64680787943e-06	3,64680787943e-06	3,64680787943e-06	3,64680787943e-06
228600	-1,00571382225e-06	-1,00571382225e-06	-1,00571382225e-06	-1,00571382225e-06	-1,01907657391e-06	-1,01907657391e-06	-1,01907657391e-06	-1,06127339192e-06	-1,06127339192e-06	-1,06127339192e-06	-1,06127339192e-06	-1,06127339192e-06	-1,06127339192e-06	-1,07591350904e-06	-1,07591350904e-06	-1,07591350904e-06	-1,07591350904e-06
229500	-3,51541099504e-06	-3,51541099504e-06	-3,51541099504e-06	-3,51541099504e-06	-3,57285617459e-06	-3,57285617459e-06	-3,57285617459e-06	-3,6705630904e-06	-3,6705630904e-06	-3,6705630904e-06	-3,6705630904e-06	-3,6705630904e-06	-3,6705630904e-06	-3,69515252048e-06	-3,69515252048e-06	-3,69515252048e-06	-3,69515252048e-06
230400	-3,11795074623e-06	-3,11795074623e-06	-3,11795074623e-06	-3,11795074623e-06	-3,17045268563e-06	-3,17045268563e-06	-3,17045268563e-06	-3,25355725492e-06	-3,25355725492e-06	-3,25355725492e-06	-3,25355725492e-06	-3,25355725492e-06	-3,25355725492e-06	-3,27613367066e-06	-3,27613367066e-06	-3,27613367066e-06	-3,27613367066e-06
231300	2,4417072097e-06	2,4417072097e-06	2,4417072097e-06	2,4417072097e-06	2,48411661507e-06	2,48411661507e-06	2,48411661507e-06	2,54893069485e-06	2,54893069485e-06	2,54893069485e-06	2,54893069485e-06	2,54893069485e-06	2,54893069485e-06	2,56348399636e-06	2,56348399636e-06	2,56348399636e-06	2,56348399636e-06
232200	-1,69884329534e-06	-1,69884329534e-06	-1,69884329534e-06	-1,69884329534e-06	-1,72760358329e-06	-1,72760358329e-06	-1,72760358329e-06	-1,77720143891e-06	-1,77720143891e-06	-1,77720143891e-06	-1,77720143891e-06	-1,77720143891e-06	-1,77720143891e-06	-1,78916173752e-06	-1,78916173752e-06	-1,78916173752e-06	-1,78916173752e-06
233100	-1,3746619453e-06	-1,3746619453e-06	-1,3746619453e-06	-1,3746619453e-06	-1,40090703928e-06	-1,40090703928e-06	-1,40090703928e-06	-1,42321610681e-06	-1,42321610681e-06	-1,42321610681e-06	-1,42321610681e-06	-1,42321610681e-06	-1,42321610681e-06	-1,42660469531e-06	-1,42660469531e-06	-1,42660469531e-06	-1,42660469531e-06
234000	2,07295023472e-06	2,07295023472e-06	2,07295023472e-06	2,07295023472e-06	2,10827010539e-06	2,10827010539e-06	2,10827010539e-06	2,16742083612e-06	2,16742083612e-06	2,16742083612e-06	2,16742083612e-06	2,16742083612e-06	2,16742083612e-06	2,17820863277e-06	2,17820863277e-06	2,17820863277e-06	2,17820863277e-06
234900	-1,77012754953e-06	-1,77012754953e-06	-1,77012754953e-06	-1,77012754953e-06	-1,80366318781e-06	-1,80366318781e-06	-1,80366318781e-06	-1,83394532788e-06	-1,83394532788e-06	-1,83394532788e-06	-1,83394532788e-06	-1,83394532788e-06	-1,83394532788e-06	-1,83930760354e-06	-1,83930760354e-06	-1,83930760354e-06	-1,83930760354e-06
235800	-9,48269268033e-07	-9,48269268033e-07	-9,48269268033e-07	-9,48269268033e-07	-9,65935184064e-07	-9,65935184064e-07	-9,65935184064e-07	-9,83960009984e-07	-9,83960009984e-07	-9,83960009984e-07	-9,83960009984e-07	-9,83960009984e-07	-9,83960009984e-07	-9,79526662324e-07	-9,79526662324e-07	-9,79526662324e-07	-9,79526662324e-07
236700	1,22107143426e-06	1,22107143426e-06	1,22107143426e-06	1,22107143426e-06	1,24420574925e-06	1,24420574925e-06	1,24420574925e-06	1,2650869558e-06	1,2650869558e-06	1,2650869558e-06	1,2650869558e-06	1,2650869558e-06	1,2650869558e-06	1,26384838774e-06	1,26384838774e-06	1,26384838774e-06	1,26384838774e-06
237600	2,05139391345e-07	2,05139391345e-07	2,05139391345e-07	2,05139391345e-07	2,09947854168e-07	2,09947854168e-07	2,09947854168e-07	2,07923876087e-07	2,07923876087e-07	2,07923876087e-07	2,07923876087e-07	2,07923876087e-07	2,07923876087e-07	2,06689247014e-07	2,06689247014e-07	2,06689247014e-07	2,06689247014e-07
238500	-6,90088606816e-07	-6,90088606816e-07	-6,90088606816e-07	-6,90088606816e-07	-7,04172110271e-07	-7,04172110271e-07	-7,04172110271e-07	-7,09920713417e-07	-7,09920713417e-07	-7,09920713417e-07	-7,09920713417e-07	-7,09920713417e-07	-7,09920713417e-07	-7,07534957596e-07	-7,07534957596e-07	-7,07534957596e-07	-7,07534957596e-07
239400	-1,3496760057e-06	-1,3496760057e-06	-1,3496760057e-06	-1,3496760057e-06	-1,37034228422e-06	-1,37034228422e-06	-1,37034228422e-06	-1,42287132978e-06	-1,42287132978e-06	-1,42287132978e-06	-1,42287132978e-06	-1,42287132978e-06	-1,42287132978e-06	-1,43786554811e-06	-1,43786554811e-06	-1,43786554811e-06	-1,43786554811e-06
240300	-1,03241492107e-06	-1,03241492107e-06	-1,03241492107e-06	-1,03241492107e-06	-1,04666343681e-06	-1,04666343681e-06	-1,04666343681e-06	-1,09621269965e-06	-1,09621269965e-06	-1,09621269965e-06	-1,09621269965e-06	-1,09621269965e-06	-1,09621269965e-06	-1,1067080775e-06	-1,1067080775e-06	-1,1067080775e-06	-1,1067080775e-06
241200	-3,63796672152e-07	-3,63796672152e-07	-3,63796672152e-07	-3,63796672152e-07	-3,7074244972e-07	-3,7074244972e-07	-3,7074244972e-07	-3,76653437057e-07	-3,76653437057e-07	-3,76653437057e-07	-3,76653437057e-07	-3,76653437057e-07	-3,76653437057e-07	-3,76685344015e-07	-3,76685344015e-07	-3,76685344015e-07	-3,76685344015e-07
242100	5,57716866711e-07	5,57716866711e-07	5,57716866711e-07	5,57716866711e-07	5,67947715162e-07	5,67947715162e-07	5,67947715162e-07	5,79510868847e-07	5,79510868847e-07	5,79510868847e-07	5,79510868847e-07	5,79510868847e-07	5,79510868847e-07	5,7857407504e-07	5,7857407504e-07	5,7857407504e-07	5,7857407504e-07
243000	-7,25224119194e-07	-7,25224119194e-07	-7,25224119194e-07	-7,25224119194e-07	-7,37812429921e-07	-7,37812429921e-07	-7,37812429921e-07	-7,57144745919e-07	-7,57144745919e-07	-7,57144745919e-07	-7,57144745919e-07	-7,57144745919e-07	-7,57144745919e-07	-7,55437374953e-07	-7,55437374953e-07	-7,55437374953e-07	-7,55437374953e-07
243900	-2,41343582419e-06	-2,41343582419e-06	-2,41343582419e-06	-2,41343582419e-06	-2,45517819457e-06	-2,45517819457e-06	-2,45517819457e-06	-2,52045824731e-06	-2,52045824731e-06	-2,52045824731e-06	-2,52045824731e-06	-2,52045824731e-06	-2,52045824731e-06	-2,53855348892e-06	-2,53855348892e-06	-2,53855348892e-06	-2,53855348892e-06
244800	1,0132158559e-06	1,0132158559e-06	1,0132158559e-06	1,0132158559e-06	1,02850510591e-06	1,02850510591e-06	1,02850510591e-06	1,06931439764e-06	1,06931439764e-06	1,06931439764e-06	1,06931439764e-06	1,06931439764e-06	1,06931439764e-06	1,08701186219e-06	1,08701186219e-06	1,08701186219e-06	1,08701186219e-06
245700	1,79331845501e-06	1,79331845501e-06	1,79331845501e-06	1,79331845501e-06	1,81780614634e-06	1,81780614634e-06	1,81780614634e-06	1,90544880175e-06	1,90544880175e-06	1,90544880175e-06	1,90544880175e-06	1,90544880175e-06	1,90544880175e-06	1,91881036911e-06	1,91881036911e-06	1,91881036911e-06	1,91881036911e-06
246600	2,67122647886e-06	2,67122647886e-06	2,67122647886e-06	2,67122647886e-06	2,71904293459e-06	2,71904293459e-06	2,71904293459e-06	2,78148517965e-06	2,78148517965e-06	2,78148517965e-06	2,78148517965e-06	2,78148517965e-06	2,78148517965e-06	2,79160108498e-06	2,79160108498e-06	2,79160108498e-06	2,79160108498e-06
247500	-7,08632857877e-07	-7,08632857877e-07	-7,08632857877e-07	-7,08632857877e-07	-7,22250144897e-07	-7,22250144897e-07	-7,22250144897e-07	-7,33224718719e-07	-7,33224718719e-07	-7,33224718719e-07	-7,33224718719e-07	-7,33224718719e-07	-7,33224718719e-07	-7,35924364996e-07	-7,35924364996e-07	-7,35924364996e-07	-7,35924364996e-07
248400	-1,67796274138e-07	-1,67796274138e-07	-1,67796274138e-07	-1,67796274138e-07	-1,69516298768e-07	-1,69516298768e-07	-1,69516298768e-07	-1,81141759123e-07	-1,81141759123e-07	-1,81141759123e-07	-1,81141759123e-07	-1,81141759123e-07	-1,81141759123e-07	-1,80083188158e-07	-1,80083188158e-07	-1,80083188158e-07	-1,80083188158e-07
249300	7,51894342147e-07	7,51894342147e-07	7,51894342147e-07	7,51894342147e-07	7,65443082993e-07	7,65443082993e-07	7,65443082993e-07	7,82483445529e-07	7,82483445529e-07	7,82483445529e-07	7,82483445529e-07	7,82483445529e-07	7,82483445529e-07	7,83573221196e-07	7,83573221196e-07	7,83573221196e-07	7,83573221196e-07
250200	4,6692783894e-07	4,6692783894e-07	4,6692783894e-07	4,6692783894e-07	4,75070186607e-07	4,75070186607e-07	4,75070186607e-07	4,87279302179e-07	4,87279302179e-07	4,87279302179e-07	4,87279302179e-07	4,87279302179e-07	4,87279302179e-07	4,90128513761e-07	4,90128513761e-07	4,90128513761e-07	4,90128513761e-07
251100	1,694614601e-06	1,694614601e-06	1,694614601e-06	1,694614601e-06	1,72904335505e-06	1,72904335505e-06	1,72904335505e-06	1,74406409849e-06	1,74406409849e-06	1,74406409849e-06	1,74406409849e-06	1,74406409849e-06	1,74406409849e-06	1,74474418129e-06	1,74474418129e-06	1,74474418129e-06	1,74474418129e-06
252000	1,21513060072e-06	1,21513060072e-06	1,21513060072e-06	1,21513060072e-06	1,23603470036e-06	1,23603470036e-06	1,23603470036e-06	1,26949202301e-06	1,26949202301e-06	1,26949202301e-06	1,26949202301e-06	1,26949202301e-06	1,26949202301e-06	1,28035146007e-06	1,28035146007e-06	1,28035146007e-06	1,28035146007e-06
252900	5,6251221356e-09	5,6251221356e-09	5,6251221356e-09	5,6251221356e-09	6,39008765794e-09	6,39008765794e-09	6,39008765794e-09	2,53573846868e-09	2,53573846868e-09	2,53573846868e-09	2,53573846868e-09	2,53573846868e-09	2,53573846868e-09	4,17338912513e-10	4,17338912513e-10	4,17338912513e-10	4,17338912513e-10
253800	-5,76020735928e-07	-5,76020735928e-07	-5,76020735928e-07	-5,76020735928e-07	-5,85854336187e-07	-5,85854336187e-07	-5,85854336187e-07	-6,02171806446e-07	-6,02171806446e-07	-6,02171806446e-07	-6,02171806446e-07	-6,02171806446e-07	-6,02171806446e-07	-6,09601816565e-07	-6,09601816565e-07	-6,09601816565e-07	-6,09601816565e-07
254700	-1,76286058087e-08	-1,76286058087e-08	-1,76286058087e-08	-1,76286058087e-08	-1,88255040668e-08	-1,88255040668e-08	-1,88255040668e-08	-1,39491107526e-08	-1,39491107526e-08	-1,39491107526e-08	-1,39491107526e-08	-1,39491107526e-08	-1,39491107526e-08	-1,18552991788e-08	-1,18552991788e-08	-1,18552991788e-08	-1,18552991788e-08
255600	1,22125431448e-06	1,22125431448e-06	1,22125431448e-06	1,22125431448e-06	1,24178476113e-06	1,24178476113e-06	1,24178476113e-06	1,27827849757e-06	1,27827849757e-06	1,27827849757e-06	1,27827849757e-06	1,27827849757e-06	1,27827849757e-06	1,28591499499e-06	1,28591499499e-06	1,28591499499e-06	1,28591499499e-06
256500	1,14783732633e-06	1,14783732633e-06	1,14783732633e-06	1,14783732633e-06	1,16652566395e-06	1,16652566395e-06	1,16652566395e-06	1,20446235305e-06	1,20446235305e-06	1,20446235305e-06	1,20446235305e-06	1,20446235305e-06	1,20446235305e-06	1,21706663162e-06	1,21706663162e-06	1,21706663162e-06	1,21706663162e-06
257400	2,63385547242e-08	2,63385547242e-08	2,63385547242e-08	2,63385547242e-08	2,78120783738e-08	2,78120783738e-08	2,78120783738e-08	2,2414327168e-08	2,2414327168e-08	2,2414327168e-08	2,2414327168e-08	2,2414327168e-08	2,2414327168e-08	2,08060082825e-08	2,08060082825e-08	2,08060082825e-08	2,08060082825e-08
258300	4,03566949325e-07	4,03566949325e-07	4,03566949325e-07	4,03566949325e-07	4,09843323679e-07	4,09843323679e-07	4,09843323679e-07	4,24945501705e-07	4,24945501705e-07	4,24945501705e-07	4,24945501705e-07	4,24945501705e-07	4,24945501705e-07	4,2791663564e-07	4,2791663564e-07	4,2791663564e-07	4,2791663564e-07
259200	5,14442782204e-07	5,14442782204e-07	5,14442782204e-07	5,14442782204e-07	5,22521093937e-07	5,22521093937e-07	5,22521093937e-07	5,41304883184e-07	5,41304883184e-07	5,41304883184e-07	5,41304883184e-07	5,41304883184e-07	5,41304883184e-07	5,45881592448e-07	5,45881592448e-07	5,45881592448e-07	5,45881592448e-07
260100	8,37588090426e-07	8,37588090426e-07	8,37588090426e-07	8,37588090426e-07	8,53808734327e-07	8,53808734327e-07	8,53808734327e-07	8,65977856433e-07	8,65977856433e-07	8,65977856433e-07	8,65977856433e-07	8,65977856433e-07	8,65977856433e-07	8,6687044896e-07	8,6687044896e-07	8,6687044896e-07	8,6687044896e-07
261000	-3,11513995564e-07	-3,11513995564e-07	-3,11513995564e-07	-3,11513995564e-07	-3,16763783197e-07	-3,16763783197e-07	-3,16763783197e-07	-3,25988282246e-07	-3,25988282246e-07	-3,25988282246e-07	-3,25988282246e-07	-3,25988282246e-07	-3,25988282246e-07	-3,27396469561e-07	-3,27396469561e-07	-3,27396469561e-07	-3,27396469561e-07
261900	9,34543233216e-08	9,34543233216e-08	9,34543233216e-08	9,34543233216e-08	9,4882359646e-08	9,4882359646e-08	9,4882359646e-08	9,85310632041e-08	9,85310632041e-08	9,85310632041e-08	9,85310632041e-08	9,85310632041e-08	9,85310632041e-08	9,97326380476e-08	9,97326380476e-08	9,97326380476e-08	9,97326380476e-08
262800	1,79862807916e-06	1,79862807916e-06	1,79862807916e-06	1,79862807916e-06	1,82875756064e-06	1,82875756064e-06	1,82875756064e-06	1,88308212623e-06	1,88308212623e-06	1,88308212623e-06	1,88308212623e-06	1,88308212623e-06	1,88308212623e-06	1,89490045366e-06	1,89490045366e-06	1,89490045366e-06	1,89490045366e-06
263700	-4,70308839125e-07	-4,70308839125e-07	-4,70308839125e-07	-4,70308839125e-07	-4,77896622664e-07	-4,77896622664e-07	-4,77896622664e-07	-4,93846513085e-07	-4,93846513085e-07	-4,93846513085e-07	-4,93846513085e-07	-4,93846513085e-07	-4,93846513085e-07	-4,9853840325e-07	-4,9853840325e-07	-4,9853840325e-07	-4,9853840325e-07
264600	5,85457475873e-07	5,85457475873e-07	5,85457475873e-07	5,85457475873e-07	5,95522660004e-07	5,95522660004e-07	5,95522660004e-07	6,11657055473e-07	6,11657055473e-07	6,11657055473e-07	6,11657055473e-07	6,11657055473e-07	6,11657055473e-07	6,15076496191e-07	6,15076496191e-07	6,15076496191e-07	6,15076496191e-07
265500	-1,86409306467e-07	-1,86409306467e-07	-1,86409306467e-07	-1,86409306467e-07	-1,89669913828e-07	-1,89669913828e-07	-1,89669913828e-07	-1,94472220102e-07	-1,94472220102e-07	-1,94472220102e-07	-1,94472220102e-07	-1,94472220102e-07	-1,94472220102e-07	-1,957843837e-07	-1,957843837e-07	-1,957843837e-07	-1,957843837e-07
266400	5,26223213326e-07	5,26223213326e-07	5,26223213326e-07	5,26223213326e-07	5,34341980121e-07	5,34341980121e-07	5,34341980121e-07	5,54410922042e-07	5,54410922042e-07	5,54410922042e-07	5,54410922042e-07	5,54410922042e-07	5,54410922042e-07	5,61691261596e-07	5,61691261596e-07	5,61691261596e-07	5,61691261596e-07
267300	4,15259375996e-07	4,15259375996e-07	4,15259375996e-07	4,15259375996e-07	4,21907438243e-07	4,21907438243e-07	4,21907438243e-07	4,36295354177e-07	4,36295354177e-07	4,36295354177e-07	4,36295354177e-07	4,36295354177e-07	4,36295354177e-07	4,38921089638e-07	4,38921089638e-07	4,38921089638e-07	4,38921089638e-07
