time	sensor_1	sensor_2	sensor_3	sensor_4	sensor_5	sensor_6	sensor_7	sensor_8	sensor_9	sensor_10	sensor_11	sensor_12	sensor_13	sensor_14	sensor_15	sensor_16	sensor_17
0	0	0	0	0	0	0	0	0	0	0	0	0	0	0	0	0	0
900	0,00226912471555	0,000732797452225	0,0	0,00153632241884	0,00153632241884	0,00104137189626	0,000494949686534	0,000732797452225	0,0	0,000329619654197	0,000264418408978	0,000960250251404	0,000366584266149	0,000960250251404	9,15106953188e-05	0,000460460471662	0,000408278885469
1800	-0,00304349807277	-0,00099639246332	0,0	-0,00204709949928	-0,00204709949928	-0,00131759345264	-0,000729505001864	-0,00099639246332	0,0	-0,000368411408345	-8,64858607916e-05	-0,000822305212782	-0,000628983316956	-0,000822305212782	0,000469712418466	-0,000150698971576	0,000101280514837
2700	0,00430530126299	0,00143538274289	0,0	0,00286990894283	0,00286990894283	0,00175198669134	0,00111792063359	0,00143538274289	0,0	0,000708214556931	3,01021144207e-05	0,00131281251522	0,000860884950152	0,00131281251522	-0,000445556195691	0,000413033947587	0,000102735462034
3600	-5,61630771871e-05	-8,93276657488e-05	0,0	3,31648150861e-05	3,31648150861e-05	-8,95365270044e-05	0,000122701317984	-8,93276657488e-05	0,0	-5,72061262984e-05	1,62314758429e-05	-0,000122841045711	-7,46111043859e-06	-0,000122841045711	3,65975322462e-05	-0,000156701424315	-2,73711869718e-06
4500	-0,0010076581342	-0,000285576669004	0,0	-0,000722078728947	-0,000722078728947	-0,000621965504279	-0,000100112715782	-0,000285576669004	0,0	5,4179612932e-06	-0,000136548886595	-0,000333692931834	-8,30142078509e-05	-0,000333692931834	2,54515887517e-05	-0,000255855051513	-0,000103289383992
5400	-0,00119418888621	-0,000370523586231	0,0	-0,000823662467112	-0,000823662467112	-0,000364007483423	-0,000459654480517	-0,000370523586231	0,0	-0,000290024750691	0,000163023519616	-0,00027381231947	-0,000223711962945	-0,00027381231947	-7,31555323602e-05	-4,28602574843e-05	-0,000157796467371
6300	-0,000610973321223	-0,000185030472251	0,0	-0,000425941585411	-0,000425941585411	-0,000143290767308	-0,000282650594605	-0,000185030472251	0,0	-0,00014208931805	0,000124552534528	-0,00015320347983	-4,93635442901e-05	-0,00015320347983	8,76252487087e-05	-0,000130564054209	-0,000110264634879
7200	0,000833791205797	0,000278638683365	0,0	0,000555150749019	0,000555150749019	0,000348496246457	0,000206654206356	0,000278638683365	0,0	3,59862847714e-05	-0,000106990749805	0,00017145399403	3,61799010807e-05	0,00017145399403	-0,000177006515244	0,000144914714901	0,00020354574478
8100	-0,00132659767778	-0,000497915605083	0,0	-0,000828679329929	-0,000828679329929	-0,000437588983554	-0,000391089919817	-0,000497915605083	0,0	-0,000313542550494	-0,000202507300368	-0,00071271930119	-0,000301245481814	-0,00071271930119	-6,53860571716e-05	-0,00025235611377	-0,000394976985387
9000	-0,000283025804306	-0,000108526966505	0,0	-0,000174498330524	-0,000174498330524	-0,000117105999104	-5,73922520746e-05	-0,000108526966505	0,0	-8,89230301838e-05	-0,000129647101112	-0,000303111076484	-2,39858755569e-05	-0,000303111076484	8,91781835744e-05	-0,000234089132199	-0,000158200071197
9900	8,78406323934e-05	7,67183496791e-05	0,0	1,11221048709e-05	1,11221048709e-05	-0,000119658064133	0,000130780163793	7,67183496791e-05	0,0	0,000185148223975	-4,28800682949e-06	0,000193381150903	6,41973033396e-05	0,000193381150903	7,46041494906e-05	2,10414855063e-05	9,77354868716e-05
10800	-0,000504326639405	-0,000198749639632	0,0	-0,000305576143499	-0,000305576143499	-0,000177793936123	-0,000127782079124	-0,000198749639632	0,0	-0,000154970559608	4,1751834793e-05	-0,000193112783571	-0,000118855371849	-0,000193112783571	-2,20516344522e-05	-8,33287366414e-05	-8,77323803462e-05
11700	0,000255795913932	7,76376829579e-05	0,0	0,000178157819662	0,000178157819662	0,000175734982385	2,42276497502e-06	7,76376829579e-05	0,0	-9,28621659683e-05	0,000144583810426	0,000120354162581	9,00509180157e-06	0,000120354162581	-0,000148117977713	0,000245428324945	3,00084247773e-05
12600	0,00037078970686	0,000135163725078	0,0	0,000235625335074	0,000235625335074	0,000189143644004	4,6481586496e-05	0,000135163725078	0,0	0,000116957998931	-1,92858831904e-05	0,000173921581316	5,89141099847e-05	0,000173921581316	1,18719975081e-05	8,55784121166e-05	0,000100215134292
13500	0,000373944782217	0,000125464525817	0,0	0,000248479562752	0,000248479562752	0,000179658838987	6,8820606653e-05	0,000125464525817	0,0	2,02088119953e-05	1,77658152646e-05	7,98617033386e-05	8,35773164765e-05	7,98617033386e-05	8,43841206502e-05	-9,09909092527e-05	5,57598514207e-05
14400	-0,000680342963812	-0,000236921245601	0,0	-0,000443420486875	-0,000443420486875	-0,00031753552753	-0,000125884755982	-0,000236921245601	0,0	-9,48773254289e-05	-9,4412291186e-05	-0,000352582980462	-7,36276103106e-05	-0,000352582980462	0,00011234131237	-0,000273410756836	-0,00019151347032
15300	-0,00056071338562	-0,000182241834068	0,0	-0,000378470660842	-0,000378470660842	-0,000300722790819	-7,77477163957e-05	-0,000182241834068	0,0	-2,08199444661e-05	-3,36791196392e-05	-0,000144852942017	-9,18877887414e-05	-0,000144852942017	2,86454652843e-06	-7,26018596503e-05	-7,51156069133e-05
16200	0,000793550277242	0,000302345470485	0,0	0,000491203490677	0,000491203490677	0,000318882374853	0,000172320914142	0,000302345470485	0,0	0,000214914468294	0,000222599751863	0,000467812042645	0,00027204729919	0,000467812042645	-0,000186056197658	0,000556800938389	9,70672181938e-05
17100	-0,000284498290758	-0,000127368004987	0,0	-0,000157129778727	-0,000157129778727	-5,61425211736e-05	-0,00010098719033	-0,000127368004987	0,0	-0,00017890464269	-5,83321673391e-05	-0,00014879608381	-0,000215808568993	-0,00014879608381	-1,94028950291e-05	-0,000156944315013	4,65215551383e-05
18000	8,2461959592e-06	-9,45510610544e-06	0,0	1,77012945622e-05	1,77012945622e-05	1,34898668602e-05	4,21141994936e-06	-9,45510610544e-06	0,0	-5,90335499018e-05	-0,000308764188205	-0,000301004041605	-7,62487390591e-05	-0,000301004041605	2,8478699282e-05	-0,000194731274051	-0,000153721819346
18900	0,000146276081073	4,96996789082e-05	0,0	9,6576153402e-05	9,6576153402e-05	3,9668441534e-05	5,69076705739e-05	4,96996789082e-05	0,0	9,25049763364e-05	7,39493245496e-05	0,000142425349241	7,37285578293e-05	0,000142425349241	7,29631045109e-05	-3,40111601457e-05	0,000103473384298
19800	-0,000367153059773	-0,000137247253008	0,0	-0,000229905190133	-0,000229905190133	-0,000164328091487	-6,55770015406e-05	-0,000137247253008	0,0	-9,16707617341e-05	2,3774613895e-05	-0,00014755404804	-5,7589213009e-05	-0,00014755404804	8,99987573642e-05	-0,00012931935706	-0,000108233422412
20700	0,000430505316012	0,00016417256276	0,0	0,000266332023795	0,000266332023795	0,000165069400389	0,000101262510659	0,00016417256276	0,0	0,000156102328155	5,26808591675e-05	0,00029708323016	7,587232889e-05	0,00029708323016	-0,000139131274361	0,000298251707191	0,000137962744616
21600	0,000442089030485	0,000178646465431	0,0	0,000263441743103	0,000263441743103	0,00021680464462	4,66369762977e-05	0,000178646465431	0,0	0,00017803733137	0,000136703223312	0,000393518668847	9,98681063321e-05	0,000393518668847	-7,73643186395e-06	0,000420834983208	8,85361522588e-05
22500	0,000350187023966	0,000104902565503	0,0	0,000245283781471	0,000245283781471	0,000100500413174	0,000144783248088	0,000104902565503	0,0	7,2805457121e-06	-3,31990861344e-05	-1,7042593305e-05	9,60265148726e-05	-1,7042593305e-05	8,99706763869e-05	-0,000280262093611	6,51327237775e-05
23400	0,000244987990361	7,80974930431e-05	0,0	0,000166889996855	0,000166889996855	5,48049110067e-05	0,000112084998759	7,80974930431e-05	0,0	-2,20640741201e-06	-5,95177622643e-05	1,1748938568e-05	4,62430594219e-06	1,1748938568e-05	4,66034226145e-05	-0,000123011777287	8,81572912724e-05
24300	-0,000210175248786	-9,34935538303e-05	0,0	-0,000116681248036	-0,000116681248036	-8,56837466544e-05	-3,09974403667e-05	-9,34935538303e-05	0,0	-1,45371587993e-05	-4,76802500889e-06	-0,000119038213019	6,23958736608e-06	-0,000119038213019	6,11271442497e-05	-8,86964185753e-05	-9,14689121986e-05
25200	0,000755842341473	0,000268979108403	0,0	0,000486861597772	0,000486861597772	0,000369849202627	0,000117012128819	0,000268979108403	0,0	0,000157689983192	0,00023885241041	0,000540265466399	0,000125255633354	0,000540265466399	-0,000189526896047	0,000380395771714	0,000349396465304
26100	0,000170194585435	9,72811605963e-05	0,0	7,2913003661e-05	7,2913003661e-05	3,13360155513e-05	4,15769445744e-05	9,72811605963e-05	0,0	0,000188006033842	-3,55351290887e-05	0,000186064091782	6,36878010554e-05	0,000186064091782	-1,80985262411e-05	0,000116845001052	8,73175724391e-05
27000	-6,57762185608e-05	-2,8232058933e-05	0,0	-3,75440022591e-05	-3,75440022591e-05	-5,96754373374e-05	2,2131457905e-05	-2,8232058933e-05	0,0	-2,77585869543e-05	-8,63308481072e-05	-0,000149924324525	7,60289609588e-06	-0,000149924324525	3,33112766129e-05	-6,21904196135e-05	-0,000121045142062
27900	0,000873408681818	0,000327209399154	0,0	0,000546197102691	0,000546197102691	0,000292053633817	0,000254143129732	0,000327209399154	0,0	0,000308471407045	0,000156346792325	0,000606958002966	0,000185069013222	0,000606958002966	-5,51836758435e-05	0,000265491467327	0,000396650050563
28800	0,00172836559536	0,000620145247699	0,0	0,00110821528536	0,00110821528536	0,000648339639595	0,000459874838396	0,000620145247699	0,0	0,000548398532676	0,000231616737977	0,000948107077862	0,000452052166745	0,000948107077862	0,000499086925365	0,000122160701627	0,000326859197043
29700	0,00149960654742	0,000358506505692	0,0	0,00114109502639	0,00114109502639	0,000560146152264	0,000580947872051	0,000358506505692	0,0	-9,14004209055e-05	-0,000179074181344	9,54432642379e-05	-7,41195590356e-06	9,54432642379e-05	-0,000179069234868	0,00032745968885	-5,29472276931e-05
30600	0,00450088841309	0,0018350865561	0,0	0,00266578130514	0,00266578130514	0,00184049485124	0,000825283452132	0,0018350865561	0,0	0,00206694995453	0,00143297527724	0,00366965069709	0,00166535476794	0,00366965069709	0,000658549960191	0,00137687205977	0,00163422704288
31500	-0,00183579354671	-0,00072529562653	0,0	-0,00111048870592	-0,00111048870592	-0,000861022841393	-0,0002494644987	-0,00072529562653	0,0	-0,000665857284496	-0,00119713694098	-0,00150026764691	-0,00108801925763	-0,00150026764691	-0,000498853394785	-0,000218372016958	0,000220909811051
32400	-0,00260656574604	-0,000872054788511	0,0	-0,00173450008768	-0,00173450008768	-0,000979734086365	-0,000754764195437	-0,000872054788511	0,0	-0,000665668342858	0,000320547242055	-0,00124812550181	3,09520073797e-05	-0,00124812550181	0,000213844042533	-0,000955477213934	-0,00151044305655
33300	0,00084828944629	0,000293007404056	0,0	0,00055527874356	0,00055527874356	0,000300122888788	0,000255155319886	0,000293007404056	0,0	0,000202460908101	0,000315326860642	0,000537356846428	0,000273437454544	0,000537356846428	6,90777963357e-05	0,000288583430283	0,000179695405756
34200	-0,00121564835933	-0,000570185989532	0,0	-0,000421262124778	-0,000421262124778	-0,000633788207579	0,000436721833448	-0,000570185989532	0,0	-0,00128464040636	-0,000388487005061	-0,00122621781189	-0,000792898523974	-0,00122621781189	-0,000439473988704	-0,000327083714894	-0,000235464561943
35100	0,00476981806285	0,0	0,0	0,0029763907598	0,0029763907598	0,00287298753153	-0,000120795542497	0,00156921095435	0,0	0,00114815390999	0,000834743090135	0,00247248153825	0,000855426614033	0,00247248153825	-0,000294351336955	0,00164948082655	0,00099530029968
36000	-0,00837867493712	0,0	0,0	0,0	-0,00518482225676	-0,00276629273614	-0,00187582950307	-0,00265112611462	0,0	-0,00152877866336	-0,000979540215086	-0,00318056674515	-0,00143617716952	-0,00318056674515	0,000671692786003	-0,00192311257695	-0,0014885956724
36900	0,00155736707722	0,0	0,0	0,0	0,000633514582772	-0,000455136184135	0,00108511906151	0,000920316652778	0,0	0,0014832999058	-0,000100162490932	0,00158103274423	0,000718887709921	0,00158103274423	0,000179008302428	0,000449817217074	0,000948675125797
37800	0,00304656389314	0,0	0,0	0,0	0,00197221778293	0,00126061185744	0,000679845158702	0,00104257648705	0,0	0,000103941168307	0,0010809019627	0,00202035930341	0,000175298262331	0,00202035930341	-0,000566695248597	0,00114608185442	0,00207936845765
38700	-0,0102298370388	0,0	0,0	0,0	-0,00704390198614	-0,00458833582978	-0,00300008207483	-0,00449222980265	0,0	-0,00330811600525	-0,00135187264197	-0,00763685837769	-0,00219999220947	-0,00763685837769	0,000262538626743	-0,00301083372275	-0,00515765607218
39600	0,00293386860635	0,0	0,0	0,0	0,00194225773745	0,000636895947589	3,76445662713e-05	0,000485694803366	0,0	-1,1366743808e-06	-0,000642957574753	0,000187413127241	-0,000176473322527	0,000187413127241	0,000459080781632	-0,000245770226006	0,000370470678204
40500	0,00297284209023	0,0	0,0	0,0	0,00156283948826	0,000888031514674	0,000651699465365	0,00138689917412	0,0	0,00259008165855	0,000449429157377	0,00132540050794	0,00178096467009	0,00132540050794	-0,000996993962049	-0,000457859311863	0,000147478502623
41400	0,00277481778836	0,0	0,0	-0,00016666666666666682	0,00199248425521	0,00157338357052	0,000345633556215	0,000708873013726	0,0	-0,00145355227302	0,00046471444106	-0,000196449953866	-0,000156982943426	-0,000196449953866	0,000242153851166	0,000144518484782	-5,28761398773e-05
42300	0,0380057472797	0,0	0,0	0,0	0,0237906948166	0,0133902375501	0,00857828130829	0,0123927607362	0,0	0,0095443799982	0,00439744845406	0,0167391073649	0,007773460934	0,0167391073649	-0,000290245761326	0,00767417664022	0,00692947437424
43200	-0,00493235189452	0,0	0,0	-0,00016666666666666682	-0,00301343013686	-0,00196859501882	-0,000899163753207	-0,00177323604706	0,0	-0,00148956011728	-0,000289910764612	-0,00258914618369	-0,000817915304779	-0,00258914618369	0,000527861302311	-0,00308116162752	0,000109793960601
44100	-0,0218674660107	0,0	0,0	0,0	-0,0141596376959	-0,00789342988174	-0,00528705282058	-0,00672861429248	0,0	-0,00417452302919	-0,00308113520637	-0,00891950145828	-0,00408569987007	-0,00891950145828	-0,000215551459572	-0,00267555491028	-0,00504934201441
45000	0,0135859107847	0,0	0,0	0,0	0,00822209776149	0,00400918500176	0,00302932433923	0,0041801803169	0,0	0,00473415104738	0,00228426086204	0,00745758839152	0,00255748419092	0,00745758839152	0,00127390597668	0,00406308052215	0,00413275446345
45900	-0,000829311024848	0,0	0,0	0,0	-0,000849362739362	-0,000366656540436	-0,000380642581465	0,000122120430958	0,0	-0,000441205525963	0,000417432657008	-0,000433761053938	0,000634173626903	-0,000433761053938	-0,00131182081167	-0,00133212265776	-0,000883408973325
46800	-0,00941419207781	0,0	0,0	0,0	-0,00581972610327	-0,00290645097956	-0,0026491910926	-0,00333035846762	0,0	-0,00333142192121	-0,00149692847524	-0,00493239809274	-0,0029622695373	-0,00493239809274	-0,00027788078076	-0,00129943862118	-0,00307479530116
47700	0,0282295559066	0,0	0,0	0,0	0,0184981295568	0,0102433014733	0,0070826442342	0,00855914523957	0,0	0,00504551935777	0,00378673736862	0,0111621284836	0,0050572229993	0,0111621284836	0,00047966462799	0,0059459108404	0,00452386149593
48600	-0,0184338305069	0,0	0,0	0,0	-0,0115196907635	-0,00632987891868	-0,00438671658506	-0,00611097693834	0,0	-0,00497714289325	-0,00216628974144	-0,00752862232731	-0,00492279809379	-0,00752862232731	0,00180399315693	-0,00415035411449	-0,000771307530809
49500	-0,0108096189263	0,0	0,0	0,0	-0,00671657466964	-0,00369595644097	-0,00185888170685	-0,00293126670393	0,0	-0,000869126989603	-0,00136620657488	-0,00414403073932	0,00013911429096	-0,00414403073932	-0,00214755728556	-0,00242969444201	-0,00298867495051
50400	0,0363573057047	0,0	0,0	0,0	0,0227062557781	0,0129435495689	0,0080396778481	0,0119279032587	0,0	0,00907494535991	0,00473063979881	0,0166080610483	0,00740258601259	0,0166080610483	-0,000114406470814	0,00811043762998	0,00694886980193
51300	-0,0361472644144	0,0	0,0	0,0	-0,022711620216	-0,0124141252475	-0,00844242877541	-0,0115804576686	0,0	-0,00878990024295	-0,00388899121815	-0,0150975840528	-0,0073068850929	-0,0150975840528	0,000112182071019	-0,00687703633895	-0,00625352618372
52200	-0,0207038426723	0,0	0,0	0,0	-0,0130147550537	-0,00776562676374	-0,00420880687098	-0,00681184198724	0,0	-0,00454517638272	-0,0037406763207	-0,0100153536261	-0,00420517425685	-0,0100153536261	0,000179071130028	-0,00373945391211	-0,00329933492087
53100	0,00491930740651	0,0	0,0	0,0	0,00395617124027	0,00301013857971	0,00233888154753	0,00251908208192	0,0	0,000575258955959	0,000354607706945	0,00447945664212	0,000525447337693	0,00447945664212	-0,00024741992571	0,00219437978305	0,00167327670666
54000	-0,000287145037015	0,00016666666666666682	0,0	0,0	-9,73621448291e-05	9,45801188124e-06	5,11890954921e-06	-7,78431106306e-05	0,0	3,15455024506e-05	-0,000414501047069	-0,000337749231171	-1,11102865399e-05	-0,000337749231171	0,000139411366456	-0,001107610568	0,00059508265028
54900	0,00522102920183	0,0	0,0	0,0	0,00217719642623	0,000392629200568	-0,000374137701989	0,000885160728535	0,0	0,00250467144934	0,0013487550103	0,00168059886563	0,000899285017333	0,00168059886563	0,00111113896662	0,00169133764945	-0,00063218071775
55800	-0,00811934167286	0,0	0,0	0,0	-0,00420711147508	-0,00193799279981	-0,000226836722151	-0,00186997604925	0,0	-0,00235504277224	-0,00129596042371	-0,00243692898141	-0,0010417695941	-0,00243692898141	-0,00109465932312	-0,00209484960493	0,000146459237864
56700	0,0105521973818	0,0	0,0	0,0	0,00657825053547	0,00387544457921	0,00226562583725	0,00353673592575	0,0	0,00284637967309	0,00177936104745	0,00556274921124	0,00216254387949	0,00556274921124	-0,000125835646909	0,00260131322977	0,00285751205583
57600	-0,00561994926762	0,0	0,0	0,0	-0,00347956084162	-0,00203839831502	-0,00131382569941	-0,00201303107391	0,0	-0,00182495436444	-0,00148748398978	-0,00396249356172	-0,00123563617164	-0,00396249356172	0,000659943711989	-0,00139862336888	-0,00330389586967
58500	0,00696662430082	0,0	0,0	0,0	0,00448991968112	0,00229094695234	0,00207164229943	0,00234938788782	0,0	0,00190133030045	0,000152832294924	0,00264891953901	0,00162730205344	0,00264891953901	0,000142035110143	0,00142233792014	0,000957214393406
59400	0,00184242089285	0,0	0,0	0,0	0,00118207094005	0,000732246833079	0,000449824107541	0,000660349954431	0,0	0,00047344437589	0,000478615345763	0,0014989675184	0,000113442156484	0,0014989675184	-4,52396413611e-05	0,000859939411981	0,000684267749773
60300	-0,000486452117807	0,0	0,0	-0,00016666666666666682	-0,000106841976983	-0,000113884624495	7,04264701916e-06	-0,000379610141109	0,0	-0,00135579183374	2,30568200058e-05	-0,00122396804564	-0,000488377110814	-0,00122396804564	-0,000226964741158	-0,000741306243494	-0,000255697062413
61200	0,00220183357498	0,0	0,0	0,0	0,00128616765056	0,00104749443442	0,000238673218343	0,000915665926175	0,0	0,000904535410247	0,000434469981486	0,00182615782272	0,000428513497658	0,00182615782272	-0,000414630055402	0,00118012772389	0,00106066015426
62100	-0,00255676585148	0,0	0,0	0,0	-0,00161367339759	-0,00105034024251	-0,000563333156992	-0,000943092455773	0,0	-0,000447866354274	-0,00025644776511	-0,00108260917563	-0,000564797400937	-0,00108260917563	2,81615568116e-05	-0,000429035155127	-0,00018770665754
63000	0,000349490620231	0,0	0,0	0,0	0,000239684857058	0,000150190640007	8,94942176394e-05	0,000109805763043	0,0	-0,000273866484885	8,54703949372e-05	2,97359654541e-05	-0,000108326290998	2,97359654541e-05	7,90876966433e-06	-0,000204273257529	0,000241917992084
63900	-0,000956013724742	0,0	0,0	0,0	-0,000765564789073	-2,6491246266e-05	-0,000739073543707	-0,000190448935812	0,0	-0,000177660703184	0,00057265025478	2,60947293048e-05	0,000178445885076	2,60947293048e-05	-0,0001562540876	5,56379124189e-05	-0,00018579726733
64800	-0,00183249600457	0,0	0,0	0,0	-0,00119891443846	-0,0010055942854	-0,000193326593531	-0,000633621553733	0,0	4,44745850753e-05	-0,000857650812254	-0,0011188610243	-0,000327946207838	-0,0011188610243	-6,75667227232e-05	-0,000730398822646	-0,000456031009531
65700	0,00346210882041	0,00016666666666666682	0,0	0,0	0,0022348411087	0,00120746334948	0,00102738420065	0,00122730770033	0,0	0,00105867704446	0,000249292765935	0,00171898399849	0,000816302964154	0,00171898399849	0,000296192815369	0,000905503727009	0,000455084699986
66600	-0,000287334894824	0,0	0,0	0,0	-6,35023129774e-05	0,000356702611906	-0,000420204924503	-0,000223832582209	0,0	-0,000953417508541	-0,000171740545034	-0,000772647403245	-0,000576343233396	-0,000772647403245	-0,000318774196087	-0,000535372979913	9,85418480904e-05
67500	-0,00165691158675	0,0	0,0	0,0	-0,0010290986849	-0,00100637480899	-2,27238768897e-05	-0,000627812903407	0,0	0,000190560870306	-0,0010438032295	-0,00143881033521	-4,22449251668e-05	-0,00143881033521	0,000877650700577	-0,00115403700805	-0,00117946610226
68400	0,00687949938049	0,0	0,0	0,0	0,00464664694919	0,00301720472673	0,00162944222248	0,00223285243881	0,0	0,00174060421913	0,000679526576967	0,00318818000855	0,0014648032232	0,00318818000855	0,000770890100929	0,00177647340564	0,000640816503982
69300	-0,00233052276236	0,0	0,0	0,0	-0,00156129461618	-0,00110331207838	-0,000457982537466	-0,000769228149319	0,0	-0,000742705259481	-0,000485667234441	-0,0011228523707	-0,000874748271753	-0,0011228523707	-0,000836679414493	-0,000578122989073	0,00029195002976
70200	0,00283753101892	0,0	0,0	0,0	0,00185716887313	0,00140317638991	0,000453992482993	0,000980362149488	0,0	0,000479437954247	0,00105803546942	0,00183734613896	0,000680489436078	0,00183734613896	1,55113079092e-05	0,00132471740534	0,000497117427144
71100	0,00220917228027	0,0	0,0	0,0	0,00114698628245	0,000193975601786	0,000953010681357	0,00106218600197	0,0	0,00142078844477	0,000588520226128	0,00226723293451	0,000804261739132	0,00226723293451	0,000165845515473	0,00104468468851	0,00105670272973
72000	0,00108266318529	0,0	0,0	-0,00016666666666666682	0,000727000706104	0,000536182759941	0,000190817946756	0,000355662480805	0,0	-6,6911163116e-05	-0,000281660978306	0,000249296697063	-0,000242206357946	0,000249296697063	-0,000861819585298	0,001423963338	-3,30077281176e-05
72900	-0,004567124075	0,0	0,0	0,0	-0,00297795639299	-0,00186817983302	-0,00110977656116	-0,00158916768879	0,0	-0,000804592361898	0,000318172973585	-0,00164928986929	-0,000426297208515	-0,00164928986929	7,98004949577e-05	-0,00237093845142	0,000362008760204
73800	-0,000515691075821	0,0	0,0	0,0	-0,000256163255298	3,42572710118e-06	-0,000259588982376	-0,000259527821744	0,0	-0,000755905333476	-0,000570722923626	-0,0014349200202	-0,000151236056771	-0,0014349200202	0,000706064486869	-0,000970357962657	-0,00117062654585
74700	-0,00118542753964	0,0	0,0	0,0	-0,000736914084415	-0,000327540335752	-0,000409373748926	-0,000448513456478	0,0	-0,000396720108427	-0,000719069585307	-0,000725293892723	-0,000839009260554	-0,000725293892723	-0,000612943938456	0,000398602425705	0,000114729033711
75600	-0,00343829226894	0,0	0,0	0,0	-0,00215482732066	-0,00103720889165	-0,00111761842877	-0,00128346495217	0,0	-0,00160738613349	0,00077164676934	-0,00169385360843	-0,000425350709	-0,00169385360843	-0,000199971859173	-0,00091262917467	-0,00120693398746
76500	4,48813077363e-05	0,0	0,0	0,0	-5,01621021238e-05	8,15026213999e-05	-0,000131664723367	9,50434098189e-05	0,0	9,9866934818e-05	9,47812036087e-06	0,000302365151859	-9,79766855257e-05	0,000302365151859	0,00014958316253	0,00052769951897	0,000149986489355
77400	-0,00244151235157	0,00016666666666666682	0,0	0,0	-0,00170284087206	-0,0012935804726	-0,000409266946391	-0,000738711921257	0,0	0,000518806153421	-0,000677710628877	-0,000805477064192	-9,21488173734e-05	-0,000805477064192	1,64064350877e-05	-0,000737141708223	-0,000609647787518
78300	0,00123313876206	0,0	0,0	0,0	0,000857126637783	0,000757138734953	9,99944494085e-05	0,00037605256511	0,0	0,000203849811552	0,000643932170768	0,000960776743134	0,000263067291321	0,000960776743134	-9,80136516276e-06	0,000335807698128	0,000634772388202
79200	-0,00191878410082	0,00016666666666666682	0,0	0,0	-0,00130556207179	-0,000963713852062	-0,000341854193214	-0,000613258959732	0,0	-0,000382679511555	-0,000140953137162	-0,00101810386738	-0,000118796627811	-0,00101810386738	0,000125361302798	-0,000631573226393	-0,000511893885014
80100	-0,00057517417852	0,0	0,0	0,0	-0,000402013995028	-0,000225387819298	-0,000176625683105	-0,000173157401469	0,0	-3,75029501587e-05	-0,000127432616699	-0,000122488830432	-0,000215603606072	-0,000122488830432	-0,000154141750372	0,000204905876869	-0,000173252907164
81000	-0,00109828325919	0,0	0,0	0,0	-0,000677982905814	-0,000412884422964	-0,000265097700174	-0,000420295217023	0,0	-0,00051094840851	-0,000141048656669	-0,000802341559072	-0,000269949268046	-0,000802341559072	-0,000125328639326	-0,000732605844354	5,55932805369e-05
81900	0,000657038975813	0,0	0,0	0,0	0,000425649666455	0,000247663352013	0,00017798583065	0,000231386316514	0,0	-6,34312760339e-05	0,000263779860834	0,000278382493159	0,000153351753994	0,000278382493159	0,000184334487646	0,000158186234007	-6,41383300948e-05
82800	-0,00246419103654	0,0	0,0	0,0	-0,00162691020349	-0,00111093991508	-0,000515968563967	-0,000837270403326	0,0	-0,000380024917728	-0,000246305841058	-0,00100728793948	-0,000456310945245	-0,00100728793948	-0,000239537511451	-0,000413771216215	-0,000353978795111
83700	-0,000445236820696	0,0	0,0	0,0	-0,000251926336245	-9,70134907623e-05	-0,000154912609591	-0,000193308769906	0,0	-0,000343851340626	-0,000374164188606	-0,000552746725096	-0,000358576901568	-0,000552746725096	1,65635914253e-05	-0,000205238954623	-0,000364071140448
84600	-0,000238995209453	0,0	0,0	0,0	-0,000154010573488	-3,45332957474e-05	-0,000119477138023	-8,49837664468e-05	0,0	0,000141444250625	-1,86745843703e-06	-2,98712027928e-05	8,44643497229e-05	-2,98712027928e-05	-1,15940925843e-05	0,000182360486741	-0,000200637583159
85500	-0,00111914264625	0,0	0,0	-0,00016666666666666682	-0,000705949134075	-0,000500724834495	-0,000205223696864	-0,000413189682937	0,0	-0,000332900415689	-0,000378457818966	-0,000741747108019	-0,000382799796904	-0,000741747108019	-1,21125651519e-05	-0,000369213632022	-0,000360420657856
86400	-0,00223301993498	0,0	0,0	0,0	-0,00136872844904	-0,000784633400722	-0,000584094067945	-0,000864285104835	0,0	-0,000676873677652	-0,000339886446671	-0,00137436078505	-0,000506682823506	-0,00137436078505	6,67797394646e-05	-0,000809992074406	-0,000631148075344
87300	-0,000363298715984	0,0	0,0	0,0	-0,000292832292123	-0,000183402600845	-0,000109429513167	-7,04655982465e-05	0,0	6,19633805828e-05	0,000409265530919	0,000311267391111	8,94959161709e-05	0,000311267391111	4,9509040164e-05	0,00015768902092	0,000104069261805
88200	-2,60757159316e-06	0,0	0,0	0,0	2,46054356378e-05	0,000108722113971	-8,4116693979e-05	-2,7212982665e-05	0,0	-0,000229490463335	-7,94787233409e-05	-0,000237037303748	-9,91447525158e-05	-0,000237037303748	-9,74281583857e-05	-0,00012660319363	-1,30059021245e-05
89100	-0,000960118844424	0,0	0,0	0,0	-0,000625765823019	-0,000434227775416	-0,000191537702223	-0,00033435095038	0,0	-7,88134162583e-05	-0,000426469347985	-0,000631105224848	-0,000208528008691	-0,000631105224848	2,5257322317e-05	-0,000317941867553	-0,000338420548555
90000	-0,000690425946877	0,0	0,0	0,0	-0,000453461075516	-0,000314006208994	-0,000139454648366	-0,000236963577761	0,0	-0,000168336050542	-0,000172443097375	-0,000425984101851	-0,000151758328286	-0,000425984101851	-3,67877616846e-05	-0,000242664744254	-0,000146531526011
90900	0,000251051252079	0,00016666666666666682	0,0	0,0	0,000122217553886	7,24705660633e-05	4,97469314538e-05	0,000128833223011	0,0	0,000156069726196	0,00030319956851	0,000432621736857	0,000155480582554	0,000432621736857	2,15784321058e-05	8,51305240221e-05	0,000325912706308
91800	-0,000846548040735	0,0	0,0	0,0	-0,000546703313498	-0,000381642528137	-0,000165060549998	-0,000299843281311	0,0	-0,000186618819922	-6,74258950985e-05	-0,000396327386378	-0,000157560279135	-0,000396327386378	5,11506652255e-05	-0,000125939448476	-0,000321538531251
92700	0,000487853772082	0,0	0,0	0,0	0,000312127923711	0,000229836300045	8,22914940019e-05	0,000175725043292	0,0	3,69576151955e-05	0,000192689984639	0,000343656640917	6,17158040596e-05	0,000343656640917	-5,76436903622e-05	0,000288020773583	0,000263314471408
93600	0,000129600757691	0,0	0,0	0,0	6,77067569053e-05	0,000130806781977	-6,31000541021e-05	6,18937646352e-05	0,0	5,87358955322e-05	-2,70833321571e-05	7,06677875232e-05	2,28784711507e-05	7,06677875232e-05	1,14668684501e-05	0,000108566947065	-2,64323034934e-05
94500	-0,000270738611052	0,0	0,0	0,0	-0,000153904753658	-0,000105968566984	-4,7936120578e-05	-0,000116833377659	0,0	-8,663794751e-05	-0,000207600060875	-0,000364650834957	-4,64203867853e-05	-0,000364650834957	-1,60831348635e-05	-0,000319341175155	-0,000202195173859
95400	-0,000215286496637	0,0	0,0	0,0	-0,00014699812115	-0,000126325622828	-2,0672436871e-05	-6,82880253114e-05	0,0	-1,30809118114e-05	1,11863457335e-05	-6,80399435346e-05	-2,14258366682e-06	-6,80399435346e-05	7,8227180802e-05	-0,000164981728676	1,87146170232e-05
96300	-0,000442601745995	0,0	0,0	0,0	-0,000299456039924	-0,000248378155699	-5,10777692134e-05	-0,000143145033179	0,0	-3,82846757347e-05	-1,36002185582e-05	-0,000125539324605	-6,9490473568e-05	-0,000125539324605	3,63337449748e-05	-7,9719788334e-05	-8,21532609516e-05
97200	0,000245279556228	0,0	0,0	0,0	0,000163077632247	0,000149275802858	1,38017690648e-05	8,22015577542e-05	0,0	-2,7851924821e-05	0,00012390134094	0,000161351537965	1,68993552571e-05	0,000161351537965	-0,000172464661305	0,000275190223448	5,86259462204e-05
98100	0,000150808562397	0,0	0,0	0,0	9,56824355913e-05	0,00013921289691	-4,35305006423e-05	5,51258896238e-05	0,0	1,66342547761e-05	7,87024157758e-05	0,000130286918772	2,01755774527e-05	0,000130286918772	4,41780336497e-05	0,000149750566516	4,97093388665e-05
99000	7,28687766618e-05	0,0	0,0	0,0	5,29565704606e-05	-4,54701081337e-06	5,75035604145e-05	1,99120918591e-05	0,0	-1,31299518464e-05	-0,000133124239705	-0,000127563873528	1,22177923824e-06	-0,000127563873528	-3,75463366605e-05	-0,000185717042113	-1,76515161396e-05
99900	5,55776918733e-05	0,0	0,0	0,0	5,03777433254e-05	-1,72394326647e-05	6,76171555528e-05	5,19986539296e-06	0,0	4,05427903797e-05	-7,69677722556e-05	-5,34933934773e-05	2,22682761546e-05	-5,34933934773e-05	0,000112896331805	-0,000105574808518	-6,08149043567e-05
100800	-0,000735424735295	0,0	0,0	0,0	-0,000475953569389	-0,00028943795792	-0,000186515429932	-0,00025947005479	0,0	-0,000145566038615	3,5132870798e-05	-0,000257276986462	-0,000112626001073	-0,000257276986462	5,98023346592e-05	-0,000187610162193	-0,000129469118337
101700	0,000496400090797	0,0	0,0	0,0	0,000303971392541	0,000197318633859	0,000106652646066	0,000192427960365	0,0	6,97368254038e-05	0,000126504873054	0,00030321127148	8,54582027115e-05	0,00030321127148	-0,00012748089984	0,00025015907821	0,000180533044059
102600	0,000261482798415	0,0	0,0	0,0	0,000167523187156	0,000161422721175	6,10039889313e-06	9,39591914824e-05	0,0	4,40500854078e-05	-3,31483615445e-05	6,81241996948e-05	3,67366288775e-05	6,81241996948e-05	1,38603077085e-06	9,07709877733e-05	-2,40328298409e-05
103500	-0,000274867266714	0,0	0,0	0,0	-0,000179171117261	-0,000118609223609	-6,05618214902e-05	-9,56957105434e-05	0,0	-3,17779264635e-05	2,21413888949e-05	-5,90747589095e-05	-4,62574026769e-05	-5,90747589095e-05	-4,71205021362e-05	7,35603373017e-05	-4,828962505e-05
104400	0,00106198769079	0,0	0,0	0,0	0,000715433605095	0,000306699583737	0,000408733709608	0,000346552261532	0,0	0,000270185234833	-0,000320268184829	0,00016213195685	0,000134337014142	0,00016213195685	0,000157641985668	-0,000160756111661	0,000128021101146
105300	-0,000130071867984	0,0	0,0	0,0	-6,2124310182e-05	-2,85423182187e-06	-5,92700493319e-05	-6,79472993574e-05	0,0	-1,62680034952e-05	0,00011665382636	7,18134622538e-05	-3,93748827753e-05	7,18134622538e-05	-5,32680014241e-05	4,27300460513e-05	8,2351401272e-05
106200	0,000131717250298	0,0	0,0	0,0	6,87625856278e-05	0,000167688304916	-9,89257524048e-05	6,29544066149e-05	0,0	-8,88060977112e-06	0,000368516446956	0,000278085894128	0,000144504233885	0,000278085894128	5,70149192485e-05	0,000197584289208	2,34866400067e-05
107100	0,00119520644124	0,0	0,0	0,0	0,000706002267122	0,000423606565375	0,000282395327481	0,000489201598135	0,0	0,000477908320752	0,000220758405822	0,000845480973727	0,000342386604434	0,000845480973727	8,72599755603e-05	0,000393825370448	0,000364395444524
108000	0,00220532476095	0,0	0,0	0,0	0,00151529781032	0,000833487221169	0,000681809565723	0,000690021080075	0,0	9,79549099504e-05	-0,000214537451077	0,000439957915727	0,000133479608498	0,000439957915727	-7,01420973676e-05	0,000218561362156	0,000291538530391
108900	0,000246849273547	0,0	0,0	0,0	0,000146375949193	1,81279916213e-06	0,000144563035085	0,000100472544039	0,0	0,000358940726817	0,000200065147147	0,000447113737331	0,000212364337775	0,000447113737331	0,000114315868035	0,000157193534851	0,000175604211022
109800	0,00165366245348	0,0	0,0	0,0	0,00111883587374	0,000654594656919	0,000464240246609	0,000534820957452	0,0	0,000274075876868	-0,000176158377392	0,000515245406551	0,000117491979213	0,000515245406551	-2,46715989216e-05	0,000392953308699	0,000146963527227
110700	0,000521960050872	0,0	0,0	0,0	0,000414572236516	0,000401286569124	1,32852640049e-05	0,000107385920111	0,0	-0,00012854106538	2,5971706891e-05	1,05675133312e-05	-5,75112515138e-06	1,05675133312e-05	-0,000172261755597	5,41941124565e-05	0,000128635138463
111600	0,00107042192268	0,0	0,0	0,0	0,000571409088076	0,000408483772147	0,000162924724388	0,00049900833296	0,0	0,000577656470459	0,000552222238446	0,00123772066815	0,000391164827929	0,00123772066815	-6,97694021672e-05	0,000990129281852	0,000406825034498
112500	-0,000166002372784	0,0	0,0	0,0	-0,000157224956957	-0,000209125036872	5,19002490632e-05	-8,77677930414e-06	0,0	0,000288968906939	9,96147192675e-05	3,29377493151e-05	0,000346868975379	3,29377493151e-05	0,000217043029187	-0,000269325271076	-4,24473598749e-06
113400	0,00157718299818	0,0	0,0	0,0	0,00108848334138	0,000424243700116	0,000664238420169	0,00048869270135	0,0	0,00041328222285	-2,58404910394e-05	0,000773987262252	0,000102145705715	0,000773987262252	-0,000104867280093	4,03869456257e-05	0,000838467212316
114300	0,000147132669863	0,0	0,0	0,0	4,39501945057e-05	0,000352327834997	-0,000308377694666	0,000103181698946	0,0	-4,97361751594e-05	0,000554331098123	0,00052263910771	8,51370145695e-05	0,00052263910771	-0,000112282344814	0,00103200323542	-0,000397082046565
115200	0,00326224019391	0,0	0,0	0,0	0,00213098816816	0,00095185945495	0,0011791341898	0,00113128573347	0,0	0,00118146970014	-0,000402600363375	0,00149669454168	0,000413468742645	0,00149669454168	0,000301383226112	0,000640209610027	0,00124712172787
116100	0,000783965259689	0,0	0,0	0,0	0,000500814518605	0,000766951733777	-0,000266137215417	0,000283150741736	0,0	-0,000585908949354	0,000523716658053	-0,000214498568747	0,00043545701804	-0,000214498568747	0,000404129895024	-0,00125301963058	-5,76268448568e-05
117000	0,00192013470541	0,0	0,0	0,0	0,00132311673298	0,000215813016854	0,00110730371687	0,000597017974219	0,0	0,00131881316657	0,000310747103786	0,00170791858085	0,000518659664745	0,00170791858085	-0,000400155410495	0,00115582526505	0,000952248726603
117900	-0,00570923359699	0,0	0,0	0,0	-0,00385400334925	-0,00195408493173	-0,00189992401381	-0,00185526530196	0,0	-0,00152749704727	-0,000286102579269	-0,00275613436028	-0,000912739464969	-0,00275613436028	0,00028338265798	-0,00118839909891	-0,00185111997924
118800	0,00316687504041	0,0	0,0	0,0	0,00205217682256	0,00105710769287	0,00105574015741	0,00117539797809	0,0	0,000731903978779	0,000713065147065	0,0024039572028	0,000277085518163	0,0024039572028	-0,000266216285412	0,00174786965611	0,00171727266735
119700	-0,00983860686679	0,0	0,0	0,0	-0,00593591489118	-0,00273326660869	-0,0026956042516	-0,00339565536025	0,0	-0,00247854899915	-0,00165328900407	-0,00478636529415	-0,00223408687256	-0,00478636529415	0,000165387430977	-0,00224457839916	-0,00186935689564
120600	0,0131998796265	0,0	0,0	0,0	0,0072255330363	0,00347196841122	0,00131844412551	0,00353920942693	0,0	0,00223532607244	0,00161156376512	0,00192448879274	0,00302652999059	0,00192448879274	-0,000364712844046	-0,000571976174161	-0,000638971618046
121500	-0,0110733323927	0,0	0,0	0,0	-0,00611130230827	-0,00364432177269	-0,00031186997167	-0,00280690839354	0,0	-0,00139286866185	-0,00257197966986	-0,0021696357695	-0,00244705069516	-0,0021696357695	0,000259675143105	0,000256509646096	-0,000530754330114
122400	0,00862500624638	0,0	0,0	0,0	0,00426278398123	0,00173107925374	0,000147883685913	0,00197839114942	0,0	0,00207460498211	0,00434731180425	0,00326722297798	0,00274930386391	0,00326722297798	0,000170482131721	0,000131637997571	0,00177729134487
123300	0,00644874377113	0,0	0,0	0,0	0,00466227421973	0,00292034093875	0,00175851070992	0,00180303693967	0,0	-0,000435547961001	-0,00209614499975	-0,000847754494249	0,000135685141225	-0,000847754494249	0,000115780630186	-0,000252423398128	-0,00189048950999
124200	-0,000111644221798	0,0	0,0	0,0	-0,000424715573301	-0,000863257221327	0,000282805076885	0,000157333251962	0,0	0,0010576787075	0,000531016570485	0,00125726976028	0,000333028602507	0,00125726976028	-0,000580961027701	0,000667432264602	0,00128067312637
125100	0,0118819566402	0,0	0,0	0,0	0,00776444896457	0,00484847632642	0,00246836759591	0,00366987360864	0,0	0,00205425948409	0,00151411891743	0,00478078898314	0,00200989868039	0,00478078898314	0,00021520411316	0,00167270830356	0,00287572932158
126000	-0,00445183766282	0,0	0,0	0,0	-0,00281361849144	-0,00144170362667	-0,00105207849498	-0,00131836812703	0,0	-0,000802108586736	-0,000114252416116	-0,000526217705528	-0,00138869571916	-0,000526217705528	0,000945315414491	0,00133494931323	-0,000596038871972
126900	0,000837298789333	0,0	0,0	0,0	0,000503636605208	5,74806448743e-05	0,000177812630872	6,53118179972e-05	0,0	0,000144090448884	-0,000293590875095	0,000256603719252	-0,000609127772668	0,000256603719252	-2,59084018885e-06	0,000575094808025	-0,000589415148962
127800	-0,00493288246162	0,0	0,0	0,0	-0,00310865168101	-0,00137576110863	-0,00127463859291	-0,0013659618069	0,0	-0,00127513146986	0,000135734940669	-0,00196041664274	-8,67124591442e-05	-0,00196041664274	-0,000384327027232	-0,00187657241269	-9,94752291832e-06
128700	0,00783829934838	0,0	0,0	0,0	0,00464527080071	0,00214495080042	0,00203181178273	0,00272449884108	0,0	0,00282224848755	0,000201415923443	0,00391507954443	0,00136461319404	0,00391507954443	0,000534838884253	0,00218997776602	0,00179147844076
129600	-0,00150786159667	0,0	0,0	0,0	-0,000911545479265	-0,000650481943209	-9,46722915661e-05	-0,000429918643993	0,0	0,000227760215842	0,000352345494317	-0,000168705608936	0,000485274603582	-0,000168705608936	-0,000790837239555	-0,000301961866507	-0,000491200624916
130500	-0,00606062272826	0,0	0,0	0,0	-0,00399984566924	-0,00161878585857	-0,00226121431726	-0,0019409189732	0,0	-0,00149731769425	-0,000710811299621	-0,00230317018331	-0,00172605067739	-0,00230317018331	0,000657613803061	-0,0006326683909	-0,000893064702042
131400	0,000857554763044	0,0	0,0	0,0	0,000706763150084	0,00039156694532	0,00020026823554	3,58597337211e-05	0,0	-0,000311225271662	0,000379308700814	-0,000431405101482	0,000420422279526	-0,000431405101482	-0,00111495750991	-0,000624865755451	-0,00103642261863
132300	-0,000251765747683	0,0	0,0	0,0	-4,38326480358e-05	-0,000292508618216	0,000361740996851	-9,48658462566e-05	0,0	-4,35986024987e-05	-0,00060772969915	-0,000622220352459	-1,09130850125e-05	-0,000622220352459	0,000185274531596	-3,53737193414e-05	-0,000288512916038
133200	-0,00237497267416	0,0	0,0	0,0	-0,00139472495757	-0,00072238521732	-0,000473600793086	-0,000781501881605	0,0	-0,00135321105658	0,000418263107993	-0,00150382338938	-1,38988269507e-05	-0,00150382338938	-6,54074557167e-05	-0,00167943248773	-0,00031692970147
134100	-0,0106503840737	0,0	0,0	0,0	-0,0065721155678	-0,00362672427894	-0,0023294287345	-0,00346223280987	0,0	-0,0028056864095	-0,00172638730076	-0,00420988617452	-0,00316851390517	-0,00420988617452	0,000529811466716	-0,00151202706589	-0,00092630313986
135000	0,00804151915625	0,0	0,0	0,0	0,00505906515132	0,00279232934661	0,0019033651435	0,00261901759284	0,0	0,00206526473674	0,000780835015396	0,00361359220353	0,00148819869359	0,00361359220353	0,000266827482259	0,0018199906575	0,00169711853928
135900	0,00465401480371	0,0	0,0	0,0	0,0028482759234	0,00170951724344	0,000866484960031	0,00153345436703	0,0	0,00126193011971	0,000143760795382	0,00153297287242	0,00113391595402	0,00153297287242	-8,46097195567e-05	0,000533811718998	0,000642298145116
136800	-0,00939689617332	0,0	0,0	0,0	-0,00600008905753	-0,00297139102809	-0,00244270885039	-0,00281079694794	0,0	-0,00180262806978	-0,000639418136945	-0,00304919973771	-0,00161768407324	-0,00304919973771	0,000224971179697	-0,00061745643484	-0,00162081883647
137700	0,0163974841512	0,0	0,0	0,0	0,0102520148131	0,0055748286344	0,00382310638937	0,00529135260474	0,0	0,00412621095676	0,00258059666071	0,00740944625102	0,00373469249527	0,00740944625102	-0,000317449397162	0,00314526675335	0,00309272190747
138600	0,00890134311221	0,0	0,0	0,0	0,00555489671524	0,00272410566406	0,00223201631847	0,00274764001669	0,0	0,00240674025364	0,000554494594091	0,00352250372498	0,00158764445918	0,00352250372498	0,00039820031083	0,00145415731177	0,00186783064209
139500	-0,027499919583	0,0	0,0	0,0	-0,0172147529374	-0,00961950934032	-0,00617394458255	-0,00886379701499	0,0	-0,00679577830999	-0,00278681414245	-0,0114315179801	-0,00559368287899	-0,0114315179801	-0,000637592735151	-0,00530331765394	-0,00534462862569
140400	-0,00899173913426	0,0	0,0	0,0	-0,00567625780846	-0,00287758892598	-0,00230235397769	-0,00281913949052	0,0	-0,00192771423586	-0,00149295031316	-0,00432969231429	-0,0014138235458	-0,00432969231429	-0,000478907882874	-0,00187627658417	-0,00243604396857
141300	-0,00482750864186	0,0	0,0	0,0	-0,00234263180381	-0,00114183381327	0,000282378690117	-0,00100171101431	0,0	-0,00119150408675	-0,0013457815957	-0,00159820464385	-0,000986837133079	-0,00159820464385	0,000131387226504	-0,00101667591171	0,000341905191216
142200	-0,00254966866201	0,0	0,0	0,0	-0,00158154237224	-0,000793531084748	-0,000579199765099	-0,00075931335652	0,0	-0,00059748405525	0,000156209704035	-0,000595060062127	-0,000709135357797	-0,000595060062127	-0,000180811954595	0,000462949095539	-0,00033887795985
143100	0,00323064248339	0,0	0,0	0,0	0,00207691769711	0,00117530567512	0,000789664546043	0,00104177521642	0,0	0,000793232988852	0,00027592857543	0,000731608633847	0,000715523187297	0,000731608633847	-0,000146943153163	0,000273463373159	0,000163633269794
144000	0,00936255499463	0,0	0,0	0,0	0,00578824008074	0,00335957313559	0,00197609087455	0,00312171572657	0,0	0,00250641937638	0,00105927594184	0,00573488594518	0,00189344442779	0,00573488594518	0,000401729963995	0,00324118046287	0,00247848355774
144900	-0,000432510663922	0,0	0,0	0,0	-0,00028810827796	-0,000267990543546	-2,01174167459e-05	-0,000144400473908	0,0	-0,000107150243785	-1,07577535183e-05	-0,000514164174876	0,000251856215432	-0,000514164174876	0,000249394939782	-0,000826748985581	-0,000775891285927
145800	-0,00139823126459	0,0	0,0	0,0	-0,000841893054771	-0,000457678284793	-0,000384213909304	-0,000556332345379	0,0	-0,000611164644672	-0,000270479180163	-0,00101330390463	-0,000424670511464	-0,00101330390463	-0,000131090905566	-0,000537246377686	-0,000344966180321
146700	0,00358672039024	0,0	0,0	0,0	0,00229255334326	0,00138632394557	0,000906226833257	0,00129415084873	0,0	0,000754993123592	0,000289122603601	0,0019073360808	0,000430926597916	0,0019073360808	-0,000451964637666	0,00109588049102	0,00143517958343
147600	-2,16868086849e-05	0,0	0,0	0,0	4,60322767868e-05	-0,000155811596165	0,000201843815475	-6,77188771048e-05	0,0	0,00016126075525	-0,000670367073735	-0,000554284740471	-2,25400457852e-05	-0,000554284740471	0,000248724420666	-0,000625618033526	-0,000349151135374
148500	0,00251575125718	0,0	0,0	0,0	0,00173669077679	0,000896032454835	0,000840664513283	0,000779098731651	0,0	0,000478754751768	-0,000194089777111	0,000896175879146	0,000167596848862	0,000896175879146	-0,00026339110044	0,000281584109375	0,00102041178785
149400	0,00355492001371	0,0	0,0	0,0	0,00271863180792	0,00250295116781	0,000215680639914	0,00083628820918	0,0	-0,000347485605927	0,00018133374488	0,000336857821291	0,000333278526563	0,000336857821291	2,44797256186e-05	0,000475997896591	-0,000306046809475
150300	-0,0028305597641	0,0	0,0	0,0	-0,00206988917315	-0,00145409001739	-0,000615799154849	-0,00076067059411	0,0	-0,000212466611118	0,000490108861195	-0,000551987166174	6,89588192981e-05	-0,000551987166174	0,00029994294611	-0,00049853334065	-0,00035339677136
151200	0,00306144444219	0,0	0,0	0,0	0,00216329126711	0,00168537389224	0,000477917374123	0,000898153178493	0,0	0,000396916536672	0,000851729035092	0,00153438804043	0,000612410711748	0,00153438804043	6,88535756092e-05	0,000802756882877	0,000662777581963
152100	-0,000170029896086	0,0	0,0	0,0	-0,000208259220717	-0,000324589394227	0,000116330174211	3,82293244568e-05	0,0	-0,000314405946388	-0,000321482108159	-0,000372946125861	-0,000224712603949	-0,000372946125861	7,15177940893e-05	-0,000353906823719	-9,0557097079e-05
153000	0,00017291767968	0,0	0,0	0,0	-0,000225559286926	-0,000951741161776	0,00072618187494	0,000398476967254	0,0	0,00143576875728	0,000518138891726	0,00186571209835	0,000486672516632	0,00186571209835	-0,000483903963836	0,00142842190872	0,000921194154911
153900	0,00166991898014	0,0	0,0	0,0	0,00103688318785	0,000787018945666	0,00024986424142	0,000633035795037	0,0	0,000538195942063	0,000463162595186	0,00125697808902	0,000377416243816	0,00125697808902	-4,92725510146e-07	0,000599347238568	0,000658123575148
154800	0,00058622435511	0,0	0,0	0,0	0,000276679620446	0,000192042293456	8,46373274013e-05	0,000309544735939	0,0	0,000757366640972	0,000384945894504	0,00107643440993	0,000375422863622	0,00107643440993	0,00015994029708	0,000555550969961	0,000784045450925
155700	-0,00038020750856	0,0	0,0	0,0	-0,000186029282302	-0,000176529510923	-9,49977059467e-06	-0,000194178227118	0,0	-0,00036577175746	4,5806858191e-05	-0,000295166976912	-0,000218976151298	-0,000295166976912	6,52683418584e-05	-0,000114425988394	-0,000115472646102
156600	-0,00156389498064	0,0	0,0	0,0	-0,00110782710948	-0,000652820845945	-0,000455006263545	-0,00045606787311	0,0	0,000167574140612	-0,000469834471012	-0,000486995986947	-0,000271332215036	-0,000486995986947	0,000370788513819	0,000425351243999	-0,000541558717126
157500	0,00190925185924	0,0	0,0	0,0	0,00149801031486	0,00118480526118	0,000313205052525	0,000411241546179	0,0	-0,00146217007093	-0,000601322678331	-0,00141466994399	-0,000237581260277	-0,00141466994399	-0,000556767286718	-0,000963323226469	-0,00100811400344
158400	-0,00131803773293	0,0	0,0	0,0	-0,000838634895763	-0,00065656835691	-0,000182066538204	-0,000479402839105	0,0	-0,000126434125112	-0,000604604410763	-0,00102926516231	-0,000181176210834	-0,00102926516231	0,000561663317622	-0,00144935458306	-0,000323255345939
159300	-0,000860900832512	0,0	0,0	0,0	-0,000509504307886	-0,00025076851898	-0,000258735788845	-0,000351396526015	0,0	-0,000590781634722	0,000342361152948	-0,000148205071686	-0,000451611939428	-0,000148205071686	-0,000453669865418	0,000529115977933	0,000174017166421
160200	-0,00401829737174	0,0	0,0	0,0	-0,00266420881118	-0,0020829464468	-0,000581262365145	-0,00135408856421	0,0	0,000107746300965	-0,000528170989545	-0,00142627720944	-0,000348236042633	-0,00142627720944	-0,000120352515223	-0,00080397276681	-0,000899620275785
161100	0,000297171123742	0,0	0,0	0,0	9,60437585176e-05	0,000392330522394	-0,000296286762998	0,000201127365809	0,0	0,000173331481014	0,000326500733638	0,000510940132004	0,000190019450379	0,000510940132004	2,51911146596e-05	0,000398827624612	0,000294266942509
162000	-0,00116370534367	0,0	0,0	0,0	-0,000781315704891	-0,000391819590312	-0,000389503555613	-0,000382435734215	0,0	-0,000179778693839	-0,000193929267781	-0,000728886419583	-2,72684471034e-05	-0,000728886419583	0,00015103407627	-0,000553283664421	-0,000533984860447
162900	0,000510832903991	0,0	0,0	0,0	0,000309652710376	2,5822393764e-05	0,00028383775619	0,000201226288248	0,0	0,000147432317752	0,000116889169752	0,000315205908991	0,00015035303559	0,000315205908991	5,15076697941e-05	0,000164843161383	9,88575567683e-05
163800	-0,000341654297111	0,0	0,0	0,0	-0,000130884651429	-0,000120831542276	-1,00531086146e-05	-0,00021076964599	0,0	-0,000309673425256	7,48630340859e-05	-0,000222289506517	-0,000223290528284	-0,000222289506517	-0,00020014231016	-7,40764335255e-05	5,19292363227e-05
164700	-0,00165527555529	0,0	0,0	0,0	-0,00102442291612	-0,000453665160175	-0,000570764061457	-0,000630890602035	0,0	-0,0007438874737	-0,000316127280588	-0,00126752430349	-0,0004233896776	-0,00126752430349	-0,000100371687554	-0,000640299946454	-0,000515453502845
165600	-0,000328112066358	0,0	0,0	0,0	-0,000213328024011	-0,000102340476267	-0,000110987275901	-0,000114782394534	0,0	-0,000174680805623	-0,000248045287825	-0,000232831019723	-0,000304676977571	-0,000232831019723	0,000184076271314	9,61648339927e-05	-0,000144919491761
166500	7,13915241195e-05	0,0	0,0	0,0	5,31024555799e-06	-2,28686952683e-05	2,8178933533e-05	6,60808605884e-05	0,0	0,000147219231652	-7,14270180709e-05	8,61783895468e-05	5,56944503319e-05	8,61783895468e-05	-0,000167344645882	-0,000596846908615	0,00047081632877
167400	-0,00117750295313	0,0	0,0	0,0	-0,000762782393936	-0,000584491676056	-0,000178289796136	-0,000414714908124	0,0	-0,000161689470345	-3,25661249511e-05	-0,000396056321901	-0,000212912989355	-0,000396056321901	3,59195106613e-05	1,93562814553e-05	-0,000451331906535
168300	-0,00121771211728	0,0	0,0	0,0	-0,000796414781522	-0,00053024804637	-0,000266165855099	-0,00042129199795	0,0	-0,000401193952434	-0,000129485906851	-0,000638401712366	-0,000313568875779	-0,000638401712366	-3,44721467452e-05	-0,000607446224188	5,12759458822e-05
169200	0,000507830340922	0,0	0,0	0,0	0,000374719296789	0,000252251973045	0,000122466919445	0,000133108935765	0,0	6,42496035679e-05	-0,000246196883487	-5,8494684879e-05	9,65608552808e-06	-5,8494684879e-05	9,38435854457e-05	0,000265130903081	-0,000229781979079
170100	-8,51706595271e-05	0,0	0,0	0,0	-4,49954775999e-05	0,000125624441954	-0,000170619867738	-4,01747996027e-05	0,0	5,77981370189e-05	4,35081875513e-05	-7,85820379069e-05	0,000139713634201	-7,85820379069e-05	8,82860163305e-05	-0,000246280723691	-0,000156033452483
171000	-0,00192481102517	0,0	0,0	0,0	-0,00133352532767	-0,00061548122436	-0,000718042758948	-0,000591278102874	0,0	-0,000280335598987	6,82583937232e-05	-0,000662671716411	-0,000140682167537	-0,000662671716411	-6,44222946914e-05	-0,000313857255785	-0,000284391914489
171900	2,41506249771e-05	0,0	0,0	0,0	-3,25588535651e-05	-0,000128243159714	9,56843378585e-05	5,67093336521e-05	0,0	0,000132371682612	1,52246303555e-06	0,000161597737535	2,90055591456e-05	0,000161597737535	9,13858802601e-05	1,15899332353e-05	5,86218721987e-05
172800	-0,000154092604101	0,0	0,0	0,0	-8,48974538231e-05	-8,35909183705e-05	-1,30645728891e-06	-6,9194568556e-05	0,0	0,000115942280846	6,04472333765e-05	2,68894343458e-05	8,03055851588e-05	2,68894343458e-05	1,62730453686e-05	0,000191649412319	-0,000181033027014
173700	-0,00143139992028	0,0	0,0	0,0	-0,000912174010186	-0,00045194794451	-0,000460225293649	-0,000519221037927	0,0	-0,000611054682759	7,06783273441e-05	-0,000582554294852	-0,000477041885704	-0,000582554294852	-0,000196282973234	-0,000173734530577	-0,000212536597839
174600	0,00085019554204	0,0	0,0	0,0	0,000551018813169	0,000493780900174	5,72374544891e-05	0,000299173929544	0,0	0,000125496715323	0,000193086402465	0,00026527960296	0,00035247680643	0,00026527960296	0,000343061878722	-7,64723827584e-05	-1,30995605262e-06
175500	-0,00193054333594	0,0	0,0	0,0	-0,00126944304869	-0,000892925075562	-0,000376516983658	-0,000661094301446	0,0	-0,000517418575574	-0,00049269310138	-0,0011503779884	-0,000520826505328	-0,0011503779884	0,000145994341468	-0,000663623749653	-0,000632748208883
176400	-0,00106452788258	0,0	0,0	0,0	-0,000614646690101	-0,000368062410877	-0,000246583877127	-0,000449878367612	0,0	-0,000387734114584	-0,000223889478761	-0,000799932157178	-0,000261568986277	-0,000799932157178	-0,000202165326848	-0,000440496806485	-0,000157269836735
177300	-7,94297775847e-05	0,0	0,0	0,0	-0,000151849000596	-0,000225174004223	7,33250960756e-05	7,24193388637e-05	0,0	0,000288124360327	0,000205736373594	0,000219055536621	0,000347224327067	0,000219055536621	0,000287545876293	2,55661315347e-05	-9,40565078455e-05
178200	-0,000524766872207	0,0	0,0	0,0	-0,000307496973711	-0,000197005470583	-0,000110491326574	-0,000217268664862	0,0	-0,000214730614122	-0,000134443053818	-0,000139721005739	-0,000426720976547	-0,000139721005739	-0,000502553578479	0,000330523858758	3,23087243849e-05
179100	0,00103538746233	0,0	0,0	0,0	0,000668072551009	0,000600982885747	6,70892646715e-05	0,000367312434284	0,0	6,57772492577e-05	0,000295842422437	0,000483374195559	0,000245557339269	0,000483374195559	4,4662011522e-05	0,000191993165722	0,000246718901374
180000	-0,00121859158468	0,0	0,0	0,0	-0,000784558690521	-0,000558200779904	-0,000226357447038	-0,000434030015747	0,0	-0,000269633609549	-0,000337344265519	-0,000619535550589	-0,000421471631435	-0,000619535550589	-0,000160971097425	-0,000319460860451	-0,000122029700292
180900	-0,000955638527561	0,0	0,0	0,0	-0,000577492315124	-0,000392945886359	-0,00018454614016	-0,000378144288552	0,0	-0,000331625659987	-0,000364197804774	-0,00083413441135	-0,000239832787195	-0,00083413441135	0,00013545081153	-0,000575822660037	-0,000410836146096
181800	-0,000156715832465	0,0	0,0	0,0	-9,47734234267e-05	-4,17431670734e-05	-5,30302129469e-05	-6,19421240586e-05	0,0	-0,000112198167408	0,000158698513595	3,38258272697e-05	-4,92675470182e-05	3,38258272697e-05	-3,83910083717e-05	2,06228561742e-05	5,15939698781e-05
182700	-2,19384957146e-06	0,0	0,0	0,0	-4,57641014905e-05	-9,39269842045e-05	4,81629025891e-05	4,35702317181e-05	0,0	0,000230287211411	-2,08579840577e-05	0,000166078160693	8,6921211583e-05	0,000166078160693	-1,37531703439e-05	0,000151283510167	2,85477935248e-05
183600	0,000132545024224	0,0	0,0	0,0	0,000104549327602	6,79205379173e-05	3,66287430345e-05	2,79954693283e-05	0,0	2,23890564465e-06	6,93450578772e-05	0,000115291217718	-1,57118261925e-05	0,000115291217718	-4,52585606716e-05	0,000144842859486	0,000108876787938
184500	-0,000432862202099	0,0	0,0	0,0	-0,000301501874249	-0,000106593589168	-0,000194908153306	-0,000131359585202	0,0	-0,000127677004502	2,24971744254e-05	-0,000186688680618	-4,98505824347e-05	-0,000186688680618	8,68999624425e-06	-8,62171219303e-05	-9,17815283391e-05
185400	0,00053454892783	0,0	0,0	0,0	0,000378437571261	0,000231947918334	0,000146489485073	0,000156110434159	0,0	-0,00013552674807	-2,56329042271e-05	-5,63808717931e-05	5,13315378847e-05	-5,63808717931e-05	9,97663196082e-05	-0,000188903207968	-7,77938542464e-05
186300	-0,000956529758084	0,0	0,0	0,0	-0,000624735946529	-0,000451936600072	-0,000172799079804	-0,000331792202057	0,0	2,8965349296e-05	-0,000129434313216	-0,00028689084661	-0,000145370003992	-0,00028689084661	-2,00913495418e-05	-0,000126263380943	-0,000140536071033
187200	0,000353836616884	0,0	0,0	0,0	0,00022705402519	0,000185758057454	4,1295876829e-05	0,000126782030404	0,0	5,01704359283e-05	0,000106545971636	0,000200265920737	8,32323833802e-05	0,000200265920737	-4,53506804587e-05	0,000157432234412	8,81843340842e-05
188100	-0,000166617648121	0,0	0,0	0,0	-0,000115964517574	-2,54166533267e-05	-9,05478170321e-05	-5,06528656401e-05	0,0	-1,37932578142e-05	-3,95402914672e-05	-6,96626821681e-05	-3,43236801885e-05	-6,96626821681e-05	-2,69025352255e-05	-2,14195990633e-05	-2,13405380148e-05
189000	3,58522548224e-05	0,0	0,0	0,0	1,49955988818e-05	-2,29391629257e-05	3,79347554655e-05	2,08565952965e-05	0,0	-6,08606888516e-05	-3,37803930639e-05	-9,52662042483e-05	2,14817185169e-05	-9,52662042483e-05	7,35097748437e-05	-0,000100641845259	-6,81341152244e-05
189900	-0,000129812918059	0,0	0,0	0,0	-9,02055379881e-05	-8,93425804147e-05	-8,6292135051e-07	-3,96071781636e-05	0,0	3,24951454568e-05	5,62741155992e-05	2,24081719254e-05	2,67539334378e-05	2,24081719254e-05	9,91259824418e-05	-6,52887574958e-05	-1,14290549956e-05
190800	-8,01528526474e-06	0,0	0,0	0,0	1,82596916049e-05	-1,5331922068e-05	3,35916064831e-05	-2,62749533265e-05	0,0	-2,68883421182e-05	-7,65841627146e-05	-4,73624773315e-05	-8,23849470678e-05	-4,73624773315e-05	-7,73553776716e-05	2,3451946556e-05	6,54095998624e-06
191700	0,000536359174317	0,0	0,0	0,0	0,000365726115654	0,000270529442622	9,51965212396e-05	0,00017063218664	0,0	7,83246672598e-05	-1,19366620198e-05	0,000186543694837	5,04763304752e-05	0,000186543694837	-0,00011123380001	0,000199558393921	9,82190671009e-05
192600	0,000599430096145	0,0	0,0	0,0	0,000373144744648	0,000259178591804	0,000113965978797	0,000226284242709	0,0	0,000278049428616	0,000189608930811	0,00055964133194	0,000134300947998	0,00055964133194	5,56542651108e-05	0,000198415972061	0,000510366066817
193500	-0,000628306185472	0,0	0,0	0,0	-0,000411284031429	-0,00031656559468	-9,47182463527e-05	-0,000217021005515	0,0	-0,000175994704025	-0,000239872932825	-0,000540744300832	-9,2144040901e-05	-0,000540744300832	-1,24803747782e-05	-0,000214482666287	-0,000518576234354
194400	0,000364024962013	0,0	0,0	0,0	0,000225413632269	0,000104398240834	0,000121015290248	0,000138610673212	0,0	0,000115830256831	0,000109854770141	0,000199876793599	0,000164418734268	0,000199876793599	0,00022986319046	-5,23111562203e-05	2,23247339961e-05
195300	0,000328662771429	0,0	0,0	0,0	0,000245857121924	6,2682306009e-05	0,000183174696405	8,28050429712e-05	0,0	3,44415570927e-05	-0,000109553438289	0,000102710312854	-9,50172367727e-05	0,000102710312854	-0,00020233261592	0,000210478789461	9,45641130992e-05
196200	0,000516369546083	0,0	0,0	0,0	0,000325191848045	0,000299852977159	2,53387037572e-05	0,000191176635196	0,0	2,87175466551e-05	0,000265493940735	0,000362472197784	0,00012291566119	0,000362472197784	-7,58362356608e-05	0,00022032800399	0,000217980353352
197100	0,000325052525104	0,0	0,0	0,0	0,000212186414239	0,000201110071378	1,10762246351e-05	0,000112865400165	0,0	0,0001597256727	2,39826462995e-06	0,000188593340909	8,639582014e-05	0,000188593340909	-2,23034850578e-05	7,05410560444e-05	0,000140355726238
198000	0,000247613659234	0,0	0,0	0,0	0,000155849526241	5,41556503946e-05	0,00010169378623	9,17635631227e-05	0,0	0,000114334002832	-3,55377983937e-05	-4,14418453917e-05	0,000212001488343	-4,14418453917e-05	0,000257178162997	-0,000166429560108	-0,00013219042459
198900	0,000195153972269	0,0	0,0	0,0	9,56210925517e-05	-3,07335868346e-05	0,000126354622889	9,9532395242e-05	0,0	0,000154245022343	-1,10079903021e-06	7,47815699416e-05	0,000177894882279	7,47815699416e-05	0,000168783526591	-0,000128789243643	3,4787275726e-05
199800	0,000243023182558	0,0	0,0	0,0	0,000141763365411	7,48166676448e-05	6,69466111144e-05	0,000101259211894	0,0	0,000170058075396	0,000283255643578	0,000626706336464	-7,21336788808e-05	0,000626706336464	-0,000270544888234	0,000656464424286	0,000240786636649
200700	0,00191186007723	0,0	0,0	0,0	0,001237588144	0,000746548354731	0,000491038923117	0,000674266560308	0,0	0,000476736528786	0,000513918599699	0,00118414622289	0,000480774076633	0,00118414622289	-0,000148475088296	0,000486272436915	0,000898847953581
201600	0,0032745260122	0,0	0,0	0,0	0,00228955741705	0,00191073128276	0,000378823980755	0,000984956722885	0,0	0,000208696140215	0,000283425086016	0,000803828717629	0,000673247083595	0,000803828717629	0,000907011163253	6,06523698166e-05	-0,000216334502514
202500	-0,00160664183331	0,0	0,0	0,0	-0,00119239257654	-0,00124298258771	5,0591228292e-05	-0,000414243067161	0,0	0,000147724203377	-0,000236010449965	6,95124615156e-06	-0,000509479704103	6,95124615156e-06	-0,000911396122974	0,000263680017979	0,000698396803569
203400	0,00396258877921	0,0	0,0	0,0	0,00262212219106	0,00118677902192	0,00143534028423	0,00134044933816	0,0	0,00111372488732	-0,000506427082595	0,00146883316883	0,000478910272135	0,00146883316883	8,73400468788e-05	0,00111805880066	0,000438113734536
204300	0,000883288312576	0,0	0,0	0,0	0,000457527568009	0,000473636312538	-1,6109331165e-05	0,000425755964487	0,0	0,000494884478228	5,53351052881e-05	0,000867155528159	0,000108818393167	0,000867155528159	0,00035825635013	0,000690646874251	0,000534764467793
205200	0,0044125104223	0,0	0,0	0,0	0,00287491358064	0,00195711228005	0,000917808034648	0,00153763900416	0,0	0,000628309254867	0,000690722111432	0,00193252833766	0,000924152298863	0,00193252833766	-0,000336971724194	0,000477703341221	0,00111785572388
206100	-0,000165499360529	0,0	0,0	0,0	0,000177781068734	-0,000458255232437	0,000636036302109	-0,000343280430485	0,0	-0,000424651126491	0,000494730106481	-5,05978060869e-05	-0,000222603644898	-5,05978060869e-05	0,000456698549512	0,000320861900552	8,52388403339e-05
207000	-0,00861202871701	0,0	0,0	0,0	-0,00576583130865	-0,00259496276614	-0,0028222316533	-0,00249757913923	0,0	-0,00121609164037	-0,00042828439876	-0,00338135396505	-0,000411967500668	-0,00338135396505	0,000769699634588	-0,00227795880451	-0,00269883227794
207900	0,000253622068506	0,0	0,0	0,0	0,000549409705119	0,000868548203709	-0,000109057275137	-8,57065205156e-05	0,0	-0,000428375355852	-0,000301067390352	-0,000121518536497	-0,000483548650986	-0,000121518536497	-0,000292873128306	-0,000626642778043	0,00100807891078
208800	-0,0111635202586	0,0	0,0	0,0	-0,00780986391403	-0,00510273281961	-0,00223880558216	-0,00378129702876	0,0	-0,00295012512897	-0,000950937473024	-0,00499019647633	-0,00208690205901	-0,00499019647633	-0,000250515623602	-0,00177238024411	-0,000871979795111
209700	0,010007100112	0,0	0,0	0,0	0,00551831312097	0,00143668197081	0,00130771590104	0,00261087267423	0,0	0,00450756343474	0,00109641611133	0,0034844244756	0,00181957981288	0,0034844244756	-0,000453108305801	0,00120716773376	-0,000949769356144
210600	-0,0103163167318	0,0	0,0	0,0	-0,00533781476706	-0,00089668958101	-0,00163096635107	-0,00244591081344	0,0	-0,0037444315201	-0,00104415240899	-0,00433894771728	-0,0019312936178	-0,00433894771728	0,000219321157405	-0,00187519180602	-0,000593696645954
211500	0,0212445193832	0,0	0,0	0,0	0,0121601884728	0,0067218487982	0,00233142260028	0,00625493854043	0,0	0,0055089490057	0,00302714243408	0,00992867793732	0,00360138664791	0,00992867793732	0,00192890391829	0,00566134057103	0,00424880642739
212400	-0,0170509748264	0,0	0,0	0,0	-0,0105223743212	-0,00602905047613	-0,00185697216609	-0,00568392408051	0,0	-0,00488448131635	-0,00203429244051	-0,00918234950306	-0,00257574850714	-0,00918234950306	-0,00237332628888	-0,00509171317125	-0,00458040788008
213300	0,0159857615694	0,0	0,0	0,0	0,0103231069342	0,00497552370273	0,00294701845373	0,00505376860267	0,0	0,00390964053379	0,00124182667535	0,00678361763527	0,00281279421716	0,00678361763527	0,000395757026244	0,002792911424	0,00273868073969
214200	0,0107092193778	0,0	0,0	0,0	0,00671308410519	0,00389634479443	0,00220760302135	0,00338697396405	0,0	0,0015913562498	0,0016498250551	0,00405357562077	0,00196548146965	0,00405357562077	0,000251409320235	0,00178119586702	0,00191469874337
215100	-0,0210085730294	0,0	0,0	0,0	-0,0134708737884	-0,00815097033432	-0,00459494276755	-0,00681267549595	0,0	-0,00518665368138	-0,0029891838552	-0,00974031369004	-0,0045233133294	-0,00974031369004	-0,00014236736971	-0,00509833731821	-0,00405947586485
216000	0,0143467416207	0,0	0,0	0,0	0,00951332387771	0,00559015637148	0,00346414361228	0,00437434510035	0,0	0,00282739913081	0,000984144683987	0,00509468824701	0,00263222463635	0,00509468824701	-0,000240070223282	0,00253307629955	0,00186257682304
216900	0,0116338990683	0,0	0,0	0,0	0,00715371486238	0,00411711553782	0,00233141625631	0,00377496839608	0,0	0,00329045096152	0,00202290081345	0,00609753134586	0,00228565648754	0,00609753134586	0,00016194095622	0,00390583544407	0,00164851658857
217800	-0,0273536194982	0,0	0,0	0,0	-0,0172646468961	-0,00929937557482	-0,00662848687605	-0,00875211063399	0,0	-0,00654385846204	-0,00219170269926	-0,0104247720674	-0,00572621366306	-0,0104247720674	0,00149713280548	-0,00369495951415	-0,00389601599457
218700	0,0131073466112	0,0	0,0	0,0	0,00805889341042	0,00380022258506	0,00368484175793	0,00447458479994	0,0	0,00453488839064	0,000545634009364	0,00531570630776	0,00366561719501	0,00531570630776	-0,000931853317353	0,00229896895736	0,00151111143547
219600	0,0195285738982	0,0	0,0	0,0	0,0123646015578	0,00680719042826	0,00446301946399	0,00606952411625	0,0	0,004311019331	0,00186887107176	0,00740746181386	0,00374764488312	0,00740746181386	-0,000220133469648	0,00328665675038	0,00280638126423
220500	0,0110413878471	0,0	0,0	0,0	0,00638410258035	0,003998806513	0,0017594153452	0,00403136218144	0,0	0,00372418891394	0,00231457850718	0,00664297802215	0,00280135142475	0,00664297802215	0,000430921319932	0,00232225932127	0,0041258585362
221400	0,00692944887279	0,0	0,0	0,0	0,00446041860107	0,00190147030842	0,00235877005272	0,00226882650673	0,0	0,00209054604237	0,000561343658498	0,00324312826644	0,00147744974071	0,00324312826644	-9,86277566355e-05	0,00123179302039	0,00171257853553
222300	-0,0490523907827	0,0	0,0	0,0	-0,0307301204551	-0,0156831105574	-0,012604060529	-0,0158791524653	0,0	-0,0127882702794	-0,00556411827496	-0,0219148066951	-0,00987403402545	-0,0219148066951	-0,000821295179915	-0,0109206231932	-0,00937283684045
223200	0,000505862724192	0,0	0,0	0,0	0,00214781604642	8,57271547985e-05	0,00430191416931	0,000597841288079	0,0	-0,00125871847732	-0,00103058203695	0,00189727695498	-0,00134891221984	0,00189727695498	0,0001292251392	0,00341437165418	0,000851960663804
224100	-0,00457182210829	0,0	0,0	0,0	-0,00452145007175	-0,00272421478303	-0,00397866018574	-0,00223177609701	0,0	0,000779239919901	0,00126529324517	-0,00302027541349	0,000651608950684	-0,00302027541349	0,000205792573745	-0,00387302131937	-0,00112288925643
225000	0,00153055053212	0,0	0,0	0,0	0,00141327306747	0,00111922909334	0,000373584215655	0,000196820437264	0,0	-0,00232122890535	-0,00109089468128	-0,00171092098304	-0,0014248430703	-0,00171092098304	7,27595528919e-05	-6,93638753965e-05	-0,000358185032496
225900	-0,00642512096955	0,0	0,0	0,0	-0,00410425251758	-0,0019536261693	-0,000247203050722	-0,00153449054332	0,0	0,00011792586735	0,000761273053454	-0,00107755598614	-0,000453257870626	-0,00107755598614	0,000460852547324	-0,000491025391645	-0,000821776613574
226800	0,0111415457535	0,0	0,0	0,0	0,00779278585634	0,00443602198539	0,00316681022047	0,00427582173436	0,0	0,00282240708102	-0,00109282600066	0,00503243837234	0,00201064491357	0,00503243837234	-0,00106636091713	0,00249582473926	0,00230800808523
227700	-0,00513225644805	0,0	0,0	0,0	-0,00315760458443	-0,00173451174167	-0,00129510886815	-0,00184665341577	0,0	-0,00214418819523	0,000182204007906	-0,00276719349624	-0,00127786668306	-0,00276719349624	9,89589650553e-05	-0,0016234644794	-0,001114705944
228600	0,00149184272393	0,0	0,0	0,0	0,000758075829686	0,000715426788039	-6,06319207131e-05	0,000630482276687	0,0	0,000926452297779	-0,000548972859942	0,00166160997747	0,00115878836431	0,00166160997747	0,0005511845392	0,000658249775868	0,000348894876929
229500	0,00521342066676	0,0	0,0	0,0	0,00325773519139	0,00179654690457	0,00126521107436	0,00175969130955	0,0	0,00170843904272	0,000484231014448	0,00278901034217	0,000967372290163	0,00278901034217	-0,000115233751355	0,00124457392931	0,00146369523589
230400	0,00462414573602	0,0	0,0	0,0	0,00297701687934	0,00183134785763	0,00103630436118	0,00153779202648	0,0	0,00070768082449	0,00125830933806	0,00256031271632	0,000834107603786	0,00256031271632	-0,000481303086846	0,00136263127295	0,00156961624194
231300	-0,00362200407597	0,0	0,0	0,0	-0,00240565460008	-0,00156485143541	-0,000840809260176	-0,00121638762271	0,0	-0,000417888159679	-0,000591437072712	-0,00165089761351	-0,000574824622394	-0,00165089761351	0,000606043234637	-0,000852475646778	-0,00140446721239
232200	0,00252002555877	0,0	0,0	0,0	0,00163121704376	0,00109292574491	0,000538297393997	0,000888846660782	0,0	0,000168491052231	0,000500504203548	0,00135669115729	0,000201160138877	0,00135669115729	-0,000629320949887	0,000899401658016	0,00108661245764
233100	0,00203834863382	0,0	0,0	0,0	0,00148797086049	0,0012889378289	0,000199033032162	0,000550377774914	0,0	-0,00021304488683	0,000139622276286	0,000383677196036	9,32779692288e-05	0,000383677196036	-7,16191201826e-06	0,000237693827936	0,000153145281253
234000	-0,00307508654956	0,0	0,0	0,0	-0,00200342080208	-0,00119609538985	-0,000807333022584	-0,00107171155574	0,0	-0,000705520803027	6,96719703624e-05	-0,00122366350705	-0,000483907277043	-0,00122366350705	-0,00014542930254	-0,00045690611076	-0,000425110320961
234900	0,00262572756448	0,0	0,0	0,0	0,00190197121312	0,000447268791727	0,00145471003167	0,00072380215892	0,0	0,000554533703761	3,09775341242e-06	0,000607995040453	0,000673448971637	0,000607995040453	0,000579796295537	-0,000333350916103	0,000165331887091
235800	0,00140603934701	0,0	0,0	0,0	0,00100146543656	0,000178277972414	0,000823187463098	0,000404573912117	0,0	0,000315200757507	-0,000989895084282	-0,000503521489458	0,000233401074204	-0,000503521489458	0,000465116622725	-0,000595678446139	-0,000372959663515
236700	-0,00181066726792	0,0	0,0	0,0	-0,00131167463153	-0,000615906968062	-0,000695767663022	-0,000498992638214	0,0	0,000355604803156	0,000362503010086	0,000141195169243	7,79200057888e-05	0,000141195169243	-0,00037337727399	0,00110439213371	-0,000589819691323
237600	-0,000304195321847	0,0	0,0	0,0	-0,000272675542351	0,000118237987744	-0,000390913529536	-3,15197799236e-05	0,0	-0,000235607038387	0,000173771926375	0,000140205945948	-0,000233560838999	0,000140205945948	-0,000486536354846	0,000174269795421	0,000452472505095
238500	0,00102326943788	0,0	0,0	0,0	0,000798505231162	0,000782464086355	1,60411431615e-05	0,000224764207785	0,0	-6,40621723381e-05	-0,000244130831395	-0,000271068489193	0,000187639694174	-0,000271068489193	0,000492087491629	-0,000340550623511	-0,0004226053576
239400	0,00200114630299	0,0	0,0	0,0	0,00117127368201	0,000422125486492	0,000749148196718	0,000829872623334	0,0	0,000774483980197	0,000557700931577	0,00170035807739	0,000461699458895	0,00170035807739	9,80199863001e-05	0,000262409973205	0,00133992811706
240300	0,00153065230453	0,0	0,0	0,0	0,000807355384412	0,000362180755595	0,000445174629704	0,000723296922007	0,0	0,000881509259867	0,000215979965515	0,00118996896632	0,00063081718201	0,00118996896632	0,000801553647432	0,000606486344645	-0,00021807102378
241200	0,000539350820243	0,0	0,0	0,0	0,000393672072662	0,000280587661911	0,000113084410131	0,000145678747961	0,0	4,22688950536e-05	-0,000685611552513	3,36033736219e-06	-0,0005010242486	3,36033736219e-06	-0,00135049511798	0,000767757954902	0,000586097501305
242100	-0,000826877746331	0,0	0,0	0,0	-0,000579884351366	-0,000109544448263	-0,000470339902488	-0,000246993395954	0,0	-0,000179664665427	0,0010787295061	0,000106680933834	0,000545390511631	0,000106680933834	-0,000171668788654	0,000285140033486	-6,79031127971e-06
243000	0,00107517920158	0,0	0,0	0,0	0,000713408042695	0,000747684804844	-3,42767631604e-05	0,000361771161279	0,0	-0,00078394631992	-5,46094469685e-05	-0,000194209381134	-0,000282575224072	-0,000194209381134	2,16680948771e-05	0,000123272775257	-0,000339150249015
243900	0,00357751273782	0,0	0,0	0,0	0,00236493158285	0,0011510214658	0,00121391011812	0,00121258116014	0,0	0,0015236080251	0,00100506155806	0,00205053351016	0,00169071723346	0,00205053351016	0,000744528463312	0,00121292697037	9,30780722677e-05
244800	-0,00150201245719	0,0	0,0	0,0	-0,000866184029665	-0,000614184634046	-0,000251999396441	-0,000635828430236	0,0	-0,000960377774998	-0,000738021752026	-0,00200683463508	-0,000327393322475	-0,00200683463508	0,000128032397754	-0,00204459000146	-9,02770285792e-05
245700	-0,00265874006636	0,0	0,0	0,0	-0,00138743198893	-0,000903477053794	-0,000483954935241	-0,00127130808186	0,0	-0,0021222633283	-0,000684846076494	-0,00151475928143	-0,00256365820565	-0,00151475928143	-0,000910949170357	-9,34250982454e-05	-0,000238612215499
246600	-0,00396094936412	0,0	0,0	0,0	-0,00271086698786	-0,00183157177034	-0,000879295217752	-0,0012500823806	0,0	0,000598549955572	-0,000785363316979	-0,00114640195103	-0,000290493793482	-0,00114640195103	-1,66993791989e-05	-0,000383157952586	-0,000779943375687
247500	0,00105073122002	0,0	0,0	0,0	0,000771982576829	0,000619311426433	0,000152671151035	0,000278748644113	0,0	0,000196070403808	0,000106189949495	0,000305920181594	0,000275088819797	0,000305920181594	0,000151826571172	0,000298674136282	0,000159072616488
248400	0,0002487986327	0,0	0,0	0,0	9,74440002801e-05	-0,000225895816627	0,000323339815661	0,000151354633127	0,0	4,08144167774e-06	-4,19598310616e-05	-0,000120205019418	0,000233681260787	-0,000120205019418	-0,000226295982056	-0,000522460340571	0,000175959337685
249300	-0,00111491653472	0,0	0,0	0,0	-0,000768115813744	-0,000208149837794	-0,000559965976032	-0,000346800722199	0,0	-0,000355275019843	0,000317526519389	-0,000123246448433	-0,000261302773896	-0,000123246448433	7,74823967611e-05	0,000226977016472	-0,000272741065323
250200	-0,00069238466271	0,0	0,0	0,0	-0,000461626308747	-0,000343300071357	-0,00011832623702	-0,000230758354465	0,0	-0,000195527175947	-0,000216719021931	-0,000323060611174	-0,000319943940589	-0,000323060611174	-4,43818634563e-05	-0,000412785327043	4,53428495883e-05
251100	-0,00251401879387	0,0	0,0	0,0	-0,00195313238424	-0,00101015782612	-0,000942981742746	-0,000560930677321	0,0	0,000386088563515	-4,16474785242e-05	-7,68190575852e-05	-0,000139681014503	-7,68190575852e-05	3,1223037589e-05	0,000351871547041	-0,000397469963298
252000	-0,00180198421904	0,0	0,0	0,0	-0,001185448726	-0,000677846122377	-0,000507601068215	-0,000616526183595	0,0	-0,00045097105415	-0,00010365006986	-0,00123180325595	6,0658147775e-05	-0,00123180325595	0,000189370279127	-0,00119523420401	-0,000444020986329
252900	-8,34186067121e-06	0,0	0,0	0,0	-4,34042794084e-05	-0,000111542195341	6,81379674836e-05	3,50624009202e-05	0,0	2,99200765829e-05	-0,000128978003496	0,000240411286876	-0,000304406930776	0,000240411286876	8,06095005552e-05	-0,000148236225968	0,000308037894816
253800	0,000854186633703	0,0	0,0	0,0	0,000557615031791	0,000282409142809	0,000275205192119	0,000296567317753	0,0	0,000412434623193	0,000375848919033	0,000842853889881	0,000241995686583	0,000842853889881	-0,000264002232808	0,000511405377316	0,000595450257283
254700	2,61415178766e-05	0,0	0,0	0,0	6,790348172e-05	-9,86399731533e-05	0,000166543363469	-4,17620159983e-05	0,0	-2,23183627845e-05	-0,000173380519189	-0,000237617263141	1,56597160163e-07	-0,000237617263141	0,00014740519282	3,96193838384e-05	-0,000424641673848
255600	-0,0018111462795	0,0	0,0	0,0	-0,00116433793514	-0,00061156543846	-0,000552771077278	-0,000646799522355	0,0	-0,000502882545224	-0,000102498560328	-0,000866080498175	-0,00038609802424	-0,000866080498175	-5,71543137251e-05	-0,000350980993169	-0,000457944754342
256500	-0,00170240585038	0,0	0,0	0,0	-0,00106000734336	-0,000636113157823	-0,000423893050315	-0,000642391193739	0,0	-0,000580859850737	-0,00047714644683	-0,00143013936481	-0,000270256090471	-0,00143013936481	0,000330288508751	-0,00095766448959	-0,000802762733007
257400	-3,90641229965e-05	0,0	0,0	0,0	-8,36115354419e-05	5,25520398731e-05	-0,000136163488958	4,45474958197e-05	0,0	-1,17718344473e-05	0,000283060373254	0,000182553978823	0,000133281879384	0,000182553978823	0,000138262953586	-2,6716340404e-05	7,10073030909e-05
258300	-0,000598567636982	0,0	0,0	0,0	-0,000356011816032	-0,000410979942031	5,49684627115e-05	-0,000242553471666	0,0	-6,71844960079e-05	-0,000326686794055	-0,000337082082487	-0,000299342040936	-0,000337082082487	-0,000150665963517	-4,05178047142e-05	-0,000145898196814
259200	-0,00076304513643	0,0	0,0	0,0	-0,000458255440933	-0,000236151260567	-0,000222103758687	-0,000304786889737	0,0	-0,000428740045449	-5,23952852482e-05	-0,000519315664207	-0,00026660575075	-0,000519315664207	-0,000178880411923	-7,27429537016e-05	-0,000267692128162
260100	-0,00124242038955	0,0	0,0	0,0	-0,000920329013446	-0,000145560855855	-0,000774767393521	-0,000322087409153	0,0	-0,000168774065927	0,00025162935399	-0,000101045842191	-0,000138185703638	-0,000101045842191	-0,000263817019851	6,98531228634e-05	9,29180665426e-05
261000	0,00046207101708	0,0	0,0	0,0	0,00029783736852	0,000101751469567	0,000196085666663	0,000164232186231	0,0	0,000231113342499	-0,000188509931312	0,000159739237591	4,70960240022e-05	0,000159739237591	-1,37588558865e-05	0,000143413910452	3,00841266887e-05
261900	-0,000138622107683	0,0	0,0	0,0	-8,1014429801e-05	1,23116385694e-05	-9,33260045616e-05	-5,76072231585e-05	0,0	-0,000134099570984	5,33726885547e-05	-0,000136362478836	-1,97147571129e-06	-0,000136362478836	0,000274789538505	-0,000340458162542	-7,06937857488e-05
262800	-0,00266824484643	0,0	0,0	0,0	-0,00170974456962	-0,00101412459296	-0,000695618814203	-0,000958492956445	0,0	-0,000683513357223	-9,6695087598e-05	-0,00134124628783	-0,000397453359855	-0,00134124628783	0,000141371288299	-0,000855672837581	-0,000626944353669
263700	0,000697683162967	0,0	0,0	0,0	0,00043055438591	0,00028031755577	0,000150236572994	0,000267127084583	0,0	0,00016089766249	0,000202718227333	0,000532507657397	9,82348465927e-05	0,000532507657397	-0,000261231340314	0,000294642870028	0,000499095973235
264600	-0,000868532306235	0,0	0,0	0,0	-0,00057118258694	-0,000323741107506	-0,000247441143655	-0,000297347663687	0,0	-0,000107589048657	-0,000158129612374	-0,000388052147801	-0,000175013703578	-0,000388052147801	-6,15047457606e-05	-5,37717230408e-05	-0,000272775576996
265500	0,000276537651015	0,0	0,0	0,0	0,000185031207057	9,09191354009e-05	9,41119675222e-05	9,15058197287e-05	0,0	2,98472647816e-05	-2,57999089924e-05	0,000148916283038	-5,33632386499e-05	0,000148916283038	-0,000140759742132	0,000135351874183	0,00019305173265
266400	-0,000780676619414	0,0	0,0	0,0	-0,000460731867655	-0,000393697387434	-6,7034230247e-05	-0,000319943014105	0,0	-0,000328402275102	-0,000329715138414	-0,000826428181481	-0,000151631679873	-0,000826428181481	0,000265864133373	-0,000539998478834	-0,000591021257017
267300	-0,000616075016686	0,0	0,0	0,0	-0,000377295772535	-0,000198850835009	-0,000178444752493	-0,000238778033256	0,0	-0,000186651031112	-2,88106481707e-05	-0,000298031143908	-0,00015620826461	-0,000298031143908	-1,96900213853e-06	-0,000202040999107	-9,40210860135e-05
