time	sensor_1	sensor_2	sensor_3	sensor_4	sensor_5	sensor_6	sensor_7	sensor_8	sensor_9	sensor_10	sensor_11	sensor_12	sensor_13	sensor_14	sensor_15	sensor_16	sensor_17
0	0	0	0	0	0	0	0	0	0	0	0	0	0	0	0	0	0
900	-0,0152915361591	-0,0152915361591	-0,0152915361591	-0,0152915361591	-0,0155621179735	-0,0155621179735	-0,0155621179735	-0,0159368509206	-0,0159368509206	-0,0159368509206	-0,0159368509206	-0,0159368509206	-0,0159368509206	-0,0160214125842	-0,0160214125842	-0,0160214125842	-0,0160214125842
1800	0,0205099491646	0,0205099491646	0,0205099491646	0,0205099491646	0,0208704896317	0,0208704896317	0,0208704896317	0,0213873875822	0,0213873875822	0,0213873875822	0,0213873875822	0,0213873875822	0,0213873875822	0,0214598026378	0,0214598026378	0,0214598026378	0,0214598026378
2700	-0,0290132947337	-0,0290132947337	-0,0290132947337	-0,0290132947337	-0,0295187529696	-0,0295187529696	-0,0295187529696	-0,0302773202941	-0,0302773202941	-0,0302773202941	-0,0302773202941	-0,0302773202941	-0,0302773202941	-0,0303929311744	-0,0303929311744	-0,0303929311744	-0,0303929311744
3600	0,000378486999125	0,000378486999125	0,000378486999125	0,000378486999125	0,000372646198927	0,000372646198927	0,000372646198927	0,000457149846625	0,000457149846625	0,000457149846625	0,000457149846625	0,000457149846625	0,000457149846625	0,000467967369999	0,000467967369999	0,000467967369999	0,000467967369999
4500	0,0067906546136	0,0067906546136	0,0067906546136	0,0067906546136	0,0069178308748	0,0069178308748	0,0069178308748	0,00704214314122	0,00704214314122	0,00704214314122	0,00704214314122	0,00704214314122	0,00704214314122	0,0070715295086	0,0070715295086	0,0070715295086	0,0070715295086
5400	0,00804763088184	0,00804763088184	0,00804763088184	0,00804763088184	0,00819269755945	0,00819269755945	0,00819269755945	0,00837392289377	0,00837392289377	0,00837392289377	0,00837392289377	0,00837392289377	0,00837392289377	0,00839803617861	0,00839803617861	0,00839803617861	0,00839803617861
6300	0,00411731865364	0,00411731865364	0,00411731865364	0,00411731865364	0,00419233664246	0,00419233664246	0,00419233664246	0,00428025995598	0,00428025995598	0,00428025995598	0,00428025995598	0,00428025995598	0,00428025995598	0,00429375166338	0,00429375166338	0,00429375166338	0,00429375166338
7200	-0,00561888168907	-0,00561888168907	-0,00561888168907	-0,00561888168907	-0,00571665651957	-0,00571665651957	-0,00571665651957	-0,00586425576333	-0,00586425576333	-0,00586425576333	-0,00586425576333	-0,00586425576333	-0,00586425576333	-0,00587935486204	-0,00587935486204	-0,00587935486204	-0,00587935486204
8100	0,00893986680906	0,00893986680906	0,00893986680906	0,00893986680906	0,0090858162857	0,0090858162857	0,0090858162857	0,00937833789282	0,00937833789282	0,00937833789282	0,00937833789282	0,00937833789282	0,00937833789282	0,00944110097432	0,00944110097432	0,00944110097432	0,00944110097432
9000	0,00190728397999	0,00190728397999	0,00190728397999	0,00190728397999	0,00193801697151	0,00193801697151	0,00193801697151	0,00200285364893	0,00200285364893	0,00200285364893	0,00200285364893	0,00200285364893	0,00200285364893	0,00202954562337	0,00202954562337	0,00202954562337	0,00202954562337
9900	-0,000591949257281	-0,000591949257281	-0,000591949257281	-0,000591949257281	-0,000593908254177	-0,000593908254177	-0,000593908254177	-0,000659507332633	-0,000659507332633	-0,000659507332633	-0,000659507332633	-0,000659507332633	-0,000659507332633	-0,000676536402413	-0,000676536402413	-0,000676536402413	-0,000676536402413
10800	0,00339860186459	0,00339860186459	0,00339860186459	0,00339860186459	0,00345242042304	0,00345242042304	0,00345242042304	0,00357362189213	0,00357362189213	0,00357362189213	0,00357362189213	0,00357362189213	0,00357362189213	0,00359062766026	0,00359062766026	0,00359062766026	0,00359062766026
11700	-0,00172377906183	-0,00172377906183	-0,00172377906183	-0,00172377906183	-0,00175515639718	-0,00175515639718	-0,00175515639718	-0,00179214747829	-0,00179214747829	-0,00179214747829	-0,00179214747829	-0,00179214747829	-0,00179214747829	-0,00180274596599	-0,00180274596599	-0,00180274596599	-0,00180274596599
12600	-0,00249871449547	-0,00249871449547	-0,00249871449547	-0,00249871449547	-0,00254021323208	-0,00254021323208	-0,00254021323208	-0,00261774071235	-0,00261774071235	-0,00261774071235	-0,00261774071235	-0,00261774071235	-0,00261774071235	-0,00263305643181	-0,00263305643181	-0,00263305643181	-0,00263305643181
13500	-0,00251998290999	-0,00251998290999	-0,00251998290999	-0,00251998290999	-0,00256374563784	-0,00256374563784	-0,00256374563784	-0,00263046842432	-0,00263046842432	-0,00263046842432	-0,00263046842432	-0,00263046842432	-0,00263046842432	-0,00263750133333	-0,00263750133333	-0,00263750133333	-0,00263750133333
14400	0,00458476987454	0,00458476987454	0,00458476987454	0,00458476987454	0,0046628659384	0,0046628659384	0,0046628659384	0,00479340506199	0,00479340506199	0,00479340506199	0,00479340506199	0,00479340506199	0,00479340506199	0,00482445385493	0,00482445385493	0,00482445385493	0,00482445385493
15300	0,0037785802464	0,0037785802464	0,0037785802464	0,0037785802464	0,00384523687341	0,00384523687341	0,00384523687341	0,00393906366456	0,00393906366456	0,00393906366456	0,00393906366456	0,00393906366456	0,00393906366456	0,00395181971714	0,00395181971714	0,00395181971714	0,00395181971714
16200	-0,00534764456091	-0,00534764456091	-0,00534764456091	-0,00534764456091	-0,00543415600323	-0,00543415600323	-0,00543415600323	-0,00561389162261	-0,00561389162261	-0,00561389162261	-0,00561389162261	-0,00561389162261	-0,00561389162261	-0,00565508740174	-0,00565508740174	-0,00565508740174	-0,00565508740174
17100	0,00191720491724	0,00191720491724	0,00191720491724	0,00191720491724	0,00194487895202	0,00194487895202	0,00194487895202	0,00202936579026	0,00202936579026	0,00202936579026	0,00202936579026	0,00202936579026	0,00202936579026	0,00204246891056	0,00204246891056	0,00204246891056	0,00204246891056
18000	-5,55702172884e-05	-5,55702172884e-05	-5,55702172884e-05	-5,55702172884e-05	-5,86877544568e-05	-5,86877544568e-05	-5,86877544568e-05	-4,72441781615e-05	-4,72441781615e-05	-4,72441781615e-05	-4,72441781615e-05	-4,72441781615e-05	-4,72441781615e-05	-2,07380239469e-05	-2,07380239469e-05	-2,07380239469e-05	-2,07380239469e-05
18900	-0,000985739139984	-0,000985739139984	-0,000985739139984	-0,000985739139984	-0,00100274827376	-0,00100274827376	-0,00100274827376	-0,0010295050845	-0,0010295050845	-0,0010295050845	-0,0010295050845	-0,0010295050845	-0,0010295050845	-0,00104204705825	-0,00104204705825	-0,00104204705825	-0,00104204705825
19800	0,00247420394456	0,00247420394456	0,00247420394456	0,00247420394456	0,00251469519153	0,00251469519153	0,00251469519153	0,00259506468962	0,00259506468962	0,00259506468962	0,00259506468962	0,00259506468962	0,00259506468962	0,00260805846153	0,00260805846153	0,00260805846153	0,00260805846153
20700	-0,0029011284609	-0,0029011284609	-0,0029011284609	-0,0029011284609	-0,00294803527795	-0,00294803527795	-0,00294803527795	-0,00304569978243	-0,00304569978243	-0,00304569978243	-0,00304569978243	-0,00304569978243	-0,00304569978243	-0,00307186102961	-0,00307186102961	-0,00307186102961	-0,00307186102961
21600	-0,00297919910457	-0,00297919910457	-0,00297919910457	-0,00297919910457	-0,00302559706646	-0,00302559706646	-0,00302559706646	-0,00313651659496	-0,00313651659496	-0,00313651659496	-0,00313651659496	-0,00313651659496	-0,00313651659496	-0,00317116998631	-0,00317116998631	-0,00317116998631	-0,00317116998631
22500	-0,00235988621635	-0,00235988621635	-0,00235988621635	-0,00235988621635	-0,00240308613875	-0,00240308613875	-0,00240308613875	-0,00245226509784	-0,00245226509784	-0,00245226509784	-0,00245226509784	-0,00245226509784	-0,00245226509784	-0,0024507646823	-0,0024507646823	-0,0024507646823	-0,0024507646823
23400	-0,0016509606791	-0,0016509606791	-0,0016509606791	-0,0016509606791	-0,00168035379647	-0,00168035379647	-0,00168035379647	-0,00171973463202	-0,00171973463202	-0,00171973463202	-0,00171973463202	-0,00171973463202	-0,00171973463202	-0,00172076948026	-0,00172076948026	-0,00172076948026	-0,00172076948026
24300	0,00141635969182	0,00141635969182	0,00141635969182	0,00141635969182	0,0014369100134	0,0014369100134	0,0014369100134	0,00149869110389	0,00149869110389	0,00149869110389	0,00149869110389	0,00149869110389	0,00149869110389	0,0015091737611	0,0015091737611	0,0015091737611	0,0015091737611
25200	-0,00509359075547	-0,00509359075547	-0,00509359075547	-0,00509359075547	-0,00517933843827	-0,00517933843827	-0,00517933843827	-0,00533045809473	-0,00533045809473	-0,00533045809473	-0,00533045809473	-0,00533045809473	-0,00533045809473	-0,00537803446326	-0,00537803446326	-0,00537803446326	-0,00537803446326
26100	-0,00114693815998	-0,00114693815998	-0,00114693815998	-0,00114693815998	-0,00115978004784	-0,00115978004784	-0,00115978004784	-0,00123260504082	-0,00123260504082	-0,00123260504082	-0,00123260504082	-0,00123260504082	-0,00123260504082	-0,00124899001027	-0,00124899001027	-0,00124899001027	-0,00124899001027
27000	0,000443264883628	0,000443264883628	0,000443264883628	0,000443264883628	0,000449877303739	0,000449877303739	0,000449877303739	0,000468126489826	0,000468126489826	0,000468126489826	0,000468126489826	0,000468126489826	0,000468126489826	0,000481328875261	0,000481328875261	0,000481328875261	0,000481328875261
27900	-0,00588590404001	-0,00588590404001	-0,00588590404001	-0,00588590404001	-0,00598210280074	-0,00598210280074	-0,00598210280074	-0,00617405164955	-0,00617405164955	-0,00617405164955	-0,00617405164955	-0,00617405164955	-0,00617405164955	-0,00622750143624	-0,00622750143624	-0,00622750143624	-0,00622750143624
28800	-0,0116475694146	-0,0116475694146	-0,0116475694146	-0,0116475694146	-0,0118427551602	-0,0118427551602	-0,0118427551602	-0,0121936886065	-0,0121936886065	-0,0121936886065	-0,0121936886065	-0,0121936886065	-0,0121936886065	-0,0122771819099	-0,0122771819099	-0,0122771819099	-0,0122771819099
29700	-0,0101060632591	-0,0101060632591	-0,0101060632591	-0,0101060632591	-0,0103070412884	-0,0103070412884	-0,0103070412884	-0,0104217844789	-0,0104217844789	-0,0104217844789	-0,0104217844789	-0,0104217844789	-0,0104217844789	-0,010430191805	-0,010430191805	-0,010430191805	-0,010430191805
30600	-0,0303327793909	-0,0303327793909	-0,0303327793909	-0,0303327793909	-0,0308023114963	-0,0308023114963	-0,0308023114963	-0,0319488594643	-0,0319488594643	-0,0319488594643	-0,0319488594643	-0,0319488594643	-0,0319488594643	-0,0322720266782	-0,0322720266782	-0,0322720266782	-0,0322720266782
31500	0,0123720572064	0,0123720572064	0,0123720572064	0,0123720572064	0,0125676526142	0,0125676526142	0,0125676526142	0,0130108006406	0,0130108006406	0,0130108006406	0,0130108006406	0,0130108006406	0,0130108006406	0,0131429228276	0,0131429228276	0,0131429228276	0,0131429228276
32400	0,0175662838745	0,0175662838745	0,0175662838745	0,0175662838745	0,0178717827107	0,0178717827107	0,0178717827107	0,0183342665338	0,0183342665338	0,0183342665338	0,0183342665338	0,0183342665338	0,0183342665338	0,0184441843508	0,0184441843508	0,0184441843508	0,0184441843508
33300	-0,0057167942073	-0,0057167942073	-0,0057167942073	-0,0057167942073	-0,0058145953051	-0,0058145953051	-0,0058145953051	-0,00597483167821	-0,00597483167821	-0,00597483167821	-0,00597483167821	-0,00597483167821	-0,00597483167821	-0,00602215384673	-0,00602215384673	-0,00602215384673	-0,00602215384673
34200	0,00819248953455	0,00819248953455	0,00819248953455	0,00819248953455	0,00826668904859	0,00826668904859	0,00826668904859	0,00869461812439	0,00869461812439	0,00869461812439	0,00869461812439	0,00869461812439	0,00869461812439	0,00880260291985	0,00880260291985	0,00880260291985	0,00880260291985
35100	-0,0321451336182	-0,0321451336182	-0,0321451336182	-0,0321451336182	-0,0326693728922	-0,0326693728922	-0,0326693728922	-0,033527078848	-0,033527078848	-0,033527078848	-0,033527078848	-0,033527078848	-0,033527078848	-0,0337448207637	-0,0337448207637	-0,0337448207637	-0,0337448207637
36000	0,0564655008082	0,0564655008082	0,0564655008082	0,0564655008082	0,057378704975	0,057378704975	0,057378704975	0,0588002219544	0,0588002219544	0,0588002219544	0,0588002219544	0,0588002219544	0,0588002219544	0,0590803241718	0,0590803241718	0,0590803241718	0,0590803241718
36900	-0,010495141237	-0,010495141237	-0,010495141237	-0,010495141237	-0,0106067212373	-0,0106067212373	-0,0106067212373	-0,011305588538	-0,011305588538	-0,011305588538	-0,011305588538	-0,011305588538	-0,011305588538	-0,0114448174227	-0,0114448174227	-0,0114448174227	-0,0114448174227
37800	-0,0205312175791	-0,0205312175791	-0,0205312175791	-0,0205312175791	-0,0208785807767	-0,0208785807767	-0,0208785807767	-0,0214493595975	-0,0214493595975	-0,0214493595975	-0,0214493595975	-0,0214493595975	-0,0214493595975	-0,0216272817187	-0,0216272817187	-0,0216272817187	-0,0216272817187
38700	0,0878975589545	0,0878975589545	0,0878975589545	0,0878975589545	0,0893351159448	0,0893351159448	0,0893351159448	0,0918534783363	0,0918534783363	0,0918534783363	0,0918534783363	0,0918534783363	0,0918534783363	0,0925259934574	0,0925259934574	0,0925259934574	0,0925259934574
39600	0,0197699207325	0,0197699207325	0,0197699207325	0,0197699207325	0,020111974735	0,020111974735	0,020111974735	0,020283253922	0,020283253922	0,020283253922	0,020283253922	0,020283253922	0,020283253922	0,0202667515828	0,0202667515828	0,0202667515828	0,0202667515828
40500	0,0200321231073	0,0200321231073	0,0200321231073	0,0200321231073	0,0203073501585	0,0203073501585	0,0203073501585	0,0212533526111	0,0212533526111	0,0212533526111	0,0212533526111	0,0212533526111	0,0212533526111	0,0214966303575	0,0214966303575	0,0214966303575	0,0214966303575
41400	0,0186973787944	0,0186973787944	0,0186973787944	0,0186973787944	0,0190482645123	0,0190482645123	0,0190482645123	0,0193215532696	0,0193215532696	0,0193215532696	0,0193215532696	0,0193215532696	0,0193215532696	0,0193042531519	0,0193042531519	0,0193042531519	0,0193042531519
42300	0,256108583197	0,256108583197	0,256108583197	0,256108583197	0,260298486933	0,260298486933	0,260298486933	0,267021361526	0,267021361526	0,267021361526	0,267021361526	0,267021361526	0,267021361526	0,268495369454	0,268495369454	0,268495369454	0,268495369454
43200	-0,0332371220271	-0,0332371220271	-0,0332371220271	-0,0332371220271	-0,0337678247599	-0,0337678247599	-0,0337678247599	-0,0347985750129	-0,0347985750129	-0,0347985750129	-0,0347985750129	-0,0347985750129	-0,0347985750129	-0,0350265682831	-0,0350265682831	-0,0350265682831	-0,0350265682831
44100	-0,147356416063	-0,147356416063	-0,147356416063	-0,147356416063	-0,149850120201	-0,149850120201	-0,149850120201	-0,153281427742	-0,153281427742	-0,153281427742	-0,153281427742	-0,153281427742	-0,153281427742	-0,154066855301	-0,154066855301	-0,154066855301	-0,154066855301
45000	0,0915502732862	0,0915502732862	0,0915502732862	0,0915502732862	0,0929982963008	0,0929982963008	0,0929982963008	0,0952312116397	0,0952312116397	0,0952312116397	0,0952312116397	0,0952312116397	0,0952312116397	0,0958879069566	0,0958879069566	0,0958879069566	0,0958879069566
45900	-0,00558841412012	-0,00558841412012	-0,00558841412012	-0,00558841412012	-0,00573799963355	-0,00573799963355	-0,00573799963355	-0,00548087789017	-0,00548087789017	-0,00548087789017	-0,00548087789017	-0,00548087789017	-0,00548087789017	-0,00551907351346	-0,00551907351346	-0,00551907351346	-0,00551907351346
46800	-0,06343862609	-0,06343862609	-0,06343862609	-0,06343862609	-0,064463557803	-0,064463557803	-0,064463557803	-0,0663712377824	-0,0663712377824	-0,0663712377824	-0,0663712377824	-0,0663712377824	-0,0663712377824	-0,0668055717735	-0,0668055717735	-0,0668055717735	-0,0668055717735
47700	0,190227865693	0,190227865693	0,190227865693	0,190227865693	0,193485632978	0,193485632978	0,193485632978	0,197764778169	0,197764778169	0,197764778169	0,197764778169	0,197764778169	0,197764778169	0,198747685121	0,198747685121	0,198747685121	0,198747685121
48600	-0,124218200747	-0,124218200747	-0,124218200747	-0,124218200747	-0,126246967161	-0,126246967161	-0,126246967161	-0,129599329268	-0,129599329268	-0,129599329268	-0,129599329268	-0,129599329268	-0,129599329268	-0,130262279393	-0,130262279393	-0,130262279393	-0,130262279393
49500	-0,0728419076403	-0,0728419076403	-0,0728419076403	-0,0728419076403	-0,0740247891432	-0,0740247891432	-0,0740247891432	-0,0754230929799	-0,0754230929799	-0,0754230929799	-0,0754230929799	-0,0754230929799	-0,0754230929799	-0,0757880051938	-0,0757880051938	-0,0757880051938	-0,0757880051938
50400	0,244997375613	0,244997375613	0,244997375613	0,244997375613	0,248996240046	0,248996240046	0,248996240046	0,255500697207	0,255500697207	0,255500697207	0,255500697207	0,255500697207	0,255500697207	0,256963157874	0,256963157874	0,256963157874	0,256963157874
51300	-0,243581996302	-0,243581996302	-0,243581996302	-0,243581996302	-0,247581806509	-0,247581806509	-0,247581806509	-0,253779368634	-0,253779368634	-0,253779368634	-0,253779368634	-0,253779368634	-0,253779368634	-0,255108820717	-0,255108820717	-0,255108820717	-0,255108820717
52200	-0,13951591292	-0,13951591292	-0,13951591292	-0,13951591292	-0,14180800053	-0,14180800053	-0,14180800053	-0,145514238497	-0,145514238497	-0,145514238497	-0,145514238497	-0,145514238497	-0,145514238497	-0,146396164796	-0,146396164796	-0,146396164796	-0,146396164796
53100	-0,0753200799882	-0,0753200799882	-0,0753200799882	-0,0753200799882	-0,0765343255317	-0,0765343255317	-0,0765343255317	-0,078499029277	-0,078499029277	-0,078499029277	-0,078499029277	-0,078499029277	-0,078499029277	-0,0789206360763	-0,0789206360763	-0,0789206360763	-0,0789206360763
54000	0,00193507989573	0,00193507989573	0,00193507989573	0,00193507989573	0,0019522283306	0,0019522283306	0,0019522283306	0,0020036314723	0,0020036314723	0,0020036314723	0,0020036314723	0,0020036314723	0,0020036314723	0,00203337415739	0,00203337415739	0,00203337415739	0,00203337415739
54900	0,139778441188	0,139778441188	0,139778441188	0,139778441188	0,14203850836	0,14203850836	0,14203850836	0,145817821682	0,145817821682	0,145817821682	0,145817821682	0,145817821682	0,145817821682	0,146722357289	0,146722357289	0,146722357289	0,146722357289
55800	-0,120246839092	-0,120246839092	-0,120246839092	-0,120246839092	-0,122149391376	-0,122149391376	-0,122149391376	-0,125418971599	-0,125418971599	-0,125418971599	-0,125418971599	-0,125418971599	-0,125418971599	-0,126256901213	-0,126256901213	-0,126256901213	-0,126256901213
56700	-0,0711127380148	-0,0711127380148	-0,0711127380148	-0,0711127380148	-0,0722713551165	-0,0722713551165	-0,0722713551165	-0,0742273486775	-0,0742273486775	-0,0742273486775	-0,0742273486775	-0,0742273486775	-0,0742273486775	-0,0747172321281	-0,0747172321281	-0,0747172321281	-0,0747172321281
57600	0,0378742911721	0,0378742911721	0,0378742911721	0,0378742911721	0,0384871523053	0,0384871523053	0,0384871523053	0,0396470838703	0,0396470838703	0,0396470838703	0,0396470838703	0,0396470838703	0,0396470838703	0,0399960416371	0,0399960416371	0,0399960416371	0,0399960416371
58500	-0,0469435612674	-0,0469435612674	-0,0469435612674	-0,0469435612674	-0,0477342677327	-0,0477342677327	-0,0477342677327	-0,0490122687945	-0,0490122687945	-0,0490122687945	-0,0490122687945	-0,0490122687945	-0,0490122687945	-0,0492455092762	-0,0492455092762	-0,0492455092762	-0,0492455092762
59400	-0,0124154836688	-0,0124154836688	-0,0124154836688	-0,0124154836688	-0,0126236655031	-0,0126236655031	-0,0126236655031	-0,0129969741861	-0,0129969741861	-0,0129969741861	-0,0129969741861	-0,0129969741861	-0,0129969741861	-0,0131289696836	-0,0131289696836	-0,0131289696836	-0,0131289696836
60300	0,00327805120939	0,00327805120939	0,00327805120939	0,00327805120939	0,00329686859153	0,00329686859153	0,00329686859153	0,00361232854078	0,00361232854078	0,00361232854078	0,00361232854078	0,00361232854078	0,00361232854078	0,00372010820823	0,00372010820823	0,00372010820823	0,00372010820823
61200	-0,0148374583704	-0,0148374583704	-0,0148374583704	-0,0148374583704	-0,0150639738916	-0,0150639738916	-0,0150639738916	-0,0156437753005	-0,0156437753005	-0,0156437753005	-0,0156437753005	-0,0156437753005	-0,0156437753005	-0,0158045824717	-0,0158045824717	-0,0158045824717	-0,0158045824717
62100	0,0172292274887	0,0172292274887	0,0172292274887	0,0172292274887	0,0175134214413	0,0175134214413	0,0175134214413	0,0180596945979	0,0180596945979	0,0180596945979	0,0180596945979	0,0180596945979	0,0180596945979	0,0181550265877	0,0181550265877	0,0181550265877	0,0181550265877
63000	-0,00235510458506	-0,00235510458506	-0,00235510458506	-0,00235510458506	-0,00239731689089	-0,00239731689089	-0,00239731689089	-0,00245179712977	-0,00245179712977	-0,00245179712977	-0,00245179712977	-0,00245179712977	-0,00245179712977	-0,00245441562538	-0,00245441562538	-0,00245441562538	-0,00245441562538
63900	0,00644226504149	0,00644226504149	0,00644226504149	0,00644226504149	0,0065770927836	0,0065770927836	0,0065770927836	0,00660996995569	0,00660996995569	0,00660996995569	0,00660996995569	0,00660996995569	0,00660996995569	0,006607672134	0,006607672134	0,006607672134	0,006607672134
64800	0,0123431304618	0,0123431304618	0,0123431304618	0,0123431304618	0,0125541841685	0,0125541841685	0,0125541841685	0,012900818911	0,012900818911	0,012900818911	0,012900818911	0,012900818911	0,012900818911	0,0129993033606	0,0129993033606	0,0129993033606	0,0129993033606
65700	-0,0233245666932	-0,0233245666932	-0,0233245666932	-0,0233245666932	-0,0237180636436	-0,0237180636436	-0,0237180636436	-0,024405042131	-0,024405042131	-0,024405042131	-0,024405042131	-0,024405042131	-0,024405042131	-0,0245563719189	-0,0245563719189	-0,0245563719189	-0,0245563719189
66600	0,00193626164055	0,00193626164055	0,00193626164055	0,00193626164055	0,00194744589465	0,00194744589465	0,00194744589465	0,00213336427839	0,00213336427839	0,00213336427839	0,00213336427839	0,00213336427839	0,00213336427839	0,00220140172263	0,00220140172263	0,00220140172263	0,00220140172263
67500	0,0111653978651	0,0111653978651	0,0111653978651	0,0111653978651	0,0113466390187	0,0113466390187	0,0113466390187	0,0117182373212	0,0117182373212	0,0117182373212	0,0117182373212	0,0117182373212	0,0117182373212	0,0118449356264	0,0118449356264	0,0118449356264	0,0118449356264
68400	-0,0463587473898	-0,0463587473898	-0,0463587473898	-0,0463587473898	-0,0471770959532	-0,0471770959532	-0,0471770959532	-0,0483249492612	-0,0483249492612	-0,0483249492612	-0,0483249492612	-0,0483249492612	-0,0483249492612	-0,0486056926031	-0,0486056926031	-0,0486056926031	-0,0486056926031
69300	0,0157046540903	0,0157046540903	0,0157046540903	0,0157046540903	0,0159796230594	0,0159796230594	0,0159796230594	0,016382019934	0,016382019934	0,016382019934	0,016382019934	0,016382019934	0,016382019934	0,016480895512	0,016480895512	0,016480895512	0,016480895512
70200	-0,0191212278324	-0,0191212278324	-0,0191212278324	-0,0191212278324	-0,0194483055106	-0,0194483055106	-0,0194483055106	-0,0199845148865	-0,0199845148865	-0,0199845148865	-0,0199845148865	-0,0199845148865	-0,0199845148865	-0,0201463072217	-0,0201463072217	-0,0201463072217	-0,0201463072217
71100	-0,0148869358805	-0,0148869358805	-0,0148869358805	-0,0148869358805	-0,0150889405417	-0,0150889405417	-0,0150889405417	-0,0158222769338	-0,0158222769338	-0,0158222769338	-0,0158222769338	-0,0158222769338	-0,0158222769338	-0,0160219241055	-0,0160219241055	-0,0160219241055	-0,0160219241055
72000	-0,00729573073331	-0,00729573073331	-0,00729573073331	-0,00729573073331	-0,00742376742134	-0,00742376742134	-0,00742376742134	-0,00760891978747	-0,00760891978747	-0,00760891978747	-0,00760891978747	-0,00760891978747	-0,00760891978747	-0,00763087228691	-0,00763087228691	-0,00763087228691	-0,00763087228691
72900	0,0307764201264	0,0307764201264	0,0307764201264	0,0307764201264	0,0313008867025	0,0313008867025	0,0313008867025	0,0321758078646	0,0321758078646	0,0321758078646	0,0321758078646	0,0321758078646	0,0321758078646	0,0323210402256	0,0323210402256	0,0323210402256	0,0323210402256
73800	0,00347508749598	0,00347508749598	0,00347508749598	0,00347508749598	0,00352020282501	0,00352020282501	0,00352020282501	0,00370362406802	0,00370362406802	0,00370362406802	0,00370362406802	0,00370362406802	0,00370362406802	0,00382997983573	0,00382997983573	0,00382997983573	0,00382997983573
74700	0,00798822061909	0,00798822061909	0,00798822061909	0,00798822061909	0,00811800312998	0,00811800312998	0,00811800312998	0,00838317195009	0,00838317195009	0,00838317195009	0,00838317195009	0,00838317195009	0,00838317195009	0,00844703949133	0,00844703949133	0,00844703949133	0,00844703949133
75600	0,0231695572321	0,0231695572321	0,0231695572321	0,0231695572321	0,0235490574679	0,0235490574679	0,0235490574679	0,0242997499573	0,0242997499573	0,0242997499573	0,0242997499573	0,0242997499573	0,0242997499573	0,0244489067949	0,0244489067949	0,0244489067949	0,0244489067949
76500	-0,000302443154093	-0,000302443154093	-0,000302443154093	-0,000302443154093	-0,000293609113275	-0,000293609113275	-0,000293609113275	-0,000386136583832	-0,000386136583832	-0,000386136583832	-0,000386136583832	-0,000386136583832	-0,000386136583832	-0,000412762146486	-0,000412762146486	-0,000412762146486	-0,000412762146486
77400	0,0164470234411	0,0164470234411	0,0164470234411	0,0164470234411	0,0167468246902	0,0167468246902	0,0167468246902	0,0170972490177	0,0170972490177	0,0170972490177	0,0170972490177	0,0170972490177	0,0170972490177	0,0171681377329	0,0171681377329	0,0171681377329	0,0171681377329
78300	-0,00830418630421	-0,00830418630421	-0,00830418630421	-0,00830418630421	-0,00845504406025	-0,00845504406025	-0,00845504406025	-0,00863506246445	-0,00863506246445	-0,00863506246445	-0,00863506246445	-0,00863506246445	-0,00863506246445	-0,00871962647746	-0,00871962647746	-0,00871962647746	-0,00871962647746
79200	0,0129250087351	0,0129250087351	0,0129250087351	0,0129250087351	0,013154851458	0,013154851458	0,013154851458	0,0134647867412	0,0134647867412	0,0134647867412	0,0134647867412	0,0134647867412	0,0134647867412	0,0135544009033	0,0135544009033	0,0135544009033	0,0135544009033
80100	0,00387629823636	0,00387629823636	0,00387629823636	0,00387629823636	0,003947106209	0,003947106209	0,003947106209	0,00402879424003	0,00402879424003	0,00402879424003	0,00402879424003	0,00402879424003	0,00402879424003	0,00403958236093	0,00403958236093	0,00403958236093	0,00403958236093
81000	0,00740166763271	0,00740166763271	0,00740166763271	0,00740166763271	0,00752108288428	0,00752108288428	0,00752108288428	0,00777180542827	0,00777180542827	0,00777180542827	0,00777180542827	0,00777180542827	0,00777180542827	0,00784246396182	0,00784246396182	0,00784246396182	0,00784246396182
81900	-0,00442798015999	-0,00442798015999	-0,00442798015999	-0,00442798015999	-0,00450295086745	-0,00450295086745	-0,00450295086745	-0,0046317536095	-0,0046317536095	-0,0046317536095	-0,0046317536095	-0,0046317536095	-0,0046317536095	-0,00465627005563	-0,00465627005563	-0,00465627005563	-0,00465627005563
82800	0,0166068060391	0,0166068060391	0,0166068060391	0,0166068060391	0,0168933554831	0,0168933554831	0,0168933554831	0,0173441557459	0,0173441557459	0,0173441557459	0,0173441557459	0,0173441557459	0,0173441557459	0,0174328646402	0,0174328646402	0,0174328646402	0,0174328646402
83700	0,00300053236184	0,00300053236184	0,00300053236184	0,00300053236184	0,00304490423881	0,00304490423881	0,00304490423881	0,00317076800347	0,00317076800347	0,00317076800347	0,00317076800347	0,00317076800347	0,00317076800347	0,00321944442254	0,00321944442254	0,00321944442254	0,00321944442254
84600	0,00161062850272	0,00161062850272	0,00161062850272	0,00161062850272	0,00163775422131	0,00163775422131	0,00163775422131	0,00168546903642	0,00168546903642	0,00168546903642	0,00168546903642	0,00168546903642	0,00168546903642	0,00168809996406	0,00168809996406	0,00168809996406	0,00168809996406
85500	0,00754205213728	0,00754205213728	0,00754205213728	0,00754205213728	0,00766638968656	0,00766638968656	0,00766638968656	0,00790592321103	0,00790592321103	0,00790592321103	0,00790592321103	0,00790592321103	0,00790592321103	0,00797124401061	0,00797124401061	0,00797124401061	0,00797124401061
86400	0,0150484407745	0,0150484407745	0,0150484407745	0,0150484407745	0,0152895097048	0,0152895097048	0,0152895097048	0,0158095534301	0,0158095534301	0,0158095534301	0,0158095534301	0,0158095534301	0,0158095534301	0,0159305830494	0,0159305830494	0,0159305830494	0,0159305830494
87300	0,00244826685363	0,00244826685363	0,00244826685363	0,00244826685363	0,00249984143902	0,00249984143902	0,00249984143902	0,00251032157333	0,00251032157333	0,00251032157333	0,00251032157333	0,00251032157333	0,00251032157333	0,00248291182279	0,00248291182279	0,00248291182279	0,00248291182279
88200	1,75723790865e-05	1,75723790865e-05	1,75723790865e-05	1,75723790865e-05	1,32388911576e-05	1,32388911576e-05	1,32388911576e-05	4,1536092067e-05	4,1536092067e-05	4,1536092067e-05	4,1536092067e-05	4,1536092067e-05	4,1536092067e-05	6,24095556608e-05	6,24095556608e-05	6,24095556608e-05	6,24095556608e-05
89100	0,00647020185546	0,00647020185546	0,00647020185546	0,00647020185546	0,00658041379544	0,00658041379544	0,00658041379544	0,00676463677555	0,00676463677555	0,00676463677555	0,00676463677555	0,00676463677555	0,00676463677555	0,00682021264862	0,00682021264862	0,00682021264862	0,00682021264862
90000	0,00465272505274	0,00465272505274	0,00465272505274	0,00465272505274	0,00473258960989	0,00473258960989	0,00473258960989	0,00486139782703	0,00486139782703	0,00486139782703	0,00486139782703	0,00486139782703	0,00486139782703	0,00489891029047	0,00489891029047	0,00489891029047	0,00489891029047
90900	-0,0016918115973	-0,0016918115973	-0,0016918115973	-0,0016918115973	-0,0017133369297	-0,0017133369297	-0,0017133369297	-0,00180526267535	-0,00180526267535	-0,00180526267535	-0,00180526267535	-0,00180526267535	-0,00180526267535	-0,00184335924802	-0,00184335924802	-0,00184335924802	-0,00184335924802
91800	0,00570479830273	0,00570479830273	0,00570479830273	0,00570479830273	0,00580108452638	0,00580108452638	0,00580108452638	0,00596884257793	0,00596884257793	0,00596884257793	0,00596884257793	0,00596884257793	0,00596884257793	0,00600374356006	0,00600374356006	0,00600374356006	0,00600374356006
92700	-0,00328759111547	-0,00328759111547	-0,00328759111547	-0,00328759111547	-0,00334256349837	-0,00334256349837	-0,00334256349837	-0,00344233567418	-0,00344233567418	-0,00344233567418	-0,00344233567418	-0,00344233567418	-0,00344233567418	-0,00347259818418	-0,00347259818418	-0,00347259818418	-0,00347259818418
93600	-0,000873366693607	-0,000873366693607	-0,000873366693607	-0,000873366693607	-0,000885291375744	-0,000885291375744	-0,000885291375744	-0,000927870609879	-0,000927870609879	-0,000927870609879	-0,000927870609879	-0,000927870609879	-0,000927870609879	-0,000934093680038	-0,000934093680038	-0,000934093680038	-0,000934093680038
94500	0,00182447981727	0,00182447981727	0,00182447981727	0,00182447981727	0,00185158583793	0,00185158583793	0,00185158583793	0,00192736389399	0,00192736389399	0,00192736389399	0,00192736389399	0,00192736389399	0,00192736389399	0,00195947498869	0,00195947498869	0,00195947498869	0,00195947498869
95400	0,00145079117998	0,00145079117998	0,00145079117998	0,00145079117998	0,00147668065298	0,00147668065298	0,00147668065298	0,0015109261751	0,0015109261751	0,0015109261751	0,0015109261751	0,0015109261751	0,0015109261751	0,00151691788096	0,00151691788096	0,00151691788096	0,00151691788096
96300	0,00298263576912	0,00298263576912	0,00298263576912	0,00298263576912	0,00303537617995	0,00303537617995	0,00303537617995	0,00310869010139	0,00310869010139	0,00310869010139	0,00310869010139	0,00310869010139	0,00310869010139	0,00311974530177	0,00311974530177	0,00311974530177	0,00311974530177
97200	-0,00165290596093	-0,00165290596093	-0,00165290596093	-0,00165290596093	-0,00168162729621	-0,00168162729621	-0,00168162729621	-0,00172529302436	-0,00172529302436	-0,00172529302436	-0,00172529302436	-0,00172529302436	-0,00172529302436	-0,00173950166045	-0,00173950166045	-0,00173950166045	-0,00173950166045
98100	-0,00101628006454	-0,00101628006454	-0,00101628006454	-0,00101628006454	-0,00103313175326	-0,00103313175326	-0,00103313175326	-0,00106482417426	-0,00106482417426	-0,00106482417426	-0,00106482417426	-0,00106482417426	-0,00106482417426	-0,0010762972371	-0,0010762972371	-0,0010762972371	-0,0010762972371
99000	-0,000491053973625	-0,000491053973625	-0,000491053973625	-0,000491053973625	-0,000500380726013	-0,000500380726013	-0,000500380726013	-0,000508588765115	-0,000508588765115	-0,000508588765115	-0,000508588765115	-0,000508588765115	-0,000508588765115	-0,000497355667115	-0,000497355667115	-0,000497355667115	-0,000497355667115
99900	-0,000374531592752	-0,000374531592752	-0,000374531592752	-0,000374531592752	-0,000383404136725	-0,000383404136725	-0,000383404136725	-0,000379110846249	-0,000379110846249	-0,000379110846249	-0,000379110846249	-0,000379110846249	-0,000379110846249	-0,000374400308344	-0,000374400308344	-0,000374400308344	-0,000374400308344
100800	0,00495592964547	0,00495592964547	0,00495592964547	0,00495592964547	0,00503975495537	0,00503975495537	0,00503975495537	0,00518441996267	0,00518441996267	0,00518441996267	0,00518441996267	0,00518441996267	0,00518441996267	0,00520707604604	0,00520707604604	0,00520707604604	0,00520707604604
101700	-0,00334517145726	-0,00334517145726	-0,00334517145726	-0,00334517145726	-0,00339870713221	-0,00339870713221	-0,00339870713221	-0,00351462387592	-0,00351462387592	-0,00351462387592	-0,00351462387592	-0,00351462387592	-0,00351462387592	-0,00354132470499	-0,00354132470499	-0,00354132470499	-0,00354132470499
102600	-0,00176210111367	-0,00176210111367	-0,00176210111367	-0,00176210111367	-0,00179160548557	-0,00179160548557	-0,00179160548557	-0,0018448420873	-0,0018448420873	-0,0018448420873	-0,0018448420873	-0,0018448420873	-0,0018448420873	-0,00185084124969	-0,00185084124969	-0,00185084124969	-0,00185084124969
103500	0,00185229734731	0,00185229734731	0,00185229734731	0,00185229734731	0,00188385315438	0,00188385315438	0,00188385315438	0,00193656755176	0,00193656755176	0,00193656755176	0,00193656755176	0,00193656755176	0,00193656755176	0,0019417698395	0,0019417698395	0,0019417698395	0,0019417698395
104400	-0,00715662696636	-0,00715662696636	-0,00715662696636	-0,00715662696636	-0,00728263019112	-0,00728263019112	-0,00728263019112	-0,00746180416918	-0,00746180416918	-0,00746180416918	-0,00746180416918	-0,00746180416918	-0,00746180416918	-0,00747608224425	-0,00747608224425	-0,00747608224425	-0,00747608224425
105300	0,000876543987276	0,000876543987276	0,000876543987276	0,000876543987276	0,000887485540837	0,000887485540837	0,000887485540837	0,000936378739364	0,000936378739364	0,000936378739364	0,000936378739364	0,000936378739364	0,000936378739364	0,000930055005968	0,000930055005968	0,000930055005968	0,000930055005968
106200	-0,00088763209366	-0,00088763209366	-0,00088763209366	-0,00088763209366	-0,000899742775103	-0,000899742775103	-0,000899742775103	-0,000943070146241	-0,000943070146241	-0,000943070146241	-0,000943070146241	-0,000943070146241	-0,000943070146241	-0,000967558333802	-0,000967558333802	-0,000967558333802	-0,000967558333802
107100	-0,00805443936818	-0,00805443936818	-0,00805443936818	-0,00805443936818	-0,00817878292998	-0,00817878292998	-0,00817878292998	-0,00848523665933	-0,00848523665933	-0,00848523665933	-0,00848523665933	-0,00848523665933	-0,00848523665933	-0,00855969069541	-0,00855969069541	-0,00855969069541	-0,00855969069541
108000	-0,0148617585627	-0,0148617585627	-0,0148617585627	-0,0148617585627	-0,0151286403983	-0,0151286403983	-0,0151286403983	-0,0154694119647	-0,0154694119647	-0,0154694119647	-0,0154694119647	-0,0154694119647	-0,0154694119647	-0,0155081576371	-0,0155081576371	-0,0155081576371	-0,0155081576371
108900	-0,00166354016819	-0,00166354016819	-0,00166354016819	-0,00166354016819	-0,00168932099726	-0,00168932099726	-0,00168932099726	-0,00175201938952	-0,00175201938952	-0,00175201938952	-0,00175201938952	-0,00175201938952	-0,00175201938952	-0,00179139285119	-0,00179139285119	-0,00179139285119	-0,00179139285119
109800	-0,0111442601654	-0,0111442601654	-0,0111442601654	-0,0111442601654	-0,0113413183988	-0,0113413183988	-0,0113413183988	-0,0116152469054	-0,0116152469054	-0,0116152469054	-0,0116152469054	-0,0116152469054	-0,0116152469054	-0,0116606225798	-0,0116606225798	-0,0116606225798	-0,0116606225798
110700	-0,0035175882691	-0,0035175882691	-0,0035175882691	-0,0035175882691	-0,00359060618193	-0,00359060618193	-0,00359060618193	-0,00361216009154	-0,00361216009154	-0,00361216009154	-0,00361216009154	-0,00361216009154	-0,00361216009154	-0,00361309156506	-0,00361309156506	-0,00361309156506	-0,00361309156506
111600	-0,00721381825185	-0,00721381825185	-0,00721381825185	-0,00721381825185	-0,00731446189687	-0,00731446189687	-0,00731446189687	-0,00765326683343	-0,00765326683343	-0,00765326683343	-0,00765326683343	-0,00765326683343	-0,00765326683343	-0,00776226453124	-0,00776226453124	-0,00776226453124	-0,00776226453124
112500	0,00111873157366	0,00111873157366	0,00111873157366	0,00111873157366	0,00114642339325	0,00114642339325	0,00114642339325	0,00112646289569	0,00112646289569	0,00112646289569	0,00112646289569	0,00112646289569	0,00112646289569	0,00112356268555	0,00112356268555	0,00112356268555	0,00112356268555
113400	-0,0106290846973	-0,0106290846973	-0,0106290846973	-0,0106290846973	-0,0108208010234	-0,0108208010234	-0,0108208010234	-0,01105946034	-0,01105946034	-0,01105946034	-0,01105946034	-0,01105946034	-0,01105946034	-0,0111276227567	-0,0111276227567	-0,0111276227567	-0,0111276227567
114300	-0,000991574985437	-0,000991574985437	-0,000991574985437	-0,000991574985437	-0,000999316545252	-0,000999316545252	-0,000999316545252	-0,0010824413998	-0,0010824413998	-0,0010824413998	-0,0010824413998	-0,0010824413998	-0,0010824413998	-0,0011284665552	-0,0011284665552	-0,0011284665552	-0,0011284665552
115200	-0,0219785639919	-0,0219785639919	-0,0219785639919	-0,0219785639919	-0,0223537850801	-0,0223537850801	-0,0223537850801	-0,0229745275068	-0,0229745275068	-0,0229745275068	-0,0229745275068	-0,0229745275068	-0,0229745275068	-0,0231062866967	-0,0231062866967	-0,0231062866967	-0,0231062866967
116100	-0,00528288632119	-0,00528288632119	-0,00528288632119	-0,00528288632119	-0,00537108748476	-0,00537108748476	-0,00537108748476	-0,00553222181194	-0,00553222181194	-0,00553222181194	-0,00553222181194	-0,00553222181194	-0,00553222181194	-0,00551333347494	-0,00551333347494	-0,00551333347494	-0,00551333347494
117000	-0,0129391749335	-0,0129391749335	-0,0129391749335	-0,0129391749335	-0,0131721971267	-0,0131721971267	-0,0131721971267	-0,0134648971821	-0,0134648971821	-0,0134648971821	-0,0134648971821	-0,0134648971821	-0,0134648971821	-0,0136152924376	-0,0136152924376	-0,0136152924376	-0,0136152924376
117900	0,0384678978884	0,0384678978884	0,0384678978884	0,0384678978884	0,0391465670319	0,0391465670319	0,0391465670319	0,0401013712368	0,0401013712368	0,0401013712368	0,0401013712368	0,0401013712368	0,0401013712368	0,0403440318085	0,0403440318085	0,0403440318085	0,0403440318085
118800	-0,0213357688304	-0,0213357688304	-0,0213357688304	-0,0213357688304	-0,0216971084937	-0,0216971084937	-0,0216971084937	-0,0223705672634	-0,0223705672634	-0,0223705672634	-0,0223705672634	-0,0223705672634	-0,0223705672634	-0,0225822162049	-0,0225822162049	-0,0225822162049	-0,0225822162049
119700	0,066297780764	0,066297780764	0,066297780764	0,066297780764	0,0673431643667	0,0673431643667	0,0673431643667	0,0692878506403	0,0692878506403	0,0692878506403	0,0692878506403	0,0692878506403	0,0692878506403	0,0697093124911	0,0697093124911	0,0697093124911	0,0697093124911
120600	0,192237801375	0,192237801375	0,192237801375	0,192237801375	0,195395520724	0,195395520724	0,195395520724	0,200425414012	0,200425414012	0,200425414012	0,200425414012	0,200425414012	0,200425414012	0,201566875689	0,201566875689	0,201566875689	0,201566875689
121500	-0,206568757373	-0,206568757373	-0,206568757373	-0,206568757373	-0,209922723939	-0,209922723939	-0,209922723939	-0,215401259795	-0,215401259795	-0,215401259795	-0,215401259795	-0,215401259795	-0,215401259795	-0,216521137604	-0,216521137604	-0,216521137604	-0,216521137604
122400	0,190070390447	0,190070390447	0,190070390447	0,190070390447	0,193098806359	0,193098806359	0,193098806359	0,198173322435	0,198173322435	0,198173322435	0,198173322435	0,198173322435	0,198173322435	0,199389850858	0,199389850858	0,199389850858	0,199389850858
123300	0,0434556923582	0,0434556923582	0,0434556923582	0,0434556923582	0,0442767856291	0,0442767856291	0,0442767856291	0,045043397427	0,045043397427	0,045043397427	0,045043397427	0,045043397427	0,045043397427	0,0449687464271	0,0449687464271	0,0449687464271	0,0449687464271
124200	-0,00075233478686	-0,00075233478686	-0,00075233478686	-0,00075233478686	-0,0008271340245	-0,0008271340245	-0,0008271340245	-0,000613792708342	-0,000613792708342	-0,000613792708342	-0,000613792708342	-0,000613792708342	-0,000613792708342	-0,000503080819453	-0,000503080819453	-0,000503080819453	-0,000503080819453
125100	0,0800679433142	0,0800679433142	0,0800679433142	0,0800679433142	0,0814353685902	0,0814353685902	0,0814353685902	0,0832995226238	0,0832995226238	0,0832995226238	0,0832995226238	0,0832995226238	0,0832995226238	0,0837205061708	0,0837205061708	0,0837205061708	0,0837205061708
126000	-0,0299992121245	-0,0299992121245	-0,0299992121245	-0,0299992121245	-0,0304947287944	-0,0304947287944	-0,0304947287944	-0,0311601279713	-0,0311601279713	-0,0311601279713	-0,0311601279713	-0,0311601279713	-0,0311601279713	-0,0312064654588	-0,0312064654588	-0,0312064654588	-0,0312064654588
126900	0,00564223774885	0,00564223774885	0,00564223774885	0,00564223774885	0,00573093528825	0,00573093528825	0,00573093528825	0,00569974892369	0,00569974892369	0,00569974892369	0,00569974892369	0,00569974892369	0,00569974892369	0,00572234466478	0,00572234466478	0,00572234466478	0,00572234466478
127800	-0,0332408051341	-0,0332408051341	-0,0332408051341	-0,0332408051341	-0,033788281195	-0,033788281195	-0,033788281195	-0,0344436292504	-0,0344436292504	-0,0344436292504	-0,0344436292504	-0,0344436292504	-0,0344436292504	-0,034616258226	-0,034616258226	-0,034616258226	-0,034616258226
128700	0,05281926223	0,05281926223	0,05281926223	0,05281926223	0,0536373555356	0,0536373555356	0,0536373555356	0,0552183706735	0,0552183706735	0,0552183706735	0,0552183706735	0,0552183706735	0,0552183706735	0,0555631220146	0,0555631220146	0,0555631220146	0,0555631220146
129600	-0,010160892497	-0,010160892497	-0,010160892497	-0,010160892497	-0,0103214278125	-0,0103214278125	-0,0103214278125	-0,0105394653314	-0,0105394653314	-0,0105394653314	-0,0105394653314	-0,0105394653314	-0,0105394653314	-0,0105543209622	-0,0105543209622	-0,0105543209622	-0,0105543209622
130500	-0,0408401993839	-0,0408401993839	-0,0408401993839	-0,0408401993839	-0,0415446262604	-0,0415446262604	-0,0415446262604	-0,0425493128767	-0,0425493128767	-0,0425493128767	-0,0425493128767	-0,0425493128767	-0,0425493128767	-0,042752123879	-0,042752123879	-0,042752123879	-0,042752123879
131400	0,00577874546564	0,00577874546564	0,00577874546564	0,00577874546564	0,00590321731027	0,00590321731027	0,00590321731027	0,00581032394794	0,00581032394794	0,00581032394794	0,00581032394794	0,00581032394794	0,00581032394794	0,00577233573728	0,00577233573728	0,00577233573728	0,00577233573728
132300	-0,0016965529735	-0,0016965529735	-0,0016965529735	-0,0016965529735	-0,00170427232715	-0,00170427232715	-0,00170427232715	-0,00178008890828	-0,00178008890828	-0,00178008890828	-0,00178008890828	-0,00178008890828	-0,00178008890828	-0,00183488007669	-0,00183488007669	-0,00183488007669	-0,00183488007669
133200	-0,0160040336877	-0,0160040336877	-0,0160040336877	-0,0160040336877	-0,0162496634127	-0,0162496634127	-0,0162496634127	-0,0166921999592	-0,0166921999592	-0,0166921999592	-0,0166921999592	-0,0166921999592	-0,0166921999592	-0,0168246225644	-0,0168246225644	-0,0168246225644	-0,0168246225644
134100	-0,0717749097435	-0,0717749097435	-0,0717749097435	-0,0717749097435	-0,0729324492567	-0,0729324492567	-0,0729324492567	-0,07482389119	-0,07482389119	-0,07482389119	-0,07482389119	-0,07482389119	-0,07482389119	-0,0751946357837	-0,0751946357837	-0,0751946357837	-0,0751946357837
135000	0,0541947516735	0,0541947516735	0,0541947516735	0,0541947516735	0,0550858220875	0,0550858220875	0,0550858220875	0,0565012221894	0,0565012221894	0,0565012221894	0,0565012221894	0,0565012221894	0,0565012221894	0,0568194586025	0,0568194586025	0,0568194586025	0,0568194586025
135900	0,0313616426	0,0313616426	0,0313616426	0,0313616426	0,0318632629986	0,0318632629986	0,0318632629986	0,0327119572027	0,0327119572027	0,0327119572027	0,0327119572027	0,0327119572027	0,0327119572027	0,0328469467492	0,0328469467492	0,0328469467492	0,0328469467492
136800	-0,063322156992	-0,063322156992	-0,063322156992	-0,063322156992	-0,064378856309	-0,064378856309	-0,064378856309	-0,0657972628888	-0,0657972628888	-0,0657972628888	-0,0657972628888	-0,0657972628888	-0,0657972628888	-0,066065767417	-0,066065767417	-0,066065767417	-0,066065767417
137700	0,110496399268	0,110496399268	0,110496399268	0,110496399268	0,112301918264	0,112301918264	0,112301918264	0,11515580355	0,11515580355	0,11515580355	0,11515580355	0,11515580355	0,11515580355	0,115808259567	0,115808259567	0,115808259567	0,115808259567
138600	0,0599826242389	0,0599826242389	0,0599826242389	0,0599826242389	0,0609609140868	0,0609609140868	0,0609609140868	0,0624021067538	0,0624021067538	0,0624021067538	0,0624021067538	0,0624021067538	0,0624021067538	0,0627122887731	0,0627122887731	0,0627122887731	0,0627122887731
139500	-0,18531137094	-0,18531137094	-0,18531137094	-0,18531137094	-0,18834312033	-0,18834312033	-0,18834312033	-0,193116557131	-0,193116557131	-0,193116557131	-0,193116557131	-0,193116557131	-0,193116557131	-0,194123185777	-0,194123185777	-0,194123185777	-0,194123185777
140400	-0,0605935894275	-0,0605935894275	-0,0605935894275	-0,0605935894275	-0,0615932830137	-0,0615932830137	-0,0615932830137	-0,0630761064626	-0,0630761064626	-0,0630761064626	-0,0630761064626	-0,0630761064626	-0,0630761064626	-0,0634573771841	-0,0634573771841	-0,0634573771841	-0,0634573771841
141300	-0,0758661854377	-0,0758661854377	-0,0758661854377	-0,0758661854377	-0,0770617429863	-0,0770617429863	-0,0770617429863	-0,0791226617814	-0,0791226617814	-0,0791226617814	-0,0791226617814	-0,0791226617814	-0,0791226617814	-0,0795886970636	-0,0795886970636	-0,0795886970636	-0,0795886970636
142200	0,0171815719737	0,0171815719737	0,0171815719737	0,0171815719737	0,0174601095848	0,0174601095848	0,0174601095848	0,017850217138	0,017850217138	0,017850217138	0,017850217138	0,017850217138	0,017850217138	0,0179026183496	0,0179026183496	0,0179026183496	0,0179026183496
143100	-0,0217705350113	-0,0217705350113	-0,0217705350113	-0,0217705350113	-0,0221363178634	-0,0221363178634	-0,0221363178634	-0,0226879156418	-0,0226879156418	-0,0226879156418	-0,0226879156418	-0,0226879156418	-0,0226879156418	-0,0227523415867	-0,0227523415867	-0,0227523415867	-0,0227523415867
144000	-0,0630948699448	-0,0630948699448	-0,0630948699448	-0,0630948699448	-0,0641143321918	-0,0641143321918	-0,0641143321918	-0,0658439614075	-0,0658439614075	-0,0658439614075	-0,0658439614075	-0,0658439614075	-0,0658439614075	-0,0663489931022	-0,0663489931022	-0,0663489931022	-0,0663489931022
144900	0,00291481027637	0,00291481027637	0,00291481027637	0,00291481027637	0,00296555526414	0,00296555526414	0,00296555526414	0,00304197861763	0,00304197861763	0,00304197861763	0,00304197861763	0,00304197861763	0,00304197861763	0,00308725799262	0,00308725799262	0,00308725799262	0,00308725799262
145800	0,00942300996997	0,00942300996997	0,00942300996997	0,00942300996997	0,00957129369554	0,00957129369554	0,00957129369554	0,00991294461555	0,00991294461555	0,00991294461555	0,00991294461555	0,00991294461555	0,00991294461555	0,0100021809748	0,0100021809748	0,0100021809748	0,0100021809748
146700	-0,0241719421872	-0,0241719421872	-0,0241719421872	-0,0241719421872	-0,0245757348324	-0,0245757348324	-0,0245757348324	-0,0253116512149	-0,0253116512149	-0,0253116512149	-0,0253116512149	-0,0253116512149	-0,0253116512149	-0,0254796236939	-0,0254796236939	-0,0254796236939	-0,0254796236939
147600	0,000146155507264	0,000146155507264	0,000146155507264	0,000146155507264	0,000138048217347	0,000138048217347	0,000138048217347	0,000205790850153	0,000205790850153	0,000205790850153	0,000205790850153	0,000205790850153	0,000205790850153	0,000254602673097	0,000254602673097	0,000254602673097	0,000254602673097
148500	-0,0169475957622	-0,0169475957622	-0,0169475957622	-0,0169475957622	-0,0172533638382	-0,0172533638382	-0,0172533638382	-0,0176333999808	-0,0176333999808	-0,0176333999808	-0,0176333999808	-0,0176333999808	-0,0176333999808	-0,0177122771644	-0,0177122771644	-0,0177122771644	-0,0177122771644
149400	-0,0239554556967	-0,0239554556967	-0,0239554556967	-0,0239554556967	-0,0244342488297	-0,0244342488297	-0,0244342488297	-0,0246918718906	-0,0246918718906	-0,0246918718906	-0,0246918718906	-0,0246918718906	-0,0246918718906	-0,0247215347395	-0,0247215347395	-0,0247215347395	-0,0247215347395
150300	0,0190742315491	0,0190742315491	0,0190742315491	0,0190742315491	0,0194387714989	0,0194387714989	0,0194387714989	0,0197440613771	0,0197440613771	0,0197440613771	0,0197440613771	0,0197440613771	0,0197440613771	0,0197926680876	0,0197926680876	0,0197926680876	0,0197926680876
151200	-0,0206300925126	-0,0206300925126	-0,0206300925126	-0,0206300925126	-0,0210110823473	-0,0210110823473	-0,0210110823473	-0,0214209870571	-0,0214209870571	-0,0214209870571	-0,0214209870571	-0,0214209870571	-0,0214209870571	-0,0215561015746	-0,0215561015746	-0,0215561015746	-0,0215561015746
152100	0,00114577541747	0,00114577541747	0,00114577541747	0,00114577541747	0,00118245290381	0,00118245290381	0,00118245290381	0,00111211161129	0,00111211161129	0,00111211161129	0,00111211161129	0,00111211161129	0,00111211161129	0,00114495231658	0,00114495231658	0,00114495231658	0,00114495231658
153000	-0,00116524980752	-0,00116524980752	-0,00116524980752	-0,00116524980752	-0,00112552666724	-0,00112552666724	-0,00112552666724	-0,00151614182447	-0,00151614182447	-0,00151614182447	-0,00151614182447	-0,00151614182447	-0,00151614182447	-0,0016804319616	-0,0016804319616	-0,0016804319616	-0,0016804319616
153900	-0,0112530617122	-0,0112530617122	-0,0112530617122	-0,0112530617122	-0,011435674217	-0,011435674217	-0,011435674217	-0,0118105011837	-0,0118105011837	-0,0118105011837	-0,0118105011837	-0,0118105011837	-0,0118105011837	-0,0119211878346	-0,0119211878346	-0,0119211878346	-0,0119211878346
154800	-0,00395038944553	-0,00395038944553	-0,00395038944553	-0,00395038944553	-0,00399911806653	-0,00399911806653	-0,00399911806653	-0,00422296978322	-0,00422296978322	-0,00422296978322	-0,00422296978322	-0,00422296978322	-0,00422296978322	-0,00431775817475	-0,00431775817475	-0,00431775817475	-0,00431775817475
155700	0,00256210105993	0,00256210105993	0,00256210105993	0,00256210105993	0,00259486412472	0,00259486412472	0,00259486412472	0,0027330906271	0,0027330906271	0,0027330906271	0,0027330906271	0,0027330906271	0,0027330906271	0,00275908232973	0,00275908232973	0,00275908232973	0,00275908232973
156600	0,010538589404	0,010538589404	0,010538589404	0,010538589404	0,0107336951711	0,0107336951711	0,0107336951711	0,01094019251	0,01094019251	0,01094019251	0,01094019251	0,01094019251	0,01094019251	0,0109830760777	0,0109830760777	0,0109830760777	0,0109830760777
157500	-0,0128658285108	-0,0128658285108	-0,0128658285108	-0,0128658285108	-0,0131296506356	-0,0131296506356	-0,0131296506356	-0,013227955828	-0,013227955828	-0,013227955828	-0,013227955828	-0,013227955828	-0,013227955828	-0,0131033831166	-0,0131033831166	-0,0131033831166	-0,0131033831166
158400	0,00888184618661	0,00888184618661	0,00888184618661	0,00888184618661	0,00902954393171	0,00902954393171	0,00902954393171	0,00930399980058	0,00930399980058	0,00930399980058	0,00930399980058	0,00930399980058	0,00930399980058	0,0093946346555	0,0093946346555	0,0093946346555	0,0093946346555
159300	0,00580133699477	0,00580133699477	0,00580133699477	0,00580133699477	0,00589106891748	0,00589106891748	0,00589106891748	0,00611076879868	0,00611076879868	0,00611076879868	0,00611076879868	0,00611076879868	0,00611076879868	0,0061238192747	0,0061238192747	0,0061238192747	0,0061238192747
160200	0,0270780193985	0,0270780193985	0,0270780193985	0,0270780193985	0,0275472292336	0,0275472292336	0,0275472292336	0,0282704007202	0,0282704007202	0,0282704007202	0,0282704007202	0,0282704007202	0,0282704007202	0,0283959953261	0,0283959953261	0,0283959953261	0,0283959953261
161100	-0,00200254281687	-0,00200254281687	-0,00200254281687	-0,00200254281687	-0,00201945796625	-0,00201945796625	-0,00201945796625	-0,00217965140146	-0,00217965140146	-0,00217965140146	-0,00217965140146	-0,00217965140146	-0,00217965140146	-0,00222464354001	-0,00222464354001	-0,00222464354001	-0,00222464354001
162000	0,00783552868761	0,00783552868761	0,00783552868761	0,00783552868761	0,00797302191007	0,00797302191007	0,00797302191007	0,00817198796073	0,00817198796073	0,00817198796073	0,00817198796073	0,00817198796073	0,00817198796073	0,00823612461782	0,00823612461782	0,00823612461782	0,00823612461782
162900	-0,00343603216725	-0,00343603216725	-0,00343603216725	-0,00343603216725	-0,00349045808128	-0,00349045808128	-0,00349045808128	-0,00361292216006	-0,00361292216006	-0,00361292216006	-0,00361292216006	-0,00361292216006	-0,00361292216006	-0,00364063108433	-0,00364063108433	-0,00364063108433	-0,00364063108433
163800	0,00230229911273	0,00230229911273	0,00230229911273	0,00230229911273	0,00232535018837	0,00232535018837	0,00232535018837	0,00248789812931	0,00248789812931	0,00248789812931	0,00248789812931	0,00248789812931	0,00248789812931	0,00250747236087	0,00250747236087	0,00250747236087	0,00250747236087
164700	0,0111491461808	0,0111491461808	0,0111491461808	0,0111491461808	0,0113294720684	0,0113294720684	0,0113294720684	0,011704447558	0,011704447558	0,011704447558	0,011704447558	0,011704447558	0,011704447558	0,0118160255938	0,0118160255938	0,0118160255938	0,0118160255938
165600	0,00221126668548	0,00221126668548	0,00221126668548	0,00221126668548	0,00224884107838	0,00224884107838	0,00224884107838	0,00231235233429	0,00231235233429	0,00231235233429	0,00231235233429	0,00231235233429	0,00231235233429	0,00233285682652	0,00233285682652	0,00233285682652	0,00233285682652
166500	-0,000481133036374	-0,000481133036374	-0,000481133036374	-0,000481133036374	-0,000482068745077	-0,000482068745077	-0,000482068745077	-0,0005393266261	-0,0005393266261	-0,0005393266261	-0,0005393266261	-0,0005393266261	-0,0005393266261	-0,000546915894241	-0,000546915894241	-0,000546915894241	-0,000546915894241
167400	0,00793558264907	0,00793558264907	0,00793558264907	0,00793558264907	0,00806993414608	0,00806993414608	0,00806993414608	0,00830080864425	0,00830080864425	0,00830080864425	0,00830080864425	0,00830080864425	0,00830080864425	0,00833568907859	0,00833568907859	0,00833568907859	0,00833568907859
168300	0,00820649556366	0,00820649556366	0,00820649556366	0,00820649556366	0,00834676953521	0,00834676953521	0,00834676953521	0,00857751077228	0,00857751077228	0,00857751077228	0,00857751077228	0,00857751077228	0,00857751077228	0,00863373231338	0,00863373231338	0,00863373231338	0,00863373231338
169200	-0,00342239914544	-0,00342239914544	-0,00342239914544	-0,00342239914544	-0,00348839861805	-0,00348839861805	-0,00348839861805	-0,00353962431591	-0,00353962431591	-0,00353962431591	-0,00353962431591	-0,00353962431591	-0,00353962431591	-0,00353447422391	-0,00353447422391	-0,00353447422391	-0,00353447422391
170100	0,000573987821796	0,000573987821796	0,000573987821796	0,000573987821796	0,00058191303915	0,00058191303915	0,00058191303915	0,000609367681985	0,000609367681985	0,000609367681985	0,000609367681985	0,000609367681985	0,000609367681985	0,000616287938071	0,000616287938071	0,000616287938071	0,000616287938071
171000	0,0129717227482	0,0129717227482	0,0129717227482	0,0129717227482	0,0132065964185	0,0132065964185	0,0132065964185	0,0134924362568	0,0134924362568	0,0134924362568	0,0134924362568	0,0134924362568	0,0134924362568	0,0135507958317	0,0135507958317	0,0135507958317	0,0135507958317
171900	-0,000162755245462	-0,000162755245462	-0,000162755245462	-0,000162755245462	-0,000157021022884	-0,000157021022884	-0,000157021022884	-0,000212694424924	-0,000212694424924	-0,000212694424924	-0,000212694424924	-0,000212694424924	-0,000212694424924	-0,000226924964591	-0,000226924964591	-0,000226924964591	-0,000226924964591
172800	0,00103845627724	0,00103845627724	0,00103845627724	0,00103845627724	0,00105340928297	0,00105340928297	0,00105340928297	0,00109939168221	0,00109939168221	0,00109939168221	0,00109939168221	0,00109939168221	0,00109939168221	0,00109702406341	0,00109702406341	0,00109702406341	0,00109702406341
173700	0,0096463931655	0,0096463931655	0,0096463931655	0,0096463931655	0,0098070526083	0,0098070526083	0,0098070526083	0,0101036398579	0,0101036398579	0,0101036398579	0,0101036398579	0,0101036398579	0,0101036398579	0,0101549426714	0,0101549426714	0,0101549426714	0,0101549426714
174600	-0,00572956822455	-0,00572956822455	-0,00572956822455	-0,00572956822455	-0,00582661783607	-0,00582661783607	-0,00582661783607	-0,00599303237374	-0,00599303237374	-0,00599303237374	-0,00599303237374	-0,00599303237374	-0,00599303237374	-0,00601639458237	-0,00601639458237	-0,00601639458237	-0,00601639458237
175500	0,0130101096427	0,0130101096427	0,0130101096427	0,0130101096427	0,013233692562	0,013233692562	0,013233692562	0,0135922931195	0,0135922931195	0,0135922931195	0,0135922931195	0,0135922931195	0,0135922931195	0,013693599149	0,013693599149	0,013693599149	0,013693599149
176400	0,00717387513181	0,00717387513181	0,00717387513181	0,00717387513181	0,00728213011716	0,00728213011716	0,00728213011716	0,00757004743843	0,00757004743843	0,00757004743843	0,00757004743843	0,00757004743843	0,00757004743843	0,00764049087641	0,00764049087641	0,00764049087641	0,00764049087641
177300	0,000535276713617	0,000535276713617	0,000535276713617	0,000535276713617	0,000562020533016	0,000562020533016	0,000562020533016	0,000471504983337	0,000471504983337	0,000471504983337	0,000471504983337	0,000471504983337	0,000471504983337	0,000452215058673	0,000452215058673	0,000452215058673	0,000452215058673
178200	0,00353639266001	0,00353639266001	0,00353639266001	0,00353639266001	0,00359055032222	0,00359055032222	0,00359055032222	0,00372772300231	0,00372772300231	0,00372772300231	0,00372772300231	0,00372772300231	0,00372772300231	0,00374002742625	0,00374002742625	0,00374002742625	0,00374002742625
179100	-0,00697746651091	-0,00697746651091	-0,00697746651091	-0,00697746651091	-0,0070951301998	-0,0070951301998	-0,0070951301998	-0,00730092957298	-0,00730092957298	-0,00730092957298	-0,00730092957298	-0,00730092957298	-0,00730092957298	-0,00734349671875	-0,00734349671875	-0,00734349671875	-0,00734349671875
180000	0,00821207203817	0,00821207203817	0,00821207203817	0,00821207203817	0,00835025166019	0,00835025166019	0,00835025166019	0,00859428770133	0,00859428770133	0,00859428770133	0,00859428770133	0,00859428770133	0,00859428770133	0,00864884537635	0,00864884537635	0,00864884537635	0,00864884537635
180900	0,00643998514458	0,00643998514458	0,00643998514458	0,00643998514458	0,00654169474177	0,00654169474177	0,00654169474177	0,00677298320519	0,00677298320519	0,00677298320519	0,00677298320519	0,00677298320519	0,00677298320519	0,00684643755743	0,00684643755743	0,00684643755743	0,00684643755743
181800	0,00105609349906	0,00105609349906	0,00105609349906	0,00105609349906	0,00107278519617	0,00107278519617	0,00107278519617	0,00111064019363	0,00111064019363	0,00111064019363	0,00111064019363	0,00111064019363	0,00111064019363	0,0011076616475	0,0011076616475	0,0011076616475	0,0011076616475
182700	1,47841418463e-05	1,47841418463e-05	1,47841418463e-05	1,47841418463e-05	2,28440450883e-05	2,28440450883e-05	2,28440450883e-05	-2,35834545795e-05	-2,35834545795e-05	-2,35834545795e-05	-2,35834545795e-05	-2,35834545795e-05	-2,35834545795e-05	-3,82081737068e-05	-3,82081737068e-05	-3,82081737068e-05	-3,82081737068e-05
183600	-0,000893208568201	-0,000893208568201	-0,000893208568201	-0,000893208568201	-0,000911621923084	-0,000911621923084	-0,000911621923084	-0,00091786196017	-0,00091786196017	-0,00091786196017	-0,00091786196017	-0,00091786196017	-0,00091786196017	-0,000928014538749	-0,000928014538749	-0,000928014538749	-0,000928014538749
184500	0,00291701492912	0,00291701492912	0,00291701492912	0,00291701492912	0,00297011586138	0,00297011586138	0,00297011586138	0,00303269164075	0,00303269164075	0,00303269164075	0,00303269164075	0,00303269164075	0,00303269164075	0,00304913168684	0,00304913168684	0,00304913168684	0,00304913168684
185400	-0,00360227287092	-0,00360227287092	-0,00360227287092	-0,00360227287092	-0,00366892383302	-0,00366892383302	-0,00366892383302	-0,00373974562023	-0,00373974562023	-0,00373974562023	-0,00373974562023	-0,00373974562023	-0,00373974562023	-0,00373478122137	-0,00373478122137	-0,00373478122137	-0,00373478122137
186300	0,00644595067542	0,00644595067542	0,00644595067542	0,00644595067542	0,00655598005569	0,00655598005569	0,00655598005569	0,00673812936754	0,00673812936754	0,00673812936754	0,00673812936754	0,00673812936754	0,00673812936754	0,0067633935006	0,0067633935006	0,0067633935006	0,0067633935006
187200	-0,00238446160996	-0,00238446160996	-0,00238446160996	-0,00238446160996	-0,00242445060903	-0,00242445060903	-0,00242445060903	-0,00249610650156	-0,00249610650156	-0,00249610650156	-0,00249610650156	-0,00249610650156	-0,00249610650156	-0,00251374200786	-0,00251374200786	-0,00251374200786	-0,00251374200786
188100	0,0011228166654	0,0011228166654	0,0011228166654	0,0011228166654	0,00114324044625	0,00114324044625	0,00114324044625	0,00116742200162	0,00116742200162	0,00116742200162	0,00116742200162	0,00116742200162	0,00116742200162	0,00117355656788	0,00117355656788	0,00117355656788	0,00117355656788
189000	-0,000241604001803	-0,000241604001803	-0,000241604001803	-0,000241604001803	-0,000244245067794	-0,000244245067794	-0,000244245067794	-0,000259970312012	-0,000259970312012	-0,000259970312012	-0,000259970312012	-0,000259970312012	-0,000259970312012	-0,000251581288345	-0,000251581288345	-0,000251581288345	-0,000251581288345
189900	0,000874793233652	0,000874793233652	0,000874793233652	0,000874793233652	0,000890680304807	0,000890680304807	0,000890680304807	0,000909671617713	0,000909671617713	0,000909671617713	0,000909671617713	0,000909671617713	0,000909671617713	0,00090769847493	0,00090769847493	0,00090769847493	0,00090769847493
190800	5,40139918182e-05	5,40139918182e-05	5,40139918182e-05	5,40139918182e-05	5,07981480041e-05	5,07981480041e-05	5,07981480041e-05	7,71514976501e-05	7,71514976501e-05	7,71514976501e-05	7,71514976501e-05	7,71514976501e-05	7,71514976501e-05	8,13221994273e-05	8,13221994273e-05	8,13221994273e-05	8,13221994273e-05
191700	-0,00361446330362	-0,00361446330362	-0,00361446330362	-0,00361446330362	-0,00367887539957	-0,00367887539957	-0,00367887539957	-0,00376472337072	-0,00376472337072	-0,00376472337072	-0,00376472337072	-0,00376472337072	-0,00376472337072	-0,00378115066442	-0,00378115066442	-0,00378115066442	-0,00378115066442
192600	-0,00403950738091	-0,00403950738091	-0,00403950738091	-0,00403950738091	-0,00410522644443	-0,00410522644443	-0,00410522644443	-0,00423877530978	-0,00423877530978	-0,00423877530978	-0,00423877530978	-0,00423877530978	-0,00423877530978	-0,00428805748746	-0,00428805748746	-0,00428805748746	-0,00428805748746
193500	0,00423410040542	0,00423410040542	0,00423410040542	0,00423410040542	0,00430653655703	0,00430653655703	0,00430653655703	0,00442521136735	0,00442521136735	0,00442521136735	0,00442521136735	0,00442521136735	0,00442521136735	0,00447282950945	0,00447282950945	0,00447282950945	0,00447282950945
194400	-0,00245313005817	-0,00245313005817	-0,00245313005817	-0,00245313005817	-0,00249283035322	-0,00249283035322	-0,00249283035322	-0,00257519172953	-0,00257519172953	-0,00257519172953	-0,00257519172953	-0,00257519172953	-0,00257519172953	-0,00259279304598	-0,00259279304598	-0,00259279304598	-0,00259279304598
195300	-0,00221483303546	-0,00221483303546	-0,00221483303546	-0,00221483303546	-0,00225813383283	-0,00225813383283	-0,00225813383283	-0,0022877526954	-0,0022877526954	-0,0022877526954	-0,0022877526954	-0,0022877526954	-0,0022877526954	-0,00229679759738	-0,00229679759738	-0,00229679759738	-0,00229679759738
196200	-0,00347978495911	-0,00347978495911	-0,00347978495911	-0,00347978495911	-0,00353705871078	-0,00353705871078	-0,00353705871078	-0,00364813763399	-0,00364813763399	-0,00364813763399	-0,00364813763399	-0,00364813763399	-0,00364813763399	-0,00368005727378	-0,00368005727378	-0,00368005727378	-0,00368005727378
197100	-0,0021905170127	-0,0021905170127	-0,0021905170127	-0,0021905170127	-0,00222788799759	-0,00222788799759	-0,00222788799759	-0,00228990823504	-0,00228990823504	-0,00228990823504	-0,00228990823504	-0,00228990823504	-0,00228990823504	-0,00230651605313	-0,00230651605313	-0,00230651605313	-0,00230651605313
198000	-0,00166866274364	-0,00166866274364	-0,00166866274364	-0,00166866274364	-0,00169611156953	-0,00169611156953	-0,00169611156953	-0,00174947137417	-0,00174947137417	-0,00174947137417	-0,00174947137417	-0,00174947137417	-0,00174947137417	-0,00174582229083	-0,00174582229083	-0,00174582229083	-0,00174582229083
198900	-0,00131514019458	-0,00131514019458	-0,00131514019458	-0,00131514019458	-0,00133198150716	-0,00133198150716	-0,00133198150716	-0,00140278977821	-0,00140278977821	-0,00140278977821	-0,00140278977821	-0,00140278977821	-0,00140278977821	-0,00140937525284	-0,00140937525284	-0,00140937525284	-0,00140937525284
199800	-0,00163773276272	-0,00163773276272	-0,00163773276272	-0,00163773276272	-0,0016627008093	-0,0016627008093	-0,0016627008093	-0,00172690350986	-0,00172690350986	-0,00172690350986	-0,00172690350986	-0,00172690350986	-0,00172690350986	-0,00178209151609	-0,00178209151609	-0,00178209151609	-0,00178209151609
200700	-0,0128841202236	-0,0128841202236	-0,0128841202236	-0,0128841202236	-0,0131020913092	-0,0131020913092	-0,0131020913092	-0,0134778991826	-0,0134778991826	-0,0134778991826	-0,0134778991826	-0,0134778991826	-0,0134778991826	-0,0135821783777	-0,0135821783777	-0,0135821783777	-0,0135821783777
201600	-0,0220676011591	-0,0220676011591	-0,0220676011591	-0,0220676011591	-0,0224708578264	-0,0224708578264	-0,0224708578264	-0,0229350049889	-0,0229350049889	-0,0229350049889	-0,0229350049889	-0,0229350049889	-0,0229350049889	-0,0230057971893	-0,0230057971893	-0,0230057971893	-0,0230057971893
202500	0,0108275034427	0,0108275034427	0,0108275034427	0,0108275034427	0,0110375187155	0,0110375187155	0,0110375187155	0,0111923127523	0,0111923127523	0,0111923127523	0,0111923127523	0,0111923127523	0,0111923127523	0,0111917038162	0,0111917038162	0,0111917038162	0,0111917038162
203400	-0,0267049584855	-0,0267049584855	-0,0267049584855	-0,0267049584855	-0,0271667970362	-0,0271667970362	-0,0271667970362	-0,0278854402782	-0,0278854402782	-0,0278854402782	-0,0278854402782	-0,0278854402782	-0,0278854402782	-0,0280147974048	-0,0280147974048	-0,0280147974048	-0,0280147974048
204300	-0,00595282173451	-0,00595282173451	-0,00595282173451	-0,00595282173451	-0,00603340944435	-0,00603340944435	-0,00603340944435	-0,00632776907875	-0,00632776907875	-0,00632776907875	-0,00632776907875	-0,00632776907875	-0,00632776907875	-0,00640413550379	-0,00640413550379	-0,00640413550379	-0,00640413550379
205200	-0,0297287349709	-0,0297287349709	-0,0297287349709	-0,0297287349709	-0,030234954601	-0,030234954601	-0,030234954601	-0,0310824664371	-0,0310824664371	-0,0310824664371	-0,0310824664371	-0,0310824664371	-0,0310824664371	-0,031252596627	-0,031252596627	-0,031252596627	-0,031252596627
206100	0,00111525423687	0,00111525423687	0,00111525423687	0,00111525423687	0,00108394507818	0,00108394507818	0,00108394507818	0,00141753987888	0,00141753987888	0,00141753987888	0,00141753987888	0,00141753987888	0,00141753987888	0,001421995426	0,001421995426	0,001421995426	0,001421995426
207000	0,0580306592016	0,0580306592016	0,0580306592016	0,0580306592016	0,0590460608836	0,0590460608836	0,0590460608836	0,060229817757	0,060229817757	0,060229817757	0,060229817757	0,060229817757	0,060229817757	0,0605275458399	0,0605275458399	0,0605275458399	0,0605275458399
207900	-0,00170921106234	-0,00170921106234	-0,00170921106234	-0,00170921106234	-0,00180597573656	-0,00180597573656	-0,00180597573656	-0,00163374022013	-0,00163374022013	-0,00163374022013	-0,00163374022013	-0,00163374022013	-0,00163374022013	-0,00162303965702	-0,00162303965702	-0,00162303965702	-0,00162303965702
208800	0,0812680601319	0,0812680601319	0,0812680601319	0,0812680601319	0,0826435542723	0,0826435542723	0,0826435542723	0,0845979367656	0,0845979367656	0,0845979367656	0,0845979367656	0,0845979367656	0,0845979367656	0,0850373873741	0,0850373873741	0,0850373873741	0,0850373873741
209700	0,0674317676873	0,0674317676873	0,0674317676873	0,0674317676873	0,0684592846621	0,0684592846621	0,0684592846621	0,0704720340667	0,0704720340667	0,0704720340667	0,0704720340667	0,0704720340667	0,0704720340667	0,0710740580025	0,0710740580025	0,0710740580025	0,0710740580025
210600	-0,0695154671135	-0,0695154671135	-0,0695154671135	-0,0695154671135	-0,0705747725587	-0,0705747725587	-0,0705747725587	-0,0727009951052	-0,0727009951052	-0,0727009951052	-0,0727009951052	-0,0727009951052	-0,0727009951052	-0,0732277720845	-0,0732277720845	-0,0732277720845	-0,0732277720845
211500	0,143159167616	0,143159167616	0,143159167616	0,143159167616	0,145420026016	0,145420026016	0,145420026016	0,149698917706	0,149698917706	0,149698917706	0,149698917706	0,149698917706	0,149698917706	0,150717929528	0,150717929528	0,150717929528	0,150717929528
212400	-0,114900771914	-0,114900771914	-0,114900771914	-0,114900771914	-0,116753917061	-0,116753917061	-0,116753917061	-0,119905892069	-0,119905892069	-0,119905892069	-0,119905892069	-0,119905892069	-0,119905892069	-0,120714467938	-0,120714467938	-0,120714467938	-0,120714467938
213300	0,107722710589	0,107722710589	0,107722710589	0,107722710589	0,109540763727	0,109540763727	0,109540763727	0,112172936709	0,112172936709	0,112172936709	0,112172936709	0,112172936709	0,112172936709	0,112770286799	0,112770286799	0,112770286799	0,112770286799
214200	0,0721653816713	0,0721653816713	0,0721653816713	0,0721653816713	0,0733476481999	0,0733476481999	0,0733476481999	0,0751478506191	0,0751478506191	0,0751478506191	0,0751478506191	0,0751478506191	0,0751478506191	0,0755047977659	0,0755047977659	0,0755047977659	0,0755047977659
215100	-0,141571314318	-0,141571314318	-0,141571314318	-0,141571314318	-0,14394375905	-0,14394375905	-0,14394375905	-0,147570450332	-0,147570450332	-0,147570450332	-0,147570450332	-0,147570450332	-0,147570450332	-0,148428165832	-0,148428165832	-0,148428165832	-0,148428165832
216000	0,0966797792284	0,0966797792284	0,0966797792284	0,0966797792284	0,0983552465928	0,0983552465928	0,0983552465928	0,100531795922	0,100531795922	0,100531795922	0,100531795922	0,100531795922	0,100531795922	0,100980429942	0,100980429942	0,100980429942	0,100980429942
216900	0,0783963811225	0,0783963811225	0,0783963811225	0,0783963811225	0,07965624696	0,07965624696	0,07965624696	0,0817205032539	0,0817205032539	0,0817205032539	0,0817205032539	0,0817205032539	0,0817205032539	0,0822574357074	0,0822574357074	0,0822574357074	0,0822574357074
217800	-0,18432757485	-0,18432757485	-0,18432757485	-0,18432757485	-0,187368147438	-0,187368147438	-0,187368147438	-0,19203449164	-0,19203449164	-0,19203449164	-0,19203449164	-0,19203449164	-0,19203449164	-0,192952479608	-0,192952479608	-0,192952479608	-0,192952479608
218700	0,0883273728124	0,0883273728124	0,0883273728124	0,0883273728124	0,0897466855508	0,0897466855508	0,0897466855508	0,0922676280332	0,0922676280332	0,0922676280332	0,0922676280332	0,0922676280332	0,0922676280332	0,0927357251385	0,0927357251385	0,0927357251385	0,0927357251385
219600	0,131595538802	0,131595538802	0,131595538802	0,131595538802	0,133773112464	0,133773112464	0,133773112464	0,136940175832	0,136940175832	0,136940175832	0,136940175832	0,136940175832	0,136940175832	0,13759245709	0,13759245709	0,13759245709	0,13759245709
220500	0,0744034082636	0,0744034082636	0,0744034082636	0,0744034082636	0,0755277258264	0,0755277258264	0,0755277258264	0,0779532869158	0,0779532869158	0,0779532869158	0,0779532869158	0,0779532869158	0,0779532869158	0,0785382493246	0,0785382493246	0,0785382493246	0,0785382493246
221400	0,0466946591225	0,0466946591225	0,0466946591225	0,0466946591225	0,0474801929234	0,0474801929234	0,0474801929234	0,0486925060344	0,0486925060344	0,0486925060344	0,0486925060344	0,0486925060344	0,0486925060344	0,048978086683	0,048978086683	0,048978086683	0,048978086683
222300	-0,330547343936	-0,330547343936	-0,330547343936	-0,330547343936	-0,335959358819	-0,335959358819	-0,335959358819	-0,344530123391	-0,344530123391	-0,344530123391	-0,344530123391	-0,344530123391	-0,344530123391	-0,346459896015	-0,346459896015	-0,346459896015	-0,346459896015
223200	-0,140879189711	-0,140879189711	-0,140879189711	-0,140879189711	-0,143188410154	-0,143188410154	-0,143188410154	-0,146948545892	-0,146948545892	-0,146948545892	-0,146948545892	-0,146948545892	-0,146948545892	-0,147842422991	-0,147842422991	-0,147842422991	-0,147842422991
224100	0,113481689285	0,113481689285	0,113481689285	0,113481689285	0,115372901393	0,115372901393	0,115372901393	0,118112319457	0,118112319457	0,118112319457	0,118112319457	0,118112319457	0,118112319457	0,118907316202	0,118907316202	0,118907316202	0,118907316202
225000	0,0103133438435	0,0103133438435	0,0103133438435	0,0103133438435	0,0105622321338	0,0105622321338	0,0105622321338	0,010486646403	0,010486646403	0,010486646403	0,010486646403	0,010486646403	0,010486646403	0,010335989915	0,010335989915	0,010335989915	0,010335989915
225900	-0,0432952944718	-0,0432952944718	-0,0432952944718	-0,0432952944718	-0,0440180923104	-0,0440180923104	-0,0440180923104	-0,044955929859	-0,044955929859	-0,044955929859	-0,044955929859	-0,044955929859	-0,044955929859	-0,0450508134831	-0,0450508134831	-0,0450508134831	-0,0450508134831
226800	-0,0917889439321	-0,0917889439321	-0,0917889439321	-0,0917889439321	-0,0933084689211	-0,0933084689211	-0,0933084689211	-0,0955543075382	-0,0955543075382	-0,0955543075382	-0,0955543075382	-0,0955543075382	-0,0955543075382	-0,0960354040998	-0,0960354040998	-0,0960354040998	-0,0960354040998
227700	0,0345869161991	0,0345869161991	0,0345869161991	0,0345869161991	0,0351430599882	0,0351430599882	0,0351430599882	0,0362131525002	0,0362131525002	0,0362131525002	0,0362131525002	0,0362131525002	0,0362131525002	0,0364568405252	0,0364568405252	0,0364568405252	0,0364568405252
228600	-0,0100535838786	-0,0100535838786	-0,0100535838786	-0,0100535838786	-0,0101871015949	-0,0101871015949	-0,0101871015949	-0,0106088018011	-0,0106088018011	-0,0106088018011	-0,0106088018011	-0,0106088018011	-0,0106088018011	-0,0107551251818	-0,0107551251818	-0,0107551251818	-0,0107551251818
229500	-0,0351342752742	-0,0351342752742	-0,0351342752742	-0,0351342752742	-0,035708060565	-0,035708060565	-0,035708060565	-0,0366839520755	-0,0366839520755	-0,0366839520755	-0,0366839520755	-0,0366839520755	-0,0366839520755	-0,0369295658209	-0,0369295658209	-0,0369295658209	-0,0369295658209
230400	-0,0311560867504	-0,0311560867504	-0,0311560867504	-0,0311560867504	-0,0316803082264	-0,0316803082264	-0,0316803082264	-0,0325100102212	-0,0325100102212	-0,0325100102212	-0,0325100102212	-0,0325100102212	-0,0325100102212	-0,0327354327097	-0,0327354327097	-0,0327354327097	-0,0327354327097
231300	0,0244023060344	0,0244023060344	0,0244023060344	0,0244023060344	0,0248258905673	0,0248258905673	0,0248258905673	0,0254731764444	0,0254731764444	0,0254731764444	0,0254731764444	0,0254731764444	0,0254731764444	0,0256185111609	0,0256185111609	0,0256185111609	0,0256185111609
232200	-0,0169764288936	-0,0169764288936	-0,0169764288936	-0,0169764288936	-0,0172636227948	-0,0172636227948	-0,0172636227948	-0,0177588739855	-0,0177588739855	-0,0177588739855	-0,0177588739855	-0,0177588739855	-0,0177588739855	-0,0178783015966	-0,0178783015966	-0,0178783015966	-0,0178783015966
233100	-0,0137357731422	-0,0137357731422	-0,0137357731422	-0,0137357731422	-0,0139978281291	-0,0139978281291	-0,0139978281291	-0,0142204236634	-0,0142204236634	-0,0142204236634	-0,0142204236634	-0,0142204236634	-0,0142204236634	-0,0142542093863	-0,0142542093863	-0,0142542093863	-0,0142542093863
234000	0,0207157229858	0,0207157229858	0,0207157229858	0,0207157229858	0,0210684472879	0,0210684472879	0,0210684472879	0,0216591500956	0,0216591500956	0,0216591500956	0,0216591500956	0,0216591500956	0,0216591500956	0,0217668569269	0,0217668569269	0,0217668569269	0,0217668569269
234900	-0,017687630502	-0,017687630502	-0,017687630502	-0,017687630502	-0,0180224871338	-0,0180224871338	-0,0180224871338	-0,0183246954618	-0,0183246954618	-0,0183246954618	-0,0183246954618	-0,0183246954618	-0,0183246954618	-0,0183781879435	-0,0183781879435	-0,0183781879435	-0,0183781879435
235800	-0,00947484388313	-0,00947484388313	-0,00947484388313	-0,00947484388313	-0,00965121740628	-0,00965121740628	-0,00965121740628	-0,00983110173732	-0,00983110173732	-0,00983110173732	-0,00983110173732	-0,00983110173732	-0,00983110173732	-0,00978676275872	-0,00978676275872	-0,00978676275872	-0,00978676275872
236700	0,0122015015041	0,0122015015041	0,0122015015041	0,0122015015041	0,0124325077729	0,0124325077729	0,0124325077729	0,0126409026411	0,0126409026411	0,0126409026411	0,0126409026411	0,0126409026411	0,0126409026411	0,0126284692719	0,0126284692719	0,0126284692719	0,0126284692719
237600	0,00204987139174	0,00204987139174	0,00204987139174	0,00204987139174	0,00209789354446	0,00209789354446	0,00209789354446	0,00207762656352	0,00207762656352	0,00207762656352	0,00207762656352	0,00207762656352	0,00207762656352	0,00206528029794	0,00206528029794	0,00206528029794	0,00206528029794
238500	-0,00689547879792	-0,00689547879792	-0,00689547879792	-0,00689547879792	-0,00703610769127	-0,00703610769127	-0,00703610769127	-0,0070934004154	-0,0070934004154	-0,0070934004154	-0,0070934004154	-0,0070934004154	-0,0070934004154	-0,00706953070033	-0,00706953070033	-0,00706953070033	-0,00706953070033
239400	-0,013485092482	-0,013485092482	-0,013485092482	-0,013485092482	-0,0136913732452	-0,0136913732452	-0,0136913732452	-0,014215861437	-0,014215861437	-0,014215861437	-0,014215861437	-0,014215861437	-0,014215861437	-0,0143655909077	-0,0143655909077	-0,0143655909077	-0,0143655909077
240300	-0,010314585334	-0,010314585334	-0,010314585334	-0,010314585334	-0,0104567742377	-0,0104567742377	-0,0104567742377	-0,0109515053175	-0,0109515053175	-0,0109515053175	-0,0109515053175	-0,0109515053175	-0,0109515053175	-0,0110562909625	-0,0110562909625	-0,0110562909625	-0,0110562909625
241200	-0,00363451732189	-0,00363451732189	-0,00363451732189	-0,00363451732189	-0,00370384951423	-0,00370384951423	-0,00370384951423	-0,00376279977621	-0,00376279977621	-0,00376279977621	-0,00376279977621	-0,00376279977621	-0,00376279977621	-0,00376309590911	-0,00376309590911	-0,00376309590911	-0,00376309590911
242100	0,00557206703852	0,00557206703852	0,00557206703852	0,00557206703852	0,00567419392301	0,00567419392301	0,00567419392301	0,0057895640289	0,0057895640289	0,0057895640289	0,0057895640289	0,0057895640289	0,0057895640289	0,00578016998388	0,00578016998388	0,00578016998388	0,00578016998388
243000	-0,00724529204908	-0,00724529204908	-0,00724529204908	-0,00724529204908	-0,00737093463346	-0,00737093463346	-0,00737093463346	-0,00756385961328	-0,00756385961328	-0,00756385961328	-0,00756385961328	-0,00756385961328	-0,00756385961328	-0,00754675799893	-0,00754675799893	-0,00754675799893	-0,00754675799893
243900	-0,0241077415997	-0,0241077415997	-0,0241077415997	-0,0241077415997	-0,0245242446036	-0,0245242446036	-0,0245242446036	-0,0251755160716	-0,0251755160716	-0,0251755160716	-0,0251755160716	-0,0251755160716	-0,0251755160716	-0,0253560810389	-0,0253560810389	-0,0253560810389	-0,0253560810389
244800	0,0101215996025	0,0101215996025	0,0101215996025	0,0101215996025	0,0102741493401	0,0102741493401	0,0102741493401	0,0106814977531	0,0106814977531	0,0106814977531	0,0106814977531	0,0106814977531	0,0106814977531	0,0108582146259	0,0108582146259	0,0108582146259	0,0108582146259
245700	0,0179164237553	0,0179164237553	0,0179164237553	0,0179164237553	0,0181607742533	0,0181607742533	0,0181607742533	0,0190359115214	0,0190359115214	0,0190359115214	0,0190359115214	0,0190359115214	0,0190359115214	0,0191692975057	0,0191692975057	0,0191692975057	0,0191692975057
246600	0,0266915768046	0,0266915768046	0,0266915768046	0,0266915768046	0,027169003858	0,027169003858	0,027169003858	0,0277923729395	0,0277923729395	0,0277923729395	0,0277923729395	0,0277923729395	0,0277923729395	0,0278933224984	0,0278933224984	0,0278933224984	0,0278933224984
247500	-0,00708053934356	-0,00708053934356	-0,00708053934356	-0,00708053934356	-0,00721649754235	-0,00721649754235	-0,00721649754235	-0,00732599926038	-0,00732599926038	-0,00732599926038	-0,00732599926038	-0,00732599926038	-0,00732599926038	-0,00735293785419	-0,00735293785419	-0,00735293785419	-0,00735293785419
248400	-0,00167657503634	-0,00167657503634	-0,00167657503634	-0,00167657503634	-0,00169373660901	-0,00169373660901	-0,00169373660901	-0,00180985438249	-0,00180985438249	-0,00180985438249	-0,00180985438249	-0,00180985438249	-0,00180985438249	-0,00179926939087	-0,00179926939087	-0,00179926939087	-0,00179926939087
249300	0,00751306406334	0,00751306406334	0,00751306406334	0,00751306406334	0,00764834134458	0,00764834134458	0,00764834134458	0,00781844888443	0,00781844888443	0,00781844888443	0,00781844888443	0,00781844888443	0,00781844888443	0,00782930163347	0,00782930163347	0,00782930163347	0,00782930163347
250200	0,00466575801098	0,00466575801098	0,00466575801098	0,00466575801098	0,00474705775453	0,00474705775453	0,00474705775453	0,00486895886018	0,00486895886018	0,00486895886018	0,00486895886018	0,00486895886018	0,00486895886018	0,00489740680387	0,00489740680387	0,00489740680387	0,00489740680387
251100	0,0169350914576	0,0169350914576	0,0169350914576	0,0169350914576	0,0172789631762	0,0172789631762	0,0172789631762	0,0174287416113	0,0174287416113	0,0174287416113	0,0174287416113	0,0174287416113	0,0174287416113	0,0174354610667	0,0174354610667	0,0174354610667	0,0174354610667
252000	0,0121442647055	0,0121442647055	0,0121442647055	0,0121442647055	0,0123530633493	0,0123530633493	0,0123530633493	0,0126872251394	0,0126872251394	0,0126872251394	0,0126872251394	0,0126872251394	0,0126872251394	0,0127957057097	0,0127957057097	0,0127957057097	0,0127957057097
252900	5,62186445071e-05	5,62186445071e-05	5,62186445071e-05	5,62186445071e-05	6,38632458201e-05	6,38632458201e-05	6,38632458201e-05	2,53420180343e-05	2,53420180343e-05	2,53420180343e-05	2,53420180343e-05	2,53420180343e-05	2,53420180343e-05	4,17084387057e-06	4,17084387057e-06	4,17084387057e-06	4,17084387057e-06
253800	-0,00575667248452	-0,00575667248452	-0,00575667248452	-0,00575667248452	-0,00585488750182	-0,00585488750182	-0,00585488750182	-0,00601785145809	-0,00601785145809	-0,00601785145809	-0,00601785145809	-0,00601785145809	-0,00601785145809	-0,00609207751913	-0,00609207751913	-0,00609207751913	-0,00609207751913
254700	-0,000176177690021	-0,000176177690021	-0,000176177690021	-0,000176177690021	-0,00018813735287	-0,00018813735287	-0,00018813735287	-0,000139401422196	-0,000139401422196	-0,000139401422196	-0,000139401422196	-0,000139401422196	-0,000139401422196	-0,000118476271352	-0,000118476271352	-0,000118476271352	-0,000118476271352
255600	0,0122059301391	0,0122059301391	0,0122059301391	0,0122059301391	0,0124110092915	0,0124110092915	0,0124110092915	0,0127755461703	0,0127755461703	0,0127755461703	0,0127755461703	0,0127755461703	0,0127755461703	0,0128518198547	0,0128518198547	0,0128518198547	0,0128518198547
256500	0,01147294795	0,01147294795	0,01147294795	0,01147294795	0,0116596488369	0,0116596488369	0,0116596488369	0,0120386727487	0,0120386727487	0,0120386727487	0,0120386727487	0,0120386727487	0,0120386727487	0,012164616986	0,012164616986	0,012164616986	0,012164616986
257400	0,000263261472719	0,000263261472719	0,000263261472719	0,000263261472719	0,000277987547482	0,000277987547482	0,000277987547482	0,000224032832466	0,000224032832466	0,000224032832466	0,000224032832466	0,000224032832466	0,000224032832466	0,000207956927867	0,000207956927867	0,000207956927867	0,000207956927867
258300	0,00403386606364	0,00403386606364	0,00403386606364	0,00403386606364	0,00409657058271	0,00409657058271	0,00409657058271	0,00424746953465	0,00424746953465	0,00424746953465	0,00424746953465	0,00424746953465	0,00424746953465	0,00427715458697	0,00427715458697	0,00427715458697	0,00427715458697
259200	0,00514228764362	0,00514228764362	0,00514228764362	0,00514228764362	0,00522299993554	0,00522299993554	0,00522299993554	0,00541069541105	0,00541069541105	0,00541069541105	0,00541069541105	0,00541069541105	0,00541069541105	0,00545642827886	0,00545642827886	0,00545642827886	0,00545642827886
260100	0,00837281715909	0,00837281715909	0,00837281715909	0,00837281715909	0,00853491175473	0,00853491175473	0,00853491175473	0,00865646334745	0,00865646334745	0,00865646334745	0,00865646334745	0,00865646334745	0,00865646334745	0,00866536356737	0,00866536356737	0,00866536356737	0,00866536356737
261000	-0,00311394229181	-0,00311394229181	-0,00311394229181	-0,00311394229181	-0,00316639950582	-0,00316639950582	-0,00316639950582	-0,00325857110847	-0,00325857110847	-0,00325857110847	-0,00325857110847	-0,00325857110847	-0,00325857110847	-0,00327263862127	-0,00327263862127	-0,00327263862127	-0,00327263862127
261900	0,000934189171827	0,000934189171827	0,000934189171827	0,000934189171827	0,000948458071919	0,000948458071919	0,000948458071919	0,000984919984755	0,000984919984755	0,000984919984755	0,000984919984755	0,000984919984755	0,000984919984755	0,00099692839273	0,00099692839273	0,00099692839273	0,00099692839273
262800	0,0179814070145	0,0179814070145	0,0179814070145	0,0179814070145	0,0182825365655	0,0182825365655	0,0182825365655	0,0188254823798	0,0188254823798	0,0188254823798	0,0188254823798	0,0188254823798	0,0188254823798	0,0189435966217	0,0189435966217	0,0189435966217	0,0189435966217
263700	-0,00470168131181	-0,00470168131181	-0,00470168131181	-0,00470168131181	-0,00477751241933	-0,00477751241933	-0,00477751241933	-0,00493691870079	-0,00493691870079	-0,00493691870079	-0,00493691870079	-0,00493691870079	-0,00493691870079	-0,00498381216106	-0,00498381216106	-0,00498381216106	-0,00498381216106
264600	0,00585302877726	0,00585302877726	0,00585302877726	0,00585302877726	0,00595362769427	0,00595362769427	0,00595362769427	0,00611487962551	0,00611487962551	0,00611487962551	0,00611487962551	0,00611487962551	0,00611487962551	0,00614905257883	0,00614905257883	0,00614905257883	0,00614905257883
265500	-0,00186357998179	-0,00186357998179	-0,00186357998179	-0,00186357998179	-0,00189616831891	-0,00189616831891	-0,00189616831891	-0,0019441618964	-0,0019441618964	-0,0019441618964	-0,0019441618964	-0,0019441618964	-0,0019441618964	-0,00195727577781	-0,00195727577781	-0,00195727577781	-0,00195727577781
266400	0,00526094983455	0,00526094983455	0,00526094983455	0,00526094983455	0,00534209563633	0,00534209563633	0,00534209563633	0,00554269625245	0,00554269625245	0,00554269625245	0,00554269625245	0,00554269625245	0,00554269625245	0,00561547214487	0,00561547214487	0,00561547214487	0,00561547214487
267300	0,00415168529908	0,00415168529908	0,00415168529908	0,00415168529908	0,00421813562389	0,00421813562389	0,00421813562389	0,00436195578841	0,00436195578841	0,00436195578841	0,00436195578841	0,00436195578841	0,00436195578841	0,00438820083685	0,00438820083685	0,00438820083685	0,00438820083685
