time	sensor_1	sensor_2	sensor_3	sensor_4	sensor_5	sensor_6	sensor_7	sensor_8	sensor_9	sensor_10	sensor_11	sensor_12	sensor_13	sensor_14	sensor_15	sensor_16	sensor_17
0	1,89686297567e-05	6,98529886055e-06	0,0	1,24611563723e-05	1,24611563723e-05	7,35221851223e-06	5,17787317376e-06	6,98529886055e-06	0,0	5,34981778841e-06	1,68451312893e-06	1,00835305513e-05	3,9960322151e-06	1,00835305513e-05	2,29735963572e-07	5,03604555156e-06	4,84228864354e-06
900	3,91107072391e-05	1,40205714058e-05	0,0	2,6054382767e-05	2,6054382767e-05	1,61257636788e-05	1,0075376167e-05	1,40205714058e-05	0,0	9,469719149e-06	3,85721662708e-06	1,97241875835e-05	7,73331037853e-06	1,97241875835e-05	8,31246501276e-07	9,75022495235e-06	9,18636267696e-06
1800	8,84040949253e-06	3,09880248186e-06	0,0	5,95594251185e-06	5,95594251185e-06	3,48564211804e-06	2,50405501555e-06	3,09880248186e-06	0,0	1,76895340951e-06	2,4499710266e-07	3,21104893518e-06	1,42242641518e-06	3,21104893518e-06	5,29972588685e-07	1,82032980235e-06	8,65036697209e-07
2700	5,34304376202e-05	1,91913004672e-05	0,0	3,55583180284e-05	3,55583180284e-05	2,15563899214e-05	1,42014004519e-05	1,91913004672e-05	0,0	1,32344149222e-05	4,14947310723e-06	2,6195521797e-05	1,05203257042e-05	2,6195521797e-05	1,12630641624e-06	1,30794396848e-05	1,20458524469e-05
3600	5,27456564656e-05	1,84817937362e-05	0,0	3,55419186496e-05	3,55419186496e-05	2,08641324259e-05	1,48792168599e-05	1,84817937362e-05	0,0	1,27742233691e-05	4,22128027927e-06	2,52159155779e-05	1,03949280802e-05	2,52159155779e-05	1,35063522132e-06	1,19799383884e-05	1,19374991091e-05
4500	4,12100693999e-05	1,47502263027e-05	0,0	2,74746223152e-05	2,74746223152e-05	1,50221720529e-05	1,26077065625e-05	1,47502263027e-05	0,0	1,13317078339e-05	2,97059657652e-06	2,04344717095e-05	8,73221748392e-06	2,04344717095e-05	1,33846776137e-06	9,15739630513e-06	9,98200965501e-06
5400	2,93800075547e-05	1,07091310099e-05	0,0	1,9404820187e-05	1,9404820187e-05	1,10003577423e-05	8,5125375026e-06	1,07091310099e-05	0,0	8,20403758372e-06	3,2808108977e-06	1,59739833651e-05	6,31869381902e-06	1,59739833651e-05	7,83426850774e-07	7,54022086885e-06	7,68824900781e-06
6300	2,40996345752e-05	8,91095571084e-06	0,0	1,57977569541e-05	1,57977569541e-05	9,36362643059e-06	6,52134303522e-06	8,91095571084e-06	0,0	6,82601697514e-06	3,50683829268e-06	1,38204273668e-05	5,51512535514e-06	1,38204273668e-05	1,08845363859e-06	6,27132427331e-06	6,49325748924e-06
7200	3,14357913295e-05	1,15396931988e-05	0,0	2,06858643712e-05	2,06858643712e-05	1,23636172525e-05	8,43690299146e-06	1,15396931988e-05	0,0	7,96947703009e-06	3,48054812991e-06	1,66149861527e-05	6,47255954066e-06	1,66149861527e-05	3,70395265929e-07	7,87078668844e-06	8,41473155236e-06
8100	2,02213369655e-05	7,29229366647e-06	0,0	1,34299647452e-05	1,34299647452e-05	8,23952105911e-06	5,26576706597e-06	7,29229366647e-06	0,0	5,15786137957e-06	1,99564385079e-06	1,05029774873e-05	4,00325006964e-06	1,05029774873e-05	3,89287675195e-08	5,31044137364e-06	5,17973741268e-06
9000	1,81476973298e-05	6,50264911061e-06	0,0	1,20923717196e-05	1,20923717196e-05	7,37993145467e-06	4,78042820854e-06	6,50264911061e-06	0,0	4,55477270874e-06	1,40873700558e-06	8,81115122834e-06	3,70246290039e-06	8,81115122834e-06	3,69887465776e-07	4,15009035949e-06	4,31024915883e-06
9900	1,8779273166e-05	6,91328222937e-06	0,0	1,23389226492e-05	1,23389226492e-05	7,05930052318e-06	5,34795095142e-06	6,91328222937e-06	0,0	5,33882739155e-06	1,41843672863e-06	9,71237288461e-06	4,0143424075e-06	9,71237288461e-06	6,6076856817e-07	4,30816344003e-06	4,76485792433e-06
10800	1,53001930844e-05	5,55717823511e-06	0,0	1,01241908533e-05	1,01241908533e-05	5,77931148295e-06	4,40133115638e-06	5,55717823511e-06	0,0	4,28760575728e-06	1,42201423298e-06	8,10018610458e-06	3,21487429494e-06	8,10018610458e-06	5,20470044897e-07	3,60069986796e-06	3,99748760138e-06
11700	1,70202876298e-05	6,13925042798e-06	0,0	1,13027410409e-05	1,13027410409e-05	6,71652237603e-06	4,64942222046e-06	6,13925042798e-06	0,0	4,18674793333e-06	2,01938437067e-06	8,97637793296e-06	3,42187955638e-06	8,97637793296e-06	1,25940295188e-08	4,68827640816e-06	4,32346872198e-06
12600	1,96763014821e-05	7,1258544948e-06	0,0	1,30394982404e-05	1,30394982404e-05	7,93873872444e-06	5,17364624689e-06	7,1258544948e-06	0,0	4,95472912542e-06	2,09698834654e-06	1,03296301322e-05	3,90807851705e-06	1,03296301322e-05	5,9737712825e-08	5,37524254923e-06	5,04051139495e-06
13500	2,25498822691e-05	8,14817888606e-06	0,0	1,49611671222e-05	1,49611671222e-05	9,22817172771e-06	5,81689610025e-06	8,14817888606e-06	0,0	5,3873168937e-06	2,31822632089e-06	1,13871204676e-05	4,53027328439e-06	1,13871204676e-05	4,15417793776e-07	5,37090422578e-06	5,62675271081e-06
14400	1,74677201961e-05	6,30620924016e-06	0,0	1,15946057235e-05	1,15946057235e-05	6,98772196899e-06	4,67173828718e-06	6,30620924016e-06	0,0	4,39569300437e-06	1,69627988366e-06	8,72865375149e-06	3,71873599746e-06	8,72865375149e-06	7,77609027779e-07	3,72159302862e-06	4,24745567629e-06
15300	1,37663543406e-05	5,00942066535e-06	0,0	9,10040559901e-06	9,10040559901e-06	5,24875804249e-06	3,90231934353e-06	5,00942066535e-06	0,0	3,83629755575e-06	1,39741073706e-06	7,28248426615e-06	3,00453781854e-06	7,28248426615e-06	7,00168342773e-07	3,06951236221e-06	3,52849036414e-06
16200	1,91340667494e-05	7,06606716555e-06	0,0	1,25511035353e-05	1,25511035353e-05	7,37810092607e-06	5,24232980719e-06	7,06606716555e-06	0,0	5,34600818726e-06	2,49815809801e-06	1,03897947345e-05	4,58664484338e-06	1,03897947345e-05	1,1096769885e-07	5,76884260654e-06	4,53605076662e-06
17100	1,71082839479e-05	6,21648856106e-06	0,0	1,13181480125e-05	1,13181480125e-05	6,78054080509e-06	4,60068408789e-06	6,21648856106e-06	0,0	4,40622101108e-06	2,15021993595e-06	9,27753393643e-06	3,55213318538e-06	9,27753393643e-06	3,44213679641e-08	4,87927162193e-06	4,45695018817e-06
18000	1,71654057081e-05	6,19061215522e-06	0,0	1,14000468819e-05	1,14000468819e-05	6,84022847849e-06	4,62358615353e-06	6,19061215522e-06	0,0	4,19891176322e-06	1,03796554231e-06	8,18923645014e-06	3,28022777889e-06	8,18923645014e-06	1,3788794388e-07	4,1715029015e-06	3,89795276493e-06
18900	1,81945059356e-05	6,5585136592e-06	0,0	1,2086559721e-05	1,2086559721e-05	7,18637720028e-06	4,96778159539e-06	6,5585136592e-06	0,0	4,66690384859e-06	1,34355629359e-06	8,965367628e-06	3,65224226379e-06	8,965367628e-06	4,1492022554e-07	4,1674124496e-06	4,40257652841e-06
19800	1,56682374761e-05	5,61003809024e-06	0,0	1,04441969822e-05	1,04441969822e-05	6,11337559648e-06	4,38940775973e-06	5,61003809024e-06	0,0	4,01335035021e-06	1,32847061368e-06	7,80589945299e-06	3,18927266538e-06	7,80589945299e-06	6,97488553366e-07	3,41650646891e-06	3,70778950245e-06
20700	1,86495085024e-05	6,74243960575e-06	0,0	1,23699726176e-05	1,23699726176e-05	7,2776678902e-06	5,1613672207e-06	6,74243960575e-06	0,0	4,9681302359e-06	1,6482648959e-06	9,64714112217e-06	3,76714060012e-06	9,64714112217e-06	2,3408816699e-07	4,86355438589e-06	4,57224006289e-06
21600	2,19810572395e-05	8,05642988926e-06	0,0	1,44762029469e-05	1,44762029469e-05	8,76895983268e-06	5,78764388797e-06	8,05642988926e-06	0,0	6,12502374466e-06	2,34954363152e-06	1,21038465277e-05	4,50167814662e-06	1,21038465277e-05	2,2249753889e-07	7,02524843502e-06	5,33391340341e-06
22500	2,48142724917e-05	9,01312167546e-06	0,0	1,64193220189e-05	1,64193220189e-05	9,74409605902e-06	6,76669430904e-06	9,01312167546e-06	0,0	6,53687857232e-06	2,3512106032e-06	1,27753178029e-05	5,19963709305e-06	1,27753178029e-05	6,29545450309e-07	6,22618390683e-06	5,94803725227e-06
23400	2,68984488428e-05	9,73644702705e-06	0,0	1,78302509142e-05	1,78302509142e-05	1,03868996472e-05	7,54284273655e-06	9,73644702705e-06	0,0	6,79483753611e-06	2,17847339034e-06	1,3349532588e-05	5,43326767402e-06	1,3349532588e-05	8,67295613532e-07	5,9176409924e-06	6,59312301061e-06
24300	2,51053123319e-05	8,9930094994e-06	0,0	1,67309519853e-05	1,67309519853e-05	9,66893070191e-06	7,15587704453e-06	8,9930094994e-06	0,0	6,49818140415e-06	2,08289147274e-06	1,23679096052e-05	5,27464106555e-06	1,23679096052e-05	1,10620777871e-06	5,32362891609e-06	5,96313607278e-06
25200	3,18426221139e-05	1,14556141694e-05	0,0	2,1174265865e-05	2,1174265865e-05	1,26731144026e-05	8,61972810864e-06	1,14556141694e-05	0,0	8,0953146397e-06	3,52101642859e-06	1,66106463984e-05	6,55869925881e-06	1,66106463984e-05	3,07986985957e-07	7,88728044141e-06	8,4561933298e-06
26100	3,34700179633e-05	1,22452046508e-05	0,0	2,20633928606e-05	2,20633928606e-05	1,31447128479e-05	9,04115740165e-06	1,22452046508e-05	0,0	9,25442650618e-06	3,43305764659e-06	1,79899757116e-05	7,05146406978e-06	1,79899757116e-05	2,24114318116e-07	8,68900449633e-06	9,122749886e-06
27000	3,28362598934e-05	1,19861278483e-05	0,0	2,16713391426e-05	2,16713391426e-05	1,27269577038e-05	9,06477928618e-06	1,19861278483e-05	0,0	9,02675833254e-06	2,9686075228e-06	1,70591928539e-05	7,022095833e-06	1,70591928539e-05	3,89440709484e-07	8,2897424785e-06	8,42091149163e-06
27900	4,17454637328e-05	1,53680834515e-05	0,0	2,74285294036e-05	2,74285294036e-05	1,59581311885e-05	1,16221372763e-05	1,53680834515e-05	0,0	1,1920811014e-05	4,22971551119e-06	2,26913902927e-05	8,96641266953e-06	2,26913902927e-05	1,26289556649e-07	1,08631938786e-05	1,17616688565e-05
28800	6,2524005775e-05	2,30985980789e-05	0,0	4,1004140542e-05	4,1004140542e-05	2,39043864916e-05	1,73261432931e-05	2,30985980789e-05	0,0	1,8375733629e-05	6,77528507844e-06	3,43621536964e-05	1,41038569824e-05	3,43621536964e-05	3,6227411239e-06	1,41434234627e-05	1,66718309318e-05
29700	8,39416233664e-05	2,95754465283e-05	0,0	5,64081999479e-05	5,64081999479e-05	3,20901285403e-05	2,46373194043e-05	2,95754465283e-05	0,0	2,05196400531e-05	6,40608775279e-06	4,04710299781e-05	1,62443536803e-05	4,04710299781e-05	2,74749738228e-06	1,89763447056e-05	1,88290561995e-05
30600	0,000167134940818	6,26025446821e-05	0,0	0,000108799740414	0,000108799740414	6,55724010855e-05	4,38241736624e-05	6,26025446821e-05	0,0	5,23658677616e-05	2,52382916462e-05	9,90512759031e-05	4,18505166378e-05	9,90512759031e-05	1,138441193e-05	4,25716860695e-05	4,53212863618e-05
31500	0,00012977663322	4,79031585665e-05	0,0	8,514724201e-05	8,514724201e-05	4,94065331781e-05	3,62109308065e-05	4,79031585665e-05	0,0	3,94945241148e-05	1,03248567949e-05	7,21745062943e-05	2,59911331011e-05	7,21745062943e-05	5,02211927783e-06	3,5290012425e-05	4,21399500986e-05
32400	8,48414011807e-05	3,17265557875e-05	0,0	5,52786203584e-05	5,52786203584e-05	3,22422131871e-05	2,33396492334e-05	3,17265557875e-05	0,0	2,65969272764e-05	1,09307736915e-05	4,82905900405e-05	2,12893788292e-05	4,82905900405e-05	5,79925159144e-06	2,07943119631e-05	2,18017903055e-05
33300	9,8420886951e-05	3,67104575264e-05	0,0	6,42150241966e-05	6,42150241966e-05	3,72674091737e-05	2,7300372859e-05	3,67104575264e-05	0,0	3,03969597222e-05	1,45029008579e-05	5,66972005846e-05	2,53045703842e-05	5,66972005846e-05	6,84883479151e-06	2,49196787814e-05	2,50521084455e-05
34200	7,9273379539e-05	2,84575634828e-05	0,0	5,44975442287e-05	5,44975442287e-05	2,86478698433e-05	2,78907159933e-05	2,84575634828e-05	0,0	1,72645424673e-05	9,98018778181e-06	4,11923008573e-05	1,64920192323e-05	4,11923008573e-05	2,6977988804e-06	1,97544438278e-05	2,05906234031e-05
35100	0,000166272796371	5,88503768695e-05	0,0	0,000111479991507	0,000111479991507	7,31826698858e-05	3,89399426584e-05	5,88503768695e-05	0,0	3,78869184001e-05	2,38218280922e-05	8,75793512244e-05	3,35004043605e-05	8,75793512244e-05	5,77159689997e-07	4,72955363946e-05	4,10842120917e-05
36000	3,46213291983e-05	1,32860777722e-05	0,0	2,49994534975e-05	2,49994534975e-05	1,95488382148e-05	8,36626836295e-06	1,32860777722e-05	0,0	9,48457914901e-06	5,86973668793e-06	2,36813233536e-05	7,93766721045e-06	2,36813233536e-05	3,75146497971e-06	1,17040590049e-05	1,11143699741e-05
36900	5,16535836658e-05	2,21390181431e-05	0,0	3,43559214925e-05	3,43559214925e-05	2,0990589714e-05	1,68898040841e-05	2,21390181431e-05	0,0	2,10126529598e-05	6,57334982041e-06	3,91695866071e-05	1,43036835036e-05	3,91695866071e-05	5,75074566677e-06	1,72520880525e-05	1,97343222723e-05
37800	9,47929667295e-05	3,8843896398e-05	0,0	6,28395376734e-05	6,28395376734e-05	3,89170191909e-05	2,85189133051e-05	3,8843896398e-05	0,0	2,92900075284e-05	1,81122758102e-05	7,0340975338e-05	2,08227679131e-05	7,0340975338e-05	2,88435826798e-06	3,3219228405e-05	4,47045865387e-05
38700	-1,28591728341e-06	-4,7505548112e-08	0,0	-5,48533395137e-07	-5,48533395137e-07	-9,17685508567e-08	-4,22850589394e-07	-4,7505548112e-08	0,0	-1,20334069798e-07	-7,42575340129e-07	-5,16373633176e-07	-2,2811740634e-07	-5,16373633176e-07	-5,77556532031e-07	-8,07693626201e-07	-5,96712076191e-09
39600	-1,22427492405e-05	-1,61679071987e-06	0,0	-7,56937286378e-06	-7,56937286378e-06	-2,24191153349e-06	-1,43587588457e-06	-1,61679071987e-06	0,0	-3,75253777754e-07	-3,91568780359e-07	-2,20646361654e-06	-1,75470008108e-07	-2,20646361654e-06	-3,23384459349e-06	-1,80972794738e-06	-1,15502697544e-06
40500	-3,47546731988e-05	-9,78565575046e-06	0,0	-2,07217735524e-05	-2,07217735524e-05	-8,37104305196e-06	-5,79065624945e-06	-9,78565575046e-06	0,0	-1,41895848487e-05	-3,03783948562e-06	-1,07854867901e-05	-9,69825017496e-06	-1,07854867901e-05	-3,1618889558e-07	-7,00958667844e-07	-2,77545099141e-06
41400	-6,61291835123e-05	-1,84788371841e-05	0,0	-4,25935535717e-05	-4,25935535717e-05	-2,28034979e-05	-1,04670974062e-05	-1,84788371841e-05	0,0	-9,13289315044e-06	-7,56085105134e-06	-1,34449723884e-05	-1,22326212864e-05	-1,34449723884e-05	-2,20102715316e-06	-2,0196443183e-06	-3,43718070836e-06
42300	-6,82157038273e-05	-1,58110824606e-06	0,0	-2,62076775029e-05	-2,62076775029e-05	-1,23189461536e-05	-8,68076189743e-06	-1,58110824606e-06	0,0	-3,35600988008e-06	-2,28637881259e-06	-1,82786837581e-06	-1,04204776866e-06	-1,82786837581e-06	5,80765856465e-07	-7,62534528339e-07	-6,21977776045e-07
43200	-5,31984962491e-05	-1,14007391826e-06	0,0	-2,00630424775e-05	-2,00630424775e-05	-9,37356858656e-06	-6,55159171862e-06	-1,14007391826e-06	0,0	-2,62092433513e-06	-1,81731422288e-06	-1,46964116665e-06	-7,99098354988e-07	-1,46964116665e-06	4,47505253856e-07	-5,61528334664e-07	-6,09026179196e-07
44100	-1,24259615685e-05	-1,81284793117e-07	0,0	-4,76379497629e-06	-4,76379497629e-06	-2,23489532435e-06	-1,70247457714e-06	-1,81284793117e-07	0,0	-4,02360883206e-07	-3,31731977917e-07	-1,07539111435e-07	-9,82095817174e-08	-1,07539111435e-07	4,20084133602e-08	-3,31086525642e-08	-1,84270681353e-08
45000	-3,55940253583e-05	-1,39806844307e-06	0,0	-1,39796333436e-05	-1,39796333436e-05	-6,82087786917e-06	-4,88633880436e-06	-1,39806844307e-06	0,0	-1,83928719217e-06	-1,50367315073e-06	-1,44838697146e-06	-6,70151387551e-07	-1,44838697146e-06	-4,58464446777e-07	-5,1921744887e-07	-6,5757458309e-07
45900	-3,54228870328e-05	-1,24974680985e-06	0,0	-1,438948272e-05	-1,438948272e-05	-7,19134902836e-06	-5,11181933329e-06	-1,24974680985e-06	0,0	-1,54045755263e-06	-1,27303566275e-06	-9,1919383294e-07	-5,51594572185e-07	-9,1919383294e-07	2,99731549714e-07	-3,46765724386e-07	-3,62084883685e-07
46800	-1,70018221588e-05	-5,37937407893e-07	0,0	-6,78196780835e-06	-6,78196780835e-06	-3,31787547138e-06	-2,50712153143e-06	-5,37937407893e-07	0,0	-7,16845273275e-07	-5,58038565147e-07	-4,77730078649e-07	-2,63573405732e-07	-4,77730078649e-07	-1,50442738619e-07	-1,7013855674e-07	-2,89485678776e-07
47700	-7,90298765778e-05	-2,01742834922e-06	0,0	-2,97875019736e-05	-2,97875019736e-05	-1,40531035764e-05	-9,71829010438e-06	-2,01742834922e-06	0,0	-4,2479961239e-06	-2,8400828495e-06	-2,63227883401e-06	-1,36621372134e-06	-2,63227883401e-06	-8,16634531194e-07	-1,16423740773e-06	-1,08179689363e-06
48600	-3,08209880557e-05	-7,58233314054e-07	0,0	-1,11566618685e-05	-1,11566618685e-05	-5,20600870349e-06	-3,5797246266e-06	-7,58233314054e-07	0,0	-1,80359724447e-06	-1,04651674734e-06	-1,17048688034e-06	-5,53878469976e-07	-1,17048688034e-06	-3,4120521464e-07	-4,30730928939e-07	-4,50960504595e-07
49500	-1,48425097985e-05	-2,83096167955e-07	0,0	-5,42850411637e-06	-5,42850411637e-06	-2,52797446859e-06	-1,77690118466e-06	-2,83096167955e-07	0,0	-7,09861321912e-07	-4,80326913603e-07	-2,80850115253e-07	-1,85155217e-07	-2,80850115253e-07	9,71601207248e-08	-1,0852714293e-07	-8,61201395293e-08
50400	-0,000110551945485	-3,62813609881e-06	0,0	-4,33565031722e-05	-4,33565031722e-05	-2,08265534642e-05	-1,43732703253e-05	-3,62813609881e-06	0,0	-6,25336999172e-06	-4,23510146376e-06	-4,042918019e-06	-2,13232982087e-06	-4,042918019e-06	-1,2287317434e-06	-1,76423794942e-06	-1,50822740837e-06
51300	-1,6725896801e-05	-5,73567939932e-07	0,0	-6,5244101076e-06	-6,5244101076e-06	-3,16358752826e-06	-2,19536834776e-06	-5,73567939932e-07	0,0	-1,00181643472e-06	-5,75359199967e-07	-5,44221457699e-07	-3,04532844845e-07	-5,44221457699e-07	-1,76646766144e-07	-2,21062216301e-07	-1,97539702354e-07
52200	-6,36161817776e-06	-1,18934406714e-06	0,0	-3,20511124318e-06	-3,20511124318e-06	-9,64230564937e-07	-1,80109060152e-07	-1,18934406714e-06	0,0	-2,30276001474e-06	-1,39503704526e-06	-3,44106330739e-07	-2,10795181464e-06	-3,44106330739e-07	-7,17262265693e-07	-1,08331107333e-06	-1,77133108952e-06
53100	4,53429715343e-05	1,81081696294e-05	0,0	3,10293809603e-05	3,10293809603e-05	1,98370679227e-05	1,39294689502e-05	1,81081696294e-05	0,0	9,52090185086e-06	5,79185773119e-06	2,75199810464e-05	8,68477369009e-06	2,75199810464e-05	4,37289678847e-07	1,59633039886e-05	1,47162214435e-05
54000	4,21650721581e-05	1,7027509025e-05	0,0	2,93950767719e-05	2,93950767719e-05	1,91933152003e-05	1,34688428454e-05	1,7027509025e-05	0,0	9,36540095e-06	3,23010614474e-06	2,46088917834e-05	8,31634723742e-06	2,46088917834e-05	1,22056807538e-06	9,02241066482e-06	1,76357480543e-05
54900	-0,000109506749751	-3,49972544631e-05	0,0	-6,79194809519e-05	-6,79194809519e-05	-3,53735367314e-05	-1,88561155465e-05	-3,49972544631e-05	0,0	-3,87700346526e-05	-1,79731861693e-05	-5,62190166826e-05	-2,21845454587e-05	-5,62190166826e-05	-1,25154633216e-05	-3,08846253152e-05	-2,30114457653e-05
55800	1,65524679189e-05	7,17570913746e-06	0,0	1,13978928212e-05	1,13978928212e-05	6,64100716614e-06	6,35593097981e-06	7,17570913746e-06	0,0	6,42362046725e-06	2,21946472176e-06	1,27748064429e-05	4,72232201733e-06	1,27748064429e-05	8,28605308294e-07	4,2267901758e-06	9,36476739777e-06
56700	0,000166351290092	6,25121600984e-05	0,0	0,000108098180069	0,000108098180069	6,36780930662e-05	4,50113591614e-05	6,25121600984e-05	0,0	5,22946558615e-05	2,70316689412e-05	0,000103294472549	3,92898480887e-05	0,000103294472549	1,17647488692e-06	4,28717566734e-05	6,19459364572e-05
57600	6,71626032727e-05	2,52854516615e-05	0,0	4,45010904141e-05	4,45010904141e-05	2,62181742575e-05	1,94277063189e-05	2,52854516615e-05	0,0	2,01667932928e-05	6,53078214739e-06	3,70319968849e-05	1,60991715265e-05	3,70319968849e-05	5,50590287983e-06	1,7122255671e-05	1,5398337808e-05
58500	2,52809460965e-05	4,02978104904e-06	0,0	7,15264092532e-06	7,15264092532e-06	2,76208975462e-06	2,01152671024e-06	4,02978104904e-06	0,0	1,1026930926e-06	5,47598031663e-07	1,34015246386e-06	4,64711211333e-07	1,34015246386e-06	-1,74853105045e-07	4,97703392589e-07	4,08423954169e-07
59400	3,15166620606e-05	5,10888792547e-06	0,0	9,03827772409e-06	9,03827772409e-06	3,56071696375e-06	2,55364489507e-06	5,10888792547e-06	0,0	1,48151046513e-06	7,87514015918e-07	1,94354937892e-06	6,31888569974e-07	1,94354937892e-06	-2,54089007755e-07	7,3573921099e-07	5,96089999865e-07
60300	2,88776252019e-05	4,37787742591e-06	0,0	8,02700532702e-06	8,02700532702e-06	3,02556115861e-06	2,12911729668e-06	4,37787742591e-06	0,0	1,09110574216e-06	6,45940827157e-07	1,52163920798e-06	4,88196198555e-07	1,52163920798e-06	-2,13189866278e-07	5,63407137194e-07	5,18773912506e-07
61200	3,74516875464e-05	6,00793303093e-06	0,0	1,07220771522e-05	1,07220771522e-05	4,29053048419e-06	2,90804362084e-06	6,00793303093e-06	0,0	1,68545923626e-06	9,55147308829e-07	2,43176104971e-06	7,32051537026e-07	2,43176104971e-06	-3,73511431381e-07	9,50188612409e-07	8,73230377516e-07
62100	2,85792172801e-05	4,56055307445e-06	0,0	8,18525743955e-06	8,18525743955e-06	3,21670307494e-06	2,25139551649e-06	4,56055307445e-06	0,0	1,34035520117e-06	7,76544411902e-07	1,95896803717e-06	5,71730655049e-07	1,95896803717e-06	3,13023893981e-07	7,55640943425e-07	7,37215628461e-07
63000	2,96565379266e-05	4,70961204629e-06	0,0	8,4840951268e-06	8,4840951268e-06	3,34015128117e-06	2,31364960471e-06	4,70961204629e-06	0,0	1,32888151101e-06	7,96415063101e-07	2,00893975514e-06	5,77468575374e-07	2,00893975514e-06	3,20843042115e-07	7,45434253777e-07	7,99870130853e-07
63900	2,71977286709e-05	4,50320947686e-06	0,0	7,92430276963e-06	7,92430276963e-06	3,33451070301e-06	2,1127911417e-06	4,50320947686e-06	0,0	1,32153124109e-06	7,71335843408e-07	1,98108105102e-06	5,8344801327e-07	1,98108105102e-06	3,12526001215e-07	7,5755285202e-07	7,47551036146e-07
64800	0,000164386279818	6,06963004086e-05	0,0	0,000107837409897	0,000107837409897	6,31606384828e-05	4,52720283557e-05	6,06963004086e-05	0,0	4,3480352168e-05	1,72905015726e-05	8,72007477291e-05	3,47835309342e-05	8,72007477291e-05	3,50101478839e-07	4,27049449366e-05	4,50735976744e-05
65700	3,23740306255e-05	5,31849896736e-06	0,0	9,3449590419e-06	9,3449590419e-06	3,77627298174e-06	2,60794833901e-06	5,31849896736e-06	0,0	1,52415656731e-06	8,30630638742e-07	2,10428062265e-06	6,55654487657e-07	2,10428062265e-06	-3,07104427043e-07	7,71383284136e-07	7,41126558004e-07
66600	3,07932791837e-05	4,88221185972e-06	0,0	8,73831018102e-06	8,73831018102e-06	3,50725438826e-06	2,30124663897e-06	4,88221185972e-06	0,0	1,30464199601e-06	7,01432503988e-07	1,87436471731e-06	5,53944145536e-07	1,87436471731e-06	2,89875253622e-07	6,68428377175e-07	7,37729096003e-07
67500	2,48795382524e-05	3,77802974215e-06	0,0	6,86823233446e-06	6,86823233446e-06	2,55831556024e-06	1,85814476116e-06	3,77802974215e-06	0,0	9,19516751208e-07	4,30121393597e-07	1,07616941754e-06	3,74079955629e-07	1,07616941754e-06	-1,20840825303e-07	3,22528213607e-07	3,46680588978e-07
68400	4,85910135937e-05	7,19168815834e-06	0,0	1,31552784811e-05	1,31552784811e-05	4,83345483682e-06	3,37361364826e-06	7,19168815834e-06	0,0	1,81358498351e-06	8,34836574916e-07	2,00217538512e-06	7,32220508086e-07	2,00217538512e-06	-1,72257508722e-07	5,20382758615e-07	5,59847363248e-07
69300	3,97845154738e-05	5,94467442148e-06	0,0	1,08750766647e-05	1,08750766647e-05	4,01589422722e-06	2,84666146221e-06	5,94467442148e-06	0,0	1,50145934614e-06	6,94783687564e-07	1,79014190843e-06	5,87542693225e-07	1,79014190843e-06	-2,15607104535e-07	5,40735202848e-07	5,93556505084e-07
70200	5,14022184283e-05	7,7874857355e-06	0,0	1,41498443006e-05	1,41498443006e-05	5,38227996832e-06	3,63098936076e-06	7,7874857355e-06	0,0	2,05339765732e-06	1,04109160654e-06	2,61529679013e-06	8,38766685931e-07	2,61529679013e-06	-3,31153799881e-07	8,6178503331e-07	8,35499489224e-07
71100	6,33565062793e-05	1,02316501769e-05	0,0	1,80386736842e-05	1,80386736842e-05	7,16105949333e-06	4,97739428885e-06	1,02316501769e-05	0,0	2,85120053908e-06	1,51161740915e-06	3,73806190912e-06	1,19625977664e-06	3,73806190912e-06	-4,62925263741e-07	1,16326178737e-06	1,22892670677e-06
72000	6,83404178134e-05	1,09355438716e-05	0,0	1,9384510524e-05	1,9384510524e-05	7,67548986394e-06	5,29743690303e-06	1,09355438716e-05	0,0	2,93724403283e-06	1,50959893159e-06	3,91141285018e-06	1,172818478e-06	3,91141285018e-06	5,40096915547e-07	1,31532879143e-06	1,25931324344e-06
72900	4,85508347881e-05	8,0166852048e-06	0,0	1,40909154815e-05	1,40909154815e-05	5,69484164034e-06	3,94433183248e-06	8,0166852048e-06	0,0	2,47994295686e-06	1,39362384454e-06	3,52779809156e-06	1,05357989472e-06	3,52779809156e-06	-5,33769882016e-07	1,24629353177e-06	1,36443663777e-06
73800	4,52109187989e-05	7,1732438538e-06	0,0	1,27697858933e-05	1,27697858933e-05	5,03554087328e-06	3,43446108181e-06	7,1732438538e-06	0,0	1,93867766626e-06	1,03010899839e-06	2,60905442617e-06	8,35999475581e-07	2,60905442617e-06	-3,60402124762e-07	8,70130470878e-07	9,7414454071e-07
74700	4,06653311844e-05	6,45292396205e-06	0,0	1,15450264412e-05	1,15450264412e-05	4,55054589773e-06	3,11701492006e-06	6,45292396205e-06	0,0	1,80453703396e-06	9,05802719801e-07	2,5322460825e-06	7,28585861885e-07	2,5322460825e-06	4,10845838708e-07	9,43891707585e-07	1,02198485849e-06
75600	2,79885585511e-05	4,28497205914e-06	0,0	7,77970185533e-06	7,77970185533e-06	3,05343077669e-06	1,95837822229e-06	4,28497205914e-06	0,0	1,08380865066e-06	6,25598837676e-07	1,54732102936e-06	4,72955107743e-07	1,54732102936e-06	-2,28516384648e-07	5,36523807219e-07	5,6975685087e-07
76500	2,85214332501e-05	4,47565884199e-06	0,0	8,04152617703e-06	8,04152617703e-06	3,23249219895e-06	2,0647711312e-06	4,47565884199e-06	0,0	1,15489878766e-06	6,55320631985e-07	1,68987098977e-06	4,92284592161e-07	1,68987098977e-06	2,58193361165e-07	6,11966182831e-07	6,15338369624e-07
77400	0,000166388674099	6,12029973728e-05	0,0	0,000109370605034	0,000109370605034	6,5354644692e-05	4,46211842694e-05	6,12029973728e-05	0,0	4,57762757636e-05	1,4289855738e-05	8,68038434626e-05	3,49693386106e-05	8,68038434626e-05	3,1579746071e-06	4,45799353624e-05	3,9264879677e-05
78300	2,52105611502e-05	4,08809220969e-06	0,0	7,21146276899e-06	7,21146276899e-06	2,93166865073e-06	1,91823809154e-06	4,08809220969e-06	0,0	1,24403158712e-06	6,61523943406e-07	1,70766862248e-06	5,21158635628e-07	1,70766862248e-06	-2,42359579779e-07	5,94136448345e-07	6,09217706999e-07
79200	0,000151916762246	5,5926722705e-05	0,0	9,98137481362e-05	9,98137481362e-05	6,02779002026e-05	4,0088429852e-05	5,5926722705e-05	0,0	4,18183983769e-05	1,90640462259e-05	8,23460393655e-05	3,49791572553e-05	8,23460393655e-05	4,26963136459e-06	3,93969763041e-05	3,88717394715e-05
80100	0,000140284390502	5,19638846597e-05	0,0	9,18694657975e-05	9,18694657975e-05	5,56422482575e-05	3,67343875957e-05	5,19638846597e-05	0,0	3,98085304925e-05	1,70071332826e-05	7,78889774018e-05	3,13847385e-05	7,78889774018e-05	2,50016911701e-06	4,00204473944e-05	3,55600063191e-05
81000	0,000119359624902	4,39025106826e-05	0,0	7,84595125086e-05	7,84595125086e-05	4,74782252216e-05	3,14159921255e-05	4,39025106826e-05	0,0	3,18373595502e-05	1,43384519271e-05	6,41105292463e-05	2,63601489642e-05	6,41105292463e-05	1,10260089592e-06	2,98417726574e-05	3,33297495388e-05
81900	0,000131674685801	4,84331899987e-05	0,0	8,65535917735e-05	8,65535917735e-05	5,22929507986e-05	3,47400906666e-05	4,84331899987e-05	0,0	3,28038492333e-05	1,7700981369e-05	7,01382631618e-05	2,92263798441e-05	7,01382631618e-05	3,01556947619e-06	3,29390898092e-05	3,43491570116e-05
82800	8,86058969799e-05	3,28514462191e-05	0,0	5,79981167254e-05	5,79981167254e-05	3,3959645192e-05	2,43580357117e-05	3,28514462191e-05	0,0	2,37965210047e-05	1,25018367352e-05	4,92393050939e-05	2,02257562546e-05	4,92393050939e-05	4,94012012999e-07	2,36109424343e-05	2,52651425442e-05
83700	8,17311474102e-05	3,00099899368e-05	0,0	5,37744143037e-05	5,37744143037e-05	3,18732716126e-05	2,21989829549e-05	3,00099899368e-05	0,0	2,01326873279e-05	9,05093779334e-06	4,2865954386e-05	1,65764525464e-05	4,2865954386e-05	6,0554665777e-07	2,10247299611e-05	2,1341323635e-05
84600	7,81554038608e-05	2,8689032463e-05	0,0	5,14293829555e-05	5,14293829555e-05	3,09105036279e-05	2,08039958458e-05	2,8689032463e-05	0,0	2,07784914954e-05	8,83624457794e-06	4,1690018054e-05	1,68652782317e-05	4,1690018054e-05	5,0222037117e-07	2,19849635791e-05	1,9305867425e-05
85500	6,2475505445e-05	2,27888939953e-05	0,0	4,12479312719e-05	4,12479312719e-05	2,42562938676e-05	1,72208344448e-05	2,27888939953e-05	0,0	1,62774272917e-05	5,28925139787e-06	3,21100616473e-05	1,24266945298e-05	3,21100616473e-05	3,64805315771e-07	1,70783347884e-05	1,4743480895e-05
86400	3,64304151349e-05	1,28233850242e-05	0,0	2,44928356152e-05	2,44928356152e-05	1,44866756608e-05	1,01446970251e-05	1,28233850242e-05	0,0	8,85313159095e-06	2,24659600571e-06	1,72060120157e-05	6,80487769686e-06	1,72060120157e-05	6,31072825742e-07	8,72159388908e-06	7,88931053983e-06
87300	3,28534235092e-05	1,18369478825e-05	0,0	2,18296672991e-05	2,18296672991e-05	1,28555816815e-05	9,09614643848e-06	1,18369478825e-05	0,0	8,72508760654e-06	4,18037617771e-06	1,79353256556e-05	6,91848524165e-06	1,79353256556e-05	8,49450308118e-07	9,09506872257e-06	8,03290981463e-06
88200	3,28284173889e-05	1,16903675336e-05	0,0	2,19433120848e-05	2,19433120848e-05	1,33873877454e-05	8,67963988363e-06	1,16903675336e-05	0,0	7,57155096445e-06	3,77998553601e-06	1,67212369256e-05	6,41516438741e-06	1,67212369256e-05	3,58908075334e-07	8,44451019645e-06	7,95692053387e-06
89100	2,42682919518e-05	8,6120884236e-06	0,0	1,62499555912e-05	1,62499555912e-05	9,68244822374e-06	6,65909009851e-06	8,6120884236e-06	0,0	6,17094185431e-06	1,41935743336e-06	1,16452893922e-05	4,61768143689e-06	1,16452893922e-05	4,17474467535e-07	5,88084621211e-06	5,37176683339e-06
90000	1,89104707051e-05	6,70238859664e-06	0,0	1,26703300127e-05	1,26703300127e-05	7,38008814236e-06	5,36168572165e-06	6,70238859664e-06	0,0	4,80930345166e-06	5,99681678976e-07	8,65370983807e-06	3,49961053362e-06	8,65370983807e-06	2,28273579698e-07	4,26275353368e-06	4,18081847699e-06
90900	2,0781448103e-05	7,54664690889e-06	0,0	1,37524292032e-05	1,37524292032e-05	8,01641893756e-06	5,81262951439e-06	7,54664690889e-06	0,0	5,66719689716e-06	1,83444364173e-06	1,08183520623e-05	4,29283436223e-06	1,08183520623e-05	3,26022774979e-07	4,81779909037e-06	5,70094469691e-06
91800	1,48254040541e-05	5,36453129947e-06	0,0	9,8291225588e-06	9,8291225588e-06	5,51554555768e-06	4,36860340868e-06	5,36453129947e-06	0,0	4,15944835665e-06	1,32286512674e-06	7,79776775408e-06	3,09518836512e-06	7,79776775408e-06	4,48218679148e-07	3,64310523802e-06	3,72405527213e-06
92700	1,81352842691e-05	6,58809972682e-06	0,0	1,19990425679e-05	1,19990425679e-05	6,93646935337e-06	5,129426053e-06	6,58809972682e-06	0,0	4,73831100689e-06	2,17888917216e-06	9,9126320578e-06	3,65326970948e-06	9,9126320578e-06	2,80332319765e-07	5,1114265972e-06	5,10947104287e-06
93600	1,90705894723e-05	6,99496670317e-06	0,0	1,25544669053e-05	1,25544669053e-05	7,60202166337e-06	5,02214745138e-06	6,99496670317e-06	0,0	5,0847231276e-06	2,13208917113e-06	1,04401855699e-05	3,83513709205e-06	1,04401855699e-05	3,31546993184e-07	5,66178311368e-06	5,13924099278e-06
94500	1,71434654762e-05	6,20569857893e-06	0,0	1,13637189522e-05	1,13637189522e-05	6,8339038325e-06	4,59328415995e-06	6,20569857893e-06	0,0	4,50551414221e-06	1,27095747e-06	8,56304661525e-06	3,4662905189e-06	8,56304661525e-06	2,55663041653e-07	4,19751161218e-06	4,12926153168e-06
95400	1,56843025024e-05	5,70046345466e-06	0,0	1,03747868877e-05	1,03747868877e-05	6,1083549499e-06	4,32421049986e-06	5,70046345466e-06	0,0	4,26508512705e-06	1,25450299012e-06	7,95624794501e-06	3,30899442876e-06	7,95624794501e-06	5,16508501653e-07	3,44071095018e-06	4,0165896844e-06
96300	1,28882924948e-05	4,71998041259e-06	0,0	8,49153631167e-06	8,49153631167e-06	4,77425402059e-06	3,76451328568e-06	4,71998041259e-06	0,0	3,74767196855e-06	1,09498284831e-06	6,82083305911e-06	2,78254865246e-06	6,82083305911e-06	5,83092247504e-07	2,86915872349e-06	3,38368958558e-06
97200	1,44038939318e-05	5,26190210255e-06	0,0	9,50249542909e-06	9,50249542909e-06	5,53193139882e-06	4,02334983225e-06	5,26190210255e-06	0,0	3,86918966053e-06	1,56758782058e-06	7,74838387213e-06	2,99710162848e-06	7,74838387213e-06	4,1627782898e-08	3,95356859324e-06	3,77299211683e-06
98100	1,53775662843e-05	5,62614269821e-06	0,0	1,01367677028e-05	1,01367677028e-05	6,18351433778e-06	4,00964592986e-06	5,62614269821e-06	0,0	4,05496821883e-06	1,88901918648e-06	8,45629418628e-06	3,16602164998e-06	8,45629418628e-06	1,95085588319e-07	4,60367547826e-06	4,07102560342e-06
99000	1,58594471099e-05	5,78203004977e-06	0,0	1,0473706225e-05	1,0473706225e-05	6,26365147036e-06	4,26832146846e-06	5,78203004977e-06	0,0	4,07177090935e-06	1,45572741047e-06	8,13680954415e-06	3,21891308199e-06	8,13680954415e-06	6,68388835632e-08	4,02022139284e-06	4,06966313945e-06
99900	1,62319755136e-05	5,865587514e-06	0,0	1,07691453247e-05	1,07691453247e-05	6,27712431801e-06	4,55216173139e-06	5,865587514e-06	0,0	4,2602362785e-06	1,20184070648e-06	8,03798707373e-06	3,33380858364e-06	8,03798707373e-06	4,66555284011e-07	3,69011998102e-06	3,89853414277e-06
100800	1,16525320823e-05	4,19537978451e-06	0,0	7,74547059797e-06	7,74547059797e-06	4,47501726552e-06	3,31380056024e-06	4,19537978451e-06	0,0	3,17590312802e-06	1,12268976497e-06	6,04095550991e-06	2,48855503748e-06	6,04095550991e-06	5,74564688274e-07	2,5639784118e-06	2,91518735277e-06
101700	1,46605210389e-05	5,35259338772e-06	0,0	9,67468749766e-06	9,67468749766e-06	5,66393364083e-06	4,06450276662e-06	5,35259338772e-06	0,0	3,79723119309e-06	1,68247308768e-06	7,80009528179e-06	3,07890424791e-06	7,80009528179e-06	2,16249417467e-07	3,7214624654e-06	3,88143162666e-06
102600	1,63837358855e-05	5,9912223733e-06	0,0	1,08028973085e-05	1,08028973085e-05	6,54657347064e-06	4,31640341711e-06	5,9912223733e-06	0,0	4,16997968277e-06	1,66167998654e-06	8,48692668474e-06	3,38493073471e-06	8,48692668474e-06	2,33502581806e-07	4,2570931195e-06	4,01619641785e-06
103500	1,45748901112e-05	5,33159514155e-06	0,0	9,60848134367e-06	9,60848134367e-06	5,78779817125e-06	3,87406922633e-06	5,33159514155e-06	0,0	3,82731386431e-06	1,6410324273e-06	7,80859055447e-06	3,03830995309e-06	7,80859055447e-06	6,23583606421e-08	4,2644528043e-06	3,62672260723e-06
104400	2,21488128123e-05	7,99326583445e-06	0,0	1,47045217575e-05	1,47045217575e-05	8,3653676354e-06	6,42144822081e-06	7,99326583445e-06	0,0	5,82405399678e-06	7,07901148446e-07	1,02810768642e-05	4,29507395975e-06	1,02810768642e-05	7,27292153416e-07	4,58117710675e-06	4,99284864015e-06
105300	2,11363002818e-05	7,5314298526e-06	0,0	1,41236229425e-05	1,41236229425e-05	8,16271894257e-06	6,04034923581e-06	7,5314298526e-06	0,0	5,62124655782e-06	1,15841020209e-06	1,03305728295e-05	4,03533693789e-06	1,03305728295e-05	4,95583641951e-07	4,64724114921e-06	5,21032082118e-06
106200	2,21617727796e-05	7,97404001047e-06	0,0	1,47357479693e-05	1,47357479693e-05	9,03474017735e-06	5,78373789665e-06	7,97404001047e-06	0,0	5,72180210257e-06	2,69882060569e-06	1,1736183703e-05	4,72931493651e-06	1,1736183703e-05	7,43462816608e-07	5,58187071868e-06	5,43705498067e-06
107100	3,25772289653e-05	1,21245760244e-05	0,0	2,12804008425e-05	2,12804008425e-05	1,30131144688e-05	8,38468646997e-06	1,21245760244e-05	0,0	9,32857673475e-06	4,37659753749e-06	1,84972468991e-05	7,45351750326e-06	1,84972468991e-05	1,34095351998e-06	8,76102379101e-06	8,43847608231e-06
108000	5,70455444181e-05	2,05745568593e-05	0,0	3,78839416328e-05	3,78839416328e-05	2,25983886781e-05	1,54973558956e-05	2,05745568593e-05	0,0	1,29724396144e-05	4,37115776291e-06	2,73323805234e-05	1,07260419335e-05	2,73323805234e-05	1,30541793535e-06	1,30121111185e-05	1,3072158485e-05
108900	6,02081683929e-05	2,18228690991e-05	0,0	3,98823846467e-05	3,98823846467e-05	2,32234741955e-05	1,68812435741e-05	2,18228690991e-05	0,0	1,57590773754e-05	5,84515869373e-06	3,11427782728e-05	1,24644717219e-05	3,11427782728e-05	2,12056914223e-06	1,44503557994e-05	1,46394308452e-05
109800	8,35953042462e-05	2,99725773749e-05	0,0	5,56835428164e-05	5,56835428164e-05	3,24778852534e-05	2,3517717081e-05	2,99725773749e-05	0,0	2,0744871184e-05	5,48062950407e-06	4,07968985805e-05	1,56151899791e-05	4,07968985805e-05	2,29874623478e-06	2,01700532592e-05	1,84125488588e-05
110700	9,17723099777e-05	3,22761144208e-05	0,0	6,17256356825e-05	6,17256356825e-05	3,73281698742e-05	2,47471309768e-05	3,22761144208e-05	0,0	2,06458089827e-05	5,95456159094e-06	4,27896700545e-05	1,62983492094e-05	4,27896700545e-05	9,6051436862e-07	2,15661278515e-05	2,03545413926e-05
111600	0,000109735003118	3,99126753792e-05	0,0	7,25579114715e-05	7,25579114715e-05	4,44593753032e-05	2,85034841479e-05	3,99126753792e-05	0,0	2,7885418445e-05	1,15648368761e-05	5,82716158469e-05	2,14321162384e-05	5,82716158469e-05	4,11145219018e-07	3,27722632966e-05	2,60593271976e-05
112500	0,000106844197998	3,93245863038e-05	0,0	7,02087264101e-05	7,02087264101e-05	4,20117577451e-05	2,85854772506e-05	3,93245863038e-05	0,0	3,01364719691e-05	1,23155796092e-05	5,78333702871e-05	2,4303455774e-05	5,78333702871e-05	2,37625387691e-06	2,9901258079e-05	2,56916989613e-05
113400	0,000135868118851	4,92947151949e-05	0,0	8,99534674002e-05	8,99534674002e-05	5,15916724398e-05	3,8863208779e-05	4,92947151949e-05	0,0	3,81648645574e-05	1,36168457867e-05	7,30944271087e-05	2,84246184918e-05	7,30944271087e-05	1,60496167003e-06	3,41028411029e-05	3,75711712434e-05
114300	0,000138753362567	5,0901987217e-05	0,0	9,13339577869e-05	9,13339577869e-05	5,56932448801e-05	3,61478463572e-05	5,0901987217e-05	0,0	3,8074389157e-05	1,94636966005e-05	7,9339023853e-05	2,96166225984e-05	7,9339023853e-05	4,61631072768e-07	4,52235679206e-05	3,38652308954e-05
115200	2,77319738843e-05	4,57832629152e-06	0,0	8,06392017318e-06	8,06392017318e-06	3,24753158705e-06	2,26864967203e-06	4,57832629152e-06	0,0	1,47313840263e-06	7,82450594266e-07	2,0764405939e-06	5,95148395754e-07	2,0764405939e-06	3,2497935916e-07	8,14720485922e-07	7,42587907111e-07
116100	2,9719259367e-05	4,78321052606e-06	0,0	8,45055500226e-06	8,45055500226e-06	3,44421414166e-06	2,22697674878e-06	4,78321052606e-06	0,0	1,30814373929e-06	6,90231389334e-07	1,7614205536e-06	5,66662213453e-07	1,7614205536e-06	-2,27361665962e-07	5,27358723607e-07	6,57462647698e-07
117000	3,6562663952e-05	5,90730775326e-06	0,0	1,04903544701e-05	1,04903544701e-05	4,12418054811e-06	2,92634838313e-06	5,90730775326e-06	0,0	1,85428948675e-06	1,05172011442e-06	2,52861660722e-06	7,79512746363e-07	2,52861660722e-06	-3,5053072769e-07	8,24743365391e-07	9,14212033187e-07
117900	0,000143867953431	5,35015376629e-05	0,0	9,40178900402e-05	9,40178900402e-05	5,64965713462e-05	3,80389157995e-05	5,35015376629e-05	0,0	4,28440143817e-05	2,13567678121e-05	8,33080489906e-05	3,49616376578e-05	8,33080489906e-05	6,67938420241e-06	3,92373640389e-05	3,75863942841e-05
118800	2,96563488957e-05	5,24079613079e-06	0,0	9,04296088031e-06	9,04296088031e-06	3,88968383881e-06	2,59551442095e-06	5,24079613079e-06	0,0	1,86579129629e-06	1,12705550182e-06	2,91530782789e-06	8,24387225326e-07	2,91530782789e-06	4,78347585459e-07	1,17425810382e-06	1,15208216821e-06
119700	4,11146183659e-05	1,61906129327e-05	0,0	2,91675063245e-05	2,91675063245e-05	2,10988330299e-05	1,13825182549e-05	1,61906129327e-05	0,0	1,31594127497e-05	6,17003021967e-06	3,12519762624e-05	7,7190865539e-06	3,12519762624e-05	3,01432375495e-06	1,8280944004e-05	1,93696845438e-05
120600	-1,2164703798e-05	-2,06611112228e-07	0,0	-4,65886635299e-06	-4,65886635299e-06	-2,17593632971e-06	-1,61044559492e-06	-2,06611112228e-07	0,0	-5,28473230629e-07	-3,05144060802e-07	-1,65838871215e-07	-1,25179253317e-07	-1,65838871215e-07	6,12115772708e-08	-5,15446322277e-08	-4,6067077375e-08
121500	6,70985750252e-05	2,59209069965e-05	0,0	4,49728939803e-05	4,49728939803e-05	2,5665553861e-05	2,15887804571e-05	2,59209069965e-05	0,0	2,2831738212e-05	9,97375687465e-07	3,80292492821e-05	1,4015521879e-05	3,80292492821e-05	3,08336791262e-06	2,09737324067e-05	1,61431974739e-05
122400	-9,96201765468e-06	-5,2559873349e-07	0,0	-3,99716022129e-06	-3,99716022129e-06	-2,06736882125e-06	-1,38110020533e-06	-5,2559873349e-07	0,0	-6,41884267329e-07	-3,46072496925e-07	-3,61790849799e-07	-1,99068399113e-07	-3,61790849799e-07	-1,24139341336e-07	-1,08997434797e-07	-1,46613504941e-07
123300	-1,61365096832e-05	-1,10981900361e-07	0,0	-5,80183782385e-06	-5,80183782385e-06	-2,61110956319e-06	-1,88667996236e-06	-1,10981900361e-07	0,0	-6,24319071749e-07	-4,31341120646e-07	-1,93446389167e-07	-1,45610266121e-07	-1,93446389167e-07	6,18480294875e-08	-8,45323286373e-08	-6,24175226308e-08
124200	-1,69911248998e-05	-3,35953768655e-07	0,0	-6,45421531357e-06	-6,45421531357e-06	-3,08979695695e-06	-2,18006224025e-06	-3,35953768655e-07	0,0	-6,49257174836e-07	-5,7388504817e-07	-2,96649877856e-07	-1,91858369687e-07	-2,96649877856e-07	-1,07106753897e-07	-9,02345732004e-08	-1,0823391914e-07
125100	-3,81615605327e-05	-8,26359405682e-07	0,0	-1,43776023254e-05	-1,43776023254e-05	-6,73606451529e-06	-4,69480417696e-06	-8,26359405682e-07	0,0	-1,88170065211e-06	-1,31057877828e-06	-1,05113205595e-06	-5,62668800806e-07	-1,05113205595e-06	-3,41585134819e-07	-3,85036259044e-07	-4,15815853444e-07
126000	-3,05289232652e-05	-9,96709622052e-07	0,0	-1,17636940692e-05	-1,17636940692e-05	-5,6274719399e-06	-3,87351329137e-06	-9,96709622052e-07	0,0	-1,80456536779e-06	-1,20922982024e-06	-1,31868492863e-06	-6,09073130355e-07	-1,31868492863e-06	-4,00828195208e-07	-5,76364771082e-07	-5,0664043292e-07
126900	-3,13734769235e-05	-1,09452929728e-06	0,0	-1,19740427627e-05	-1,19740427627e-05	-5,68628631848e-06	-3,96714196734e-06	-1,09452929728e-06	0,0	-1,9459147093e-06	-1,34104562313e-06	-1,56750090807e-06	-7,29654957007e-07	-1,56750090807e-06	-4,54140631726e-07	-7,11417619642e-07	-6,79035073562e-07
127800	-2,31799043154e-05	-8,14047311829e-07	0,0	-8,94865362075e-06	-8,94865362075e-06	-4,32436830147e-06	-2,93444112345e-06	-8,14047311829e-07	0,0	-1,45312105662e-06	-8,80756944387e-07	-1,07945588459e-06	-4,83022907084e-07	-1,07945588459e-06	-3,22206376044e-07	-4,38637388746e-07	-5,04680374514e-07
128700	-4,00437680998e-05	-1,56752759638e-06	0,0	-1,59719778722e-05	-1,59719778722e-05	-7,8401330743e-06	-5,4013659027e-06	-1,56752759638e-06	0,0	-2,33015656455e-06	-1,68162763367e-06	-1,91122599253e-06	-8,69678241509e-07	-1,91122599253e-06	-5,64993141236e-07	-8,08999308155e-07	-7,88754345545e-07
129600	-3,70493518997e-05	-1,4820295117e-06	0,0	-1,48037901253e-05	-1,48037901253e-05	-7,27679984852e-06	-5,00667384658e-06	-1,4820295117e-06	0,0	-2,12110978433e-06	-1,60105052658e-06	-1,59852621333e-06	-7,93795402804e-07	-1,59852621333e-06	-4,8789303752e-07	-7,04579881654e-07	-6,01195359181e-07
130500	-2,52493184141e-05	-1,14599991951e-06	0,0	-1,02473934683e-05	-1,02473934683e-05	-5,06718065661e-06	-3,5815988357e-06	-1,14599991951e-06	0,0	-1,57728968299e-06	-1,07178713393e-06	-1,23235188585e-06	-6,11057347884e-07	-1,23235188585e-06	-3,72807550016e-07	-5,48564209279e-07	-4,46067059135e-07
131400	-2,49174392047e-05	-8,31687094132e-07	0,0	-9,67308908074e-06	-9,67308908074e-06	-4,65814839971e-06	-3,28433163557e-06	-8,31687094132e-07	0,0	-1,41708104012e-06	-9,31485685148e-07	-7,95939641615e-07	-4,96966830024e-07	-7,95939641615e-07	-2,49775026708e-07	-3,41499144129e-07	-2,54128285602e-07
132300	-2,44567672215e-05	-8,04073935668e-07	0,0	-9,44102715945e-06	-9,44102715945e-06	-4,53950263563e-06	-3,17008290599e-06	-8,04073935668e-07	0,0	-1,37596838227e-06	-9,60173047451e-07	-9,20962967723e-07	-4,85276779277e-07	-9,20962967723e-07	-2,8397229949e-07	-4,10341055949e-07	-3,72504350077e-07
133200	-2,00320779467e-05	-5,09271240796e-07	0,0	-7,59255331535e-06	-7,59255331535e-06	-3,63809124322e-06	-2,48156011933e-06	-5,09271240796e-07	0,0	-1,04731986318e-06	-6,68488101859e-07	-5,12761130989e-07	-3,15415340724e-07	-5,12761130989e-07	1,6149005662e-07	-1,93575413263e-07	-2,06918839328e-07
134100	-0,000165031594411	-5,16238843224e-05	0,0	-0,000108228893441	-0,000108228893441	-5,84107557401e-05	-3,41885126896e-05	-5,16238843224e-05	0,0	-3,49819002113e-05	-2,84051214316e-05	-7,12798942284e-05	-2,8235677661e-05	-7,12798942284e-05	-9,76749289462e-06	-2,9662489152e-05	-3,38596615093e-05
135000	-1,64746407185e-05	-5,13299389441e-07	0,0	-6,27324722072e-06	-6,27324722072e-06	-2,99206859524e-06	-2,06021909984e-06	-5,13299389441e-07	0,0	-9,67029515366e-07	-6,45019509197e-07	-6,72850865031e-07	-3,36845010198e-07	-6,72850865031e-07	-2,03945625913e-07	-2,66753607916e-07	-2,52370266433e-07
135900	-2,37894203984e-05	-6,59484354179e-07	0,0	-9,12208091049e-06	-9,12208091049e-06	-4,31728942672e-06	-3,04342201208e-06	-6,59484354179e-07	0,0	-1,27812380149e-06	-8,71425892355e-07	-8,45973531676e-07	-4,20994839691e-07	-8,45973531676e-07	-2,6454633542e-07	-3,2645917151e-07	-3,2558882707e-07
136800	-1,12867015182e-05	-4,62229660468e-07	0,0	-4,50367752524e-06	-4,50367752524e-06	-2,19103990487e-06	-1,55237697778e-06	-4,62229660468e-07	0,0	-7,26584390594e-07	-4,4350199229e-07	-5,74413687195e-07	-2,52363399615e-07	-5,74413687195e-07	-1,68312310569e-07	-2,46615567583e-07	-2,24797117283e-07
137700	-3,99302573554e-05	-1,60995011393e-06	0,0	-1,59568572756e-05	-1,59568572756e-05	-7,78836201727e-06	-5,37804803552e-06	-1,60995011393e-06	0,0	-2,5065083709e-06	-1,63940376993e-06	-1,88679577743e-06	-8,88180942295e-07	-1,88679577743e-06	-5,73502680306e-07	-8,3397741412e-07	-7,56490140373e-07
138600	-6,1542894265e-05	-2,3461913303e-06	0,0	-2,43867929526e-05	-2,43867929526e-05	-1,18176554111e-05	-8,20059497428e-06	-2,3461913303e-06	0,0	-3,70009794962e-06	-2,57460842527e-06	-2,82776181753e-06	-1,32891666134e-06	-2,82776181753e-06	-8,61460317779e-07	-1,27020785522e-06	-1,08400130572e-06
139500	-8,55095783041e-06	-4,002996093e-07	0,0	-3,36992503995e-06	-3,36992503995e-06	-1,67721141852e-06	-1,14609105542e-06	-4,002996093e-07	0,0	-5,82637614381e-07	-3,78480424692e-07	-4,38324477108e-07	-2,15837459684e-07	-4,38324477108e-07	-1,3206392493e-07	-1,98701576302e-07	-1,68575160945e-07
140400	-4,20345142098e-05	-1,31607422527e-05	0,0	-2,55994820317e-05	-2,55994820317e-05	-1,42598044594e-05	-5,31420843794e-06	-1,31607422527e-05	0,0	-1,37599366937e-05	-9,33773653861e-06	-2,00650649534e-05	-1,02853751808e-05	-2,00650649534e-05	-1,2539497785e-06	-1,00367858325e-05	-4,79165117383e-06
141300	7,23758472443e-06	3,19877182214e-06	0,0	5,08185588298e-06	5,08185588298e-06	3,13526629807e-06	2,80150683748e-06	3,19877182214e-06	0,0	2,80961097946e-06	6,27345628413e-07	4,40372546446e-06	1,84927826322e-06	4,40372546446e-06	8,2471251542e-07	1,66506289433e-06	2,77764939944e-06
142200	3,10339643395e-07	3,06790940126e-07	0,0	3,05873235998e-07	3,05873235998e-07	2,75073911846e-07	3,09935854107e-07	3,06790940126e-07	0,0	3,05695543387e-07	2,21056417528e-07	6,63890457022e-07	3,62622738227e-08	6,63890457022e-07	8,72698051988e-08	6,24158909768e-07	4,4141526089e-07
143100	1,06277635893e-05	4,68783371446e-06	0,0	7,53167485097e-06	7,53167485097e-06	4,86618402131e-06	3,98203837693e-06	4,68783371446e-06	0,0	3,96574269782e-06	2,0059060398e-06	5,7254653321e-06	2,25787878993e-06	5,7254653321e-06	5,13955518775e-08	4,15123169911e-06	2,85091191797e-06
144000	0,000123071502617	4,61306103628e-05	0,0	8,00854635321e-05	8,00854635321e-05	4,8326524928e-05	3,21982121864e-05	4,61306103628e-05	0,0	3,76765644139e-05	1,70093634369e-05	7,53240752772e-05	2,60130284423e-05	7,53240752772e-05	4,09280165034e-06	4,57606815369e-05	3,39004804172e-05
144900	0,000115172786165	4,32744054922e-05	0,0	7,48472255377e-05	7,48472255377e-05	4,42886399193e-05	3,09681257369e-05	4,32744054922e-05	0,0	3,5446950122e-05	1,63554155407e-05	6,80016868657e-05	2,75426329463e-05	6,80016868657e-05	6,3160810853e-06	3,64148085667e-05	2,54266794811e-05
145800	9,14300403021e-05	3,38805842243e-05	0,0	5,98635965293e-05	5,98635965293e-05	3,57339847937e-05	2,44597028652e-05	3,38805842243e-05	0,0	2,64624910795e-05	1,230658307e-05	5,20223530939e-05	2,09691259156e-05	5,20223530939e-05	4,52062075908e-06	2,78890593644e-05	1,97290825908e-05
146700	0,000157831013557	5,87455263082e-05	0,0	0,00010309411169	0,00010309411169	6,18135651548e-05	4,18477230742e-05	5,87455263082e-05	0,0	4,3054888788e-05	1,93426649325e-05	8,94225286567e-05	3,22845151459e-05	8,94225286567e-05	9,47959880322e-07	4,87812391292e-05	4,18351218278e-05
147600	0,000157375386484	5,78872359134e-05	0,0	0,000103446453618	0,000103446453618	6,00522727535e-05	4,39664258635e-05	5,78872359134e-05	0,0	4,47369672059e-05	1,19676710103e-05	8,31013256806e-05	3,19740123241e-05	8,31013256806e-05	3,68569844344e-06	4,17390512125e-05	3,78666478256e-05
148500	2,76775734663e-05	4,41268613973e-06	0,0	7,88046384809e-06	7,88046384809e-06	3,07859331755e-06	2,16932245891e-06	4,41268613973e-06	0,0	1,30221948232e-06	6,52339620333e-07	1,78632439786e-06	5,18007349298e-07	1,78632439786e-06	2,77030763232e-07	6,39744139891e-07	7,08531337794e-07
149400	3,78466706504e-05	5,39012455423e-06	0,0	1,01876893888e-05	1,01876893888e-05	3,75961667159e-06	2,39666890661e-06	5,39012455423e-06	0,0	1,42301315876e-06	6,61406046617e-07	1,82376184413e-06	5,47365792063e-07	1,82376184413e-06	-2,73414252048e-07	6,87177126577e-07	6,36637700156e-07
150300	2,89664198791e-05	4,33243437741e-06	0,0	7,94981067215e-06	7,94981067215e-06	3,0489476843e-06	1,96148765595e-06	4,33243437741e-06	0,0	1,17421317862e-06	5,91141895669e-07	1,51567886054e-06	4,81708643855e-07	1,51567886054e-06	-2,10999506921e-07	5,3542722502e-07	5,12187503178e-07
151200	3,90957741899e-05	5,71029348841e-06	0,0	1,06255721926e-05	1,06255721926e-05	4,07029610352e-06	2,47050331299e-06	5,71029348841e-06	0,0	1,60344044632e-06	8,38622653962e-07	2,08359891935e-06	6,62602881824e-07	2,08359891935e-06	-2,8560208114e-07	7,46675931198e-07	6,66354355624e-07
152100	3,87848340471e-05	5,74441479495e-06	0,0	1,06426741577e-05	1,06426741577e-05	4,13729797573e-06	2,53904732448e-06	5,74441479495e-06	0,0	1,50494023305e-06	7,86033363872e-07	2,01418048811e-06	6,33377411367e-07	2,01418048811e-06	-2,82645970247e-07	7,21118491048e-07	6,91241459731e-07
153000	4,14037017027e-05	6,747751224e-06	0,0	1,18899294057e-05	1,18899294057e-05	4,78987550114e-06	3,25999620848e-06	6,747751224e-06	0,0	1,98161549751e-06	1,13973991325e-06	2,77368907447e-06	8,40655598239e-07	2,77368907447e-06	-3,92233933366e-07	9,3000398589e-07	9,64902085197e-07
153900	4,88605447175e-05	8,14937758279e-06	0,0	1,42334098534e-05	1,42334098534e-05	5,87645053452e-06	3,91920154857e-06	8,14937758279e-06	0,0	2,54857916306e-06	1,46566563533e-06	3,67600002179e-06	1,08706486821e-06	3,67600002179e-06	-5,46334439302e-07	1,35526939384e-06	1,2961098709e-06
154800	5,25399715301e-05	9,07283892602e-06	0,0	1,56198840807e-05	1,56198840807e-05	6,63181984933e-06	4,38349874883e-06	9,07283892602e-06	0,0	3,10196593747e-06	1,74747964284e-06	4,48097581893e-06	1,3117743811e-06	4,48097581893e-06	6,89603073897e-07	1,7189591015e-06	1,59813037229e-06
155700	5,06101669622e-05	8,66377267258e-06	0,0	1,49912967294e-05	1,49912967294e-05	6,32786567053e-06	4,17135829697e-06	8,66377267258e-06	0,0	2,95213375899e-06	1,70574769748e-06	4,33881753068e-06	1,25720700749e-06	4,33881753068e-06	6,71892026527e-07	1,66442896731e-06	1,57217922504e-06
156600	4,51803741322e-05	8,01634419273e-06	0,0	1,37258108501e-05	1,37258108501e-05	5,9070800796e-06	3,96767863228e-06	8,01634419273e-06	0,0	2,95533915897e-06	1,66519540215e-06	4,41153512274e-06	1,24732129814e-06	4,41153512274e-06	7,32037761602e-07	1,91119377972e-06	1,58250948498e-06
157500	5,01007083004e-05	8,01045857208e-06	0,0	1,43253086423e-05	1,43253086423e-05	5,81511311832e-06	3,78063096839e-06	8,01045857208e-06	0,0	2,23069033354e-06	1,22941729098e-06	3,23808115461e-06	9,56703616303e-07	3,23808115461e-06	5,03495830236e-07	1,36343407611e-06	1,07586239109e-06
158400	4,39112385284e-05	6,84552207943e-06	0,0	1,2326806609e-05	1,2326806609e-05	4,83462596116e-06	3,26558110115e-06	6,84552207943e-06	0,0	1,73656407491e-06	9,17477758892e-07	2,31621509943e-06	7,39547852961e-07	2,31621509943e-06	-2,9912948092e-07	7,92995970495e-07	7,44901806866e-07
159300	4,07600408628e-05	6,37829164429e-06	0,0	1,15250336266e-05	1,15250336266e-05	4,58729737712e-06	3,00290161717e-06	6,37829164429e-06	0,0	1,70535310929e-06	9,70912681327e-07	2,48729130119e-06	7,28080711269e-07	2,48729130119e-06	3,77335846591e-07	9,55245960615e-07	8,62212774625e-07
160200	2,71187962396e-05	4,33419431521e-06	0,0	7,72759215724e-06	7,72759215724e-06	3,01605816555e-06	2,13224407359e-06	4,33419431521e-06	0,0	1,29609794329e-06	7,3038703109e-07	1,80592455546e-06	5,46360943275e-07	1,80592455546e-06	-2,65864819201e-07	7,06339450782e-07	5,9081221428e-07
161100	2,84262760761e-05	4,6570856673e-06	0,0	8,19094552748e-06	8,19094552748e-06	3,31653932235e-06	2,25119957555e-06	4,6570856673e-06	0,0	1,41043754623e-06	7,74101633962e-07	1,95304494676e-06	5,85325073473e-07	1,95304494676e-06	2,85346356838e-07	7,30134317116e-07	6,40777592653e-07
162000	0,000189564964655	6,9882328227e-05	0,0	0,000124458806341	0,000124458806341	7,41282207168e-05	5,10183519098e-05	6,9882328227e-05	0,0	5,45876643132e-05	2,14331702474e-05	0,00010360722213	4,29458015251e-05	0,00010360722213	3,07989425661e-06	5,50488673733e-05	4,57295108404e-05
162900	2,64480622686e-05	4,36532586633e-06	0,0	7,63797408994e-06	7,63797408994e-06	3,10047742413e-06	2,12635930145e-06	4,36532586633e-06	0,0	1,29720561004e-06	7,08779070139e-07	1,7503619378e-06	5,50175431014e-07	1,7503619378e-06	-2,45371242069e-07	6,37449916516e-07	5,6638001819e-07
163800	2,52257058783e-05	4,10837535784e-06	0,0	7,24864984739e-06	7,24864984739e-06	2,91310372536e-06	1,98167676306e-06	4,10837535784e-06	0,0	1,26197615483e-06	7,16170553913e-07	1,77058987998e-06	5,39140994652e-07	1,77058987998e-06	-2,6500894058e-07	6,85597056251e-07	5,97265982498e-07
164700	0,000156869190142	5,64995512401e-05	0,0	0,000104249504613	0,000104249504613	6,15809996146e-05	4,32512667087e-05	5,64995512401e-05	0,0	3,97134383134e-05	1,81206223103e-05	8,12205559543e-05	3,35907267336e-05	8,12205559543e-05	6,26083691841e-08	4,39560868024e-05	3,75274330318e-05
165600	0,000150067209768	5,40320444294e-05	0,0	9,97459269774e-05	9,97459269774e-05	5,91625297805e-05	4,1141161629e-05	5,40320444294e-05	0,0	3,69765979562e-05	1,50743447984e-05	7,69322252175e-05	2,95860142793e-05	7,69322252175e-05	2,03854204912e-06	4,4030427727e-05	3,51385823677e-05
166500	0,000151534370183	5,50263604521e-05	0,0	0,000100280230392	0,000100280230392	5,92030332867e-05	4,1635491808e-05	5,50263604521e-05	0,0	3,87507987977e-05	1,43864557411e-05	7,82688459387e-05	3,03410968163e-05	7,82688459387e-05	2,42240188864e-07	3,77844632483e-05	4,04388685607e-05
167400	0,000128247691346	4,65158773248e-05	0,0	8,4921615021e-05	8,4921615021e-05	4,88063226348e-05	3,65886733054e-05	4,65158773248e-05	0,0	3,40509557528e-05	1,29128166651e-05	6,80771322665e-05	2,58041551719e-05	6,80771322665e-05	5,79774518854e-07	3,49645634113e-05	3,27028017264e-05
168300	0,000106208200133	3,8537785635e-05	0,0	7,03130906536e-05	7,03130906536e-05	3,97466262433e-05	3,09589349036e-05	3,8537785635e-05	0,0	2,73819033754e-05	1,05876580836e-05	5,61776253788e-05	2,06566434337e-05	5,61776253788e-05	2,15893661935e-07	2,6306333843e-05	3,0236293089e-05
169200	0,00011514703947	4,13565001668e-05	0,0	7,663264832e-05	7,663264832e-05	4,37030844439e-05	3,33590989067e-05	4,13565001668e-05	0,0	2,90997108155e-05	8,71687860108e-06	5,79003013671e-05	2,15879643609e-05	5,79003013671e-05	1,10744385157e-06	2,98744232215e-05	2,92801449361e-05
170100	0,000113622657891	4,07032746552e-05	0,0	7,57182480701e-05	7,57182480701e-05	4,45659990376e-05	3,15766809032e-05	4,07032746552e-05	0,0	2,94405363993e-05	9,06223953957e-06	5,67729938015e-05	2,27466481127e-05	5,67729938015e-05	1,92523281377e-06	2,73603928777e-05	2,76152256539e-05
171000	8,18814406951e-05	2,99060581925e-05	0,0	5,40236234101e-05	5,40236234101e-05	3,3078306109e-05	2,12462020798e-05	2,99060581925e-05	0,0	2,27999448295e-05	8,23798621028e-06	4,29845609205e-05	1,82172815802e-05	4,29845609205e-05	1,12443507805e-06	2,07562821294e-05	2,1207275052e-05
171900	8,22475572049e-05	3,04400686702e-05	0,0	5,38871581773e-05	5,38871581773e-05	3,21486911091e-05	2,20357983955e-05	3,04400686702e-05	0,0	2,3911636214e-05	8,27301920841e-06	4,43994718003e-05	1,84987976525e-05	4,43994718003e-05	1,85587064503e-06	2,09102853969e-05	2,17397063647e-05
172800	7,99255755437e-05	2,94610511551e-05	0,0	5,24787930496e-05	5,24787930496e-05	3,10536872139e-05	2,17151704341e-05	2,94610511551e-05	0,0	2,44725814987e-05	8,62556684839e-06	4,39776084991e-05	1,88633767088e-05	4,39776084991e-05	1,95722845501e-06	2,21247102425e-05	2,00003747343e-05
173700	5,9945209295e-05	2,19948714714e-05	0,0	3,94555518193e-05	3,94555518193e-05	2,39118786967e-05	1,57626464261e-05	2,19948714714e-05	0,0	1,70617148341e-05	7,94609915714e-06	3,41256111418e-05	1,30992427585e-05	3,41256111418e-05	3,60107529954e-07	1,79809028435e-05	1,58748726088e-05
174600	7,14667857955e-05	2,62268753718e-05	0,0	4,70345909285e-05	4,70345909285e-05	2,96803597101e-05	1,76171559938e-05	2,62268753718e-05	0,0	1,95549289923e-05	1,01002905053e-05	3,92214905025e-05	1,69128940998e-05	3,92214905025e-05	2,94067154728e-06	1,90534764762e-05	1,7314927686e-05
175500	4,67649636595e-05	1,7268231126e-05	0,0	3,06771669307e-05	3,06771669307e-05	1,87898300796e-05	1,20572808293e-05	1,7268231126e-05	0,0	1,27345951318e-05	5,2323792612e-06	2,48192811406e-05	1,05667642271e-05	2,48192811406e-05	3,25700293495e-06	1,14168967901e-05	1,01936553723e-05
176400	3,53763137109e-05	1,26621844719e-05	0,0	2,35852866577e-05	2,35852866577e-05	1,447925179e-05	9,23880002864e-06	1,26621844719e-05	0,0	9,05147195231e-06	3,38450522281e-06	1,7377395758e-05	7,81873804158e-06	1,7377395758e-05	1,77266430068e-06	7,60914619567e-06	8,02941914591e-06
177300	3,45901684902e-05	1,29165651124e-05	0,0	2,25549285781e-05	2,25549285781e-05	1,31756659066e-05	9,50311456674e-06	1,29165651124e-05	0,0	1,04461908903e-05	4,40902872796e-06	1,83536564083e-05	9,53892673759e-06	1,83536564083e-05	3,24485278864e-06	7,6735551315e-06	7,46893745566e-06
178200	2,96183148921e-05	1,09113017613e-05	0,0	1,94532851553e-05	1,94532851553e-05	1,12784634288e-05	8,28241451707e-06	1,09113017613e-05	0,0	8,64092068579e-06	3,43912405542e-06	1,63101468627e-05	6,78493009582e-06	1,63101468627e-05	5,96747249598e-07	8,68679302351e-06	7,06584358737e-06
179100	3,97981334111e-05	1,46747128138e-05	0,0	2,61268626966e-05	2,61268626966e-05	1,63169274146e-05	9,95529059513e-06	1,46747128138e-05	0,0	1,03785798997e-05	5,61524619903e-06	2,15834961103e-05	9,22088845752e-06	2,15834961103e-05	9,39185327513e-07	1,11339354824e-05	9,56093183653e-06
180000	2,79733698968e-05	1,02950103198e-05	0,0	1,83826183152e-05	1,83826183152e-05	1,11572765652e-05	7,32724270791e-06	1,02950103198e-05	0,0	7,45618028771e-06	3,15060808183e-06	1,52163078439e-05	5,77799263551e-06	1,52163078439e-05	3,96362530063e-08	7,84666945566e-06	7,44925315062e-06
180900	2,01548515298e-05	7,24711241272e-06	0,0	1,34058758089e-05	1,34058758089e-05	7,96573677884e-06	5,51521065331e-06	7,24711241272e-06	0,0	5,0249483933e-06	1,24661096723e-06	9,60994979159e-06	3,95851845966e-06	9,60994979159e-06	5,66740165673e-07	4,37470318019e-06	4,68833803408e-06
181800	1,89947266628e-05	6,79831170657e-06	0,0	1,26641975233e-05	1,26641975233e-05	7,57850975763e-06	5,15678878083e-06	6,79831170657e-06	0,0	4,45101973357e-06	1,81270997266e-06	9,45920656587e-06	3,65443377658e-06	9,45920656587e-06	4,03483273774e-07	4,32656082601e-06	4,75035492064e-06
182700	1,89787303079e-05	6,96895377234e-06	0,0	1,24867427399e-05	1,24867427399e-05	7,22220406261e-06	5,33372831886e-06	6,96895377234e-06	0,0	5,32939817256e-06	1,73460585289e-06	1,01044468358e-05	3,98872531157e-06	1,01044468358e-05	3,51287418879e-07	4,91215113949e-06	4,86511507275e-06
183600	1,99572748941e-05	7,25237779156e-06	0,0	1,32022704335e-05	1,32022704335e-05	7,66612305505e-06	5,60968342547e-06	7,25237779156e-06	0,0	5,47137261541e-06	2,04812180688e-06	1,08104997607e-05	4,02672211951e-06	1,08104997607e-05	1,82604618504e-07	5,60587884372e-06	5,41652323436e-06
184500	1,68525749395e-05	6,19642849685e-06	0,0	1,10801440346e-05	1,10801440346e-05	6,67175319941e-06	4,46979863445e-06	6,19642849685e-06	0,0	4,57293279341e-06	1,96360094496e-06	9,26679346038e-06	3,52343096897e-06	9,26679346038e-06	1,99221292354e-07	4,84310089186e-06	4,64860862339e-06
185400	2,07246743316e-05	7,48703563076e-06	0,0	1,37517414291e-05	1,37517414291e-05	8,30183675594e-06	5,52680538679e-06	7,48703563076e-06	0,0	4,52924284206e-06	2,07417206465e-06	1,00355416796e-05	4,10811390355e-06	1,00355416796e-05	6,19001667522e-07	4,60405670257e-06	4,83332359162e-06
186300	1,40784579497e-05	5,08321042956e-06	0,0	9,34434792621e-06	9,34434792621e-06	5,39306554639e-06	4,00350246691e-06	5,08321042956e-06	0,0	3,82788019158e-06	1,28613204888e-06	7,33047446973e-06	2,90953787657e-06	7,33047446973e-06	4,4425961513e-07	3,38039619892e-06	3,52217672835e-06
187200	1,63877127291e-05	5,93331237952e-06	0,0	1,08616382472e-05	1,08616382472e-05	6,46148622369e-06	4,46077609389e-06	5,93331237952e-06	0,0	4,3074279249e-06	1,76382142762e-06	8,6216497984e-06	3,43406441815e-06	8,6216497984e-06	3,18243146823e-07	4,20871150639e-06	4,11490207974e-06
188100	1,52784710832e-05	5,55712919461e-06	0,0	1,01024037647e-05	1,01024037647e-05	6,15477703843e-06	4,00399399922e-06	5,55712919461e-06	0,0	4,11289594915e-06	1,56862875497e-06	8,08765924348e-06	3,19914215383e-06	8,08765924348e-06	2,15056540174e-07	3,99120558161e-06	3,90087830197e-06
189000	1,5513874771e-05	5,67287742702e-06	0,0	1,02295818056e-05	1,02295818056e-05	6,12377905176e-06	4,16262416018e-06	5,67287742702e-06	0,0	3,93621026888e-06	1,46496509385e-06	7,81967633665e-06	3,29852351398e-06	7,81967633665e-06	4,70846141392e-07	3,67207650761e-06	3,6935465034e-06
189900	1,46700794038e-05	5,38475857382e-06	0,0	9,65389960143e-06	9,65389960143e-06	5,66181741623e-06	4,04557555274e-06	5,38475857382e-06	0,0	3,93692250129e-06	1,61283359934e-06	7,68244203387e-06	3,29819396185e-06	7,68244203387e-06	7,91602359199e-07	3,35198964068e-06	3,55473078594e-06
190800	1,46187539e-05	5,28396065767e-06	0,0	9,69759457607e-06	9,69759457607e-06	5,60235032526e-06	4,14941515704e-06	5,28396065767e-06	0,0	3,83784975131e-06	1,35368972989e-06	7,50428857504e-06	3,01427099952e-06	7,50428857504e-06	5,29951299141e-07	3,42258707859e-06	3,5679181081e-06
191700	1,82517625279e-05	6,53842328002e-06	0,0	1,21631458645e-05	1,21631458645e-05	7,2485937114e-06	4,98279650987e-06	6,53842328002e-06	0,0	4,57831145902e-06	1,46755765922e-06	9,07912804792e-06	3,55470833494e-06	9,07912804792e-06	1,75059444525e-07	4,57180063286e-06	4,35311505163e-06
192600	2,27886063186e-05	8,25316885467e-06	0,0	1,51018371471e-05	1,51018371471e-05	9,15577438954e-06	6,03044931749e-06	8,25316885467e-06	0,0	6,27562979527e-06	2,42975142831e-06	1,25007734271e-05	4,53427908225e-06	1,25007734271e-05	4,28903161861e-07	5,94743372107e-06	7,019254262e-06
193500	1,80459116498e-05	6,53904296361e-06	0,0	1,19555961196e-05	1,19555961196e-05	6,99771478696e-06	5,02455500838e-06	6,53904296361e-06	0,0	4,93271669797e-06	1,27378317944e-06	9,1031935194e-06	3,6932203284e-06	9,1031935194e-06	3,35062549531e-07	4,48836346807e-06	4,30018274447e-06
194400	2,07263611277e-05	7,56142613156e-06	0,0	1,36830944334e-05	1,36830944334e-05	7,90385458389e-06	5,85530673506e-06	7,56142613156e-06	0,0	5,74786196752e-06	1,80166931878e-06	1,05577235659e-05	4,61455908674e-06	1,05577235659e-05	1,27816329273e-06	4,60122972202e-06	4,69879412198e-06
195300	2,3305802344e-05	8,3614289031e-06	0,0	1,55193798693e-05	1,55193798693e-05	8,63924357514e-06	6,96746314392e-06	8,3614289031e-06	0,0	6,23568800152e-06	1,44822674471e-06	1,1621079173e-05	4,487407525e-06	1,1621079173e-05	4,97145589205e-07	5,76913032849e-06	5,38016449629e-06
196200	2,76639067422e-05	9,99068427111e-06	0,0	1,83592547044e-05	1,83592547044e-05	1,07609953327e-05	7,70079915992e-06	9,99068427111e-06	0,0	6,92716920177e-06	2,79560193089e-06	1,43401122975e-05	5,45550604526e-06	1,43401122975e-05	1,91963654782e-07	7,30835625287e-06	6,87445967966e-06
197100	3,05987934922e-05	1,1052758133e-05	0,0	2,03049474306e-05	2,03049474306e-05	1,22694693441e-05	8,14904646088e-06	1,1052758133e-05	0,0	8,05586489535e-06	2,95173312716e-06	1,59978362292e-05	6,15554654626e-06	1,59978362292e-05	9,36863627388e-08	8,02968768772e-06	7,91440757617e-06
198000	3,29337634233e-05	1,19281297907e-05	0,0	2,18241703551e-05	2,18241703551e-05	1,29926931294e-05	8,95324562784e-06	1,19281297907e-05	0,0	8,93072130899e-06	2,88479847159e-06	1,63850474876e-05	7,45240037514e-06	1,63850474876e-05	1,39210194097e-06	7,48684036246e-06	7,5391649338e-06
198900	3,48345385826e-05	1,27882985414e-05	0,0	2,29214281093e-05	2,29214281093e-05	1,32026752123e-05	9,84579688845e-06	1,27882985414e-05	0,0	9,98444251361e-06	2,96287674991e-06	1,72474956417e-05	8,58930597944e-06	1,72474956417e-05	2,30762521707e-06	7,03395783021e-06	7,938311882e-06
199800	3,72761066243e-05	1,37732346934e-05	0,0	2,44443352345e-05	2,44443352345e-05	1,40460733248e-05	1,0533314925e-05	1,37732346934e-05	0,0	1,12375327743e-05	4,57492774024e-06	2,12248929028e-05	8,50024113196e-06	2,12248929028e-05	9,37311835239e-07	1,08204931451e-05	9,51927247777e-06
200700	5,93682841298e-05	2,19243160936e-05	0,0	3,89425724491e-05	3,89425724491e-05	2,26365130262e-05	1,65211218847e-05	2,19243160936e-05	0,0	1,73872066441e-05	9,22893752171e-06	3,48095162931e-05	1,39695683597e-05	3,48095162931e-05	1,77684805481e-07	1,69577850971e-05	1,81302927482e-05
201600	0,000109097337375	3,86466206927e-05	0,0	7,31152269053e-05	7,31152269053e-05	4,77784111253e-05	2,57574120855e-05	3,86466206927e-05	0,0	2,54271252166e-05	1,50677290552e-05	5,44151191709e-05	2,50456861257e-05	5,44151191709e-05	8,54880111188e-06	2,34668191801e-05	2,24961783558e-05
202500	8,28215612218e-05	3,04300684891e-05	0,0	5,4473233241e-05	5,4473233241e-05	3,1926084084e-05	2,28486912766e-05	3,04300684891e-05	0,0	2,33620051546e-05	1,12744210167e-05	4,7582059693e-05	1,77956082539e-05	4,7582059693e-05	1,74752248345e-07	2,26187453576e-05	2,52740293632e-05
203400	0,000154164650917	5,60410459958e-05	0,0	0,000101964519572	0,000101964519572	5,61201504547e-05	4,64151441212e-05	5,60410459958e-05	0,0	4,39200930421e-05	9,8915039954e-06	8,08551973947e-05	2,94583271121e-05	8,08551973947e-05	1,18958833977e-06	4,30408683373e-05	3,92133563392e-05
204300	0,000173064783927	6,43347378008e-05	0,0	0,000113120807935	0,000113120807935	6,47760133807e-05	4,89675735401e-05	6,43347378008e-05	0,0	5,22626624338e-05	1,11255236265e-05	9,58031712437e-05	3,24921251875e-05	9,58031712437e-05	5,40220717657e-06	5,36780971256e-05	4,78123780591e-05
205200	3,74481020658e-05	6,21444655586e-06	0,0	1,088576275e-05	1,088576275e-05	4,4756148694e-06	3,01391144866e-06	6,21444655586e-06	0,0	1,83782203885e-06	9,44796259407e-07	2,61716972564e-06	7,58997621094e-07	2,61716972564e-06	4,09195225308e-07	9,81678382665e-07	9,96071454563e-07
206100	3,57784412595e-05	5,62930306817e-06	0,0	1,01344599822e-05	1,01344599822e-05	3,94287255692e-06	2,70189334733e-06	5,62930306817e-06	0,0	1,72359549271e-06	1,00656550057e-06	2,54192925732e-06	7,17094643129e-07	2,54192925732e-06	4,02076109886e-07	9,64513319176e-07	9,37964400221e-07
207000	9,03067140697e-05	3,57424113238e-05	0,0	5,98456955067e-05	5,98456955067e-05	3,79405641842e-05	2,50864974642e-05	3,57424113238e-05	0,0	2,94342599005e-05	1,4356930346e-05	5,68891083384e-05	2,59807327233e-05	5,68891083384e-05	1,13853064279e-05	2,64796857397e-05	2,20788411651e-05
207900	9,43850793687e-05	3,57372154573e-05	0,0	6,57718155924e-05	6,57718155924e-05	4,60840419655e-05	2,47542688489e-05	3,57372154573e-05	0,0	2,63957481252e-05	1,20936112956e-05	5,6990649627e-05	2,23778348412e-05	5,6990649627e-05	9,10370977959e-06	2,16286945844e-05	3,11957106716e-05
208800	-1,30417866206e-07	-1,14601620421e-07	0,0	-4,89451862168e-08	-4,89451862168e-08	-1,34096147061e-07	-2,21311643211e-07	-1,14601620421e-07	0,0	-4,38047902685e-08	-1,26243703685e-07	-4,32711743001e-07	-1,48637539933e-07	-4,32711743001e-07	-2,10323980475e-07	-1,9089999964e-07	-6,42390302666e-07
209700	-7,10255744115e-05	-2,20713406589e-05	0,0	-4,13734685856e-05	-4,13734685856e-05	-1,38842304621e-05	-1,51786155756e-05	-2,20713406589e-05	0,0	-3,49680119113e-05	-1,1848220309e-05	-3,90550929358e-05	-1,78797725351e-05	-3,90550929358e-05	-2,74393074917e-06	-1,49310394932e-05	-1,38150286024e-05
210600	-1,25132213101e-08	-2,38658776843e-08	0,0	-3,0583532315e-08	-3,0583532315e-08	-7,73795013894e-08	-3,52260320926e-08	-2,38658776843e-08	0,0	-2,57844101185e-08	-2,26259325324e-08	-2,92174089182e-08	-1,69251089769e-08	-2,92174089182e-08	-1,75970061662e-08	-2,99803214616e-09	-2,95738358956e-08
211500	-1,5487833162e-05	-1,03892406116e-06	0,0	-6,6283545349e-06	-6,6283545349e-06	-3,32809789488e-06	-2,42416015115e-06	-1,03892406116e-06	0,0	-1,24529938146e-06	-7,0152191473e-07	-1,17880173826e-06	-4,85837124586e-07	-1,17880173826e-06	-3,16286616327e-07	-5,06446011426e-07	-4,40708212671e-07
212400	-1,21960558682e-05	-3,49060982968e-06	0,0	-5,97024069722e-06	-5,97024069722e-06	-5,11629579398e-06	-2,7265585381e-06	-3,49060982968e-06	0,0	-4,80016078631e-06	-4,71356634206e-06	-4,90369263772e-06	-4,55507196638e-06	-4,90369263772e-06	-4,25117371907e-07	-2,05438567018e-06	-2,79171631219e-06
213300	-1,18725270094e-05	-3,97656648829e-07	0,0	-4,57728330034e-06	-4,57728330034e-06	-2,20992504186e-06	-1,55456034121e-06	-3,97656648829e-07	0,0	-6,55476504422e-07	-4,50764208721e-07	-4,08320296754e-07	-2,13844520965e-07	-4,08320296754e-07	-1,33691466494e-07	-1,67714227855e-07	-1,531005731e-07
214200	-2,81395446107e-05	-8,1787856576e-07	0,0	-1,0852456929e-05	-1,0852456929e-05	-5,23329435111e-06	-3,58479625457e-06	-8,1787856576e-07	0,0	-1,5504982319e-06	-9,78088063344e-07	-9,31776970648e-07	-4,83605429308e-07	-9,31776970648e-07	-3,01442777229e-07	-3,7276363943e-07	-3,471637127e-07
215100	-6,52207172977e-05	-1,94298306146e-05	0,0	-3,87055889966e-05	-3,87055889966e-05	-1,69727526428e-05	-1,03186654182e-05	-1,94298306146e-05	0,0	-1,34272062219e-05	-1,02642049637e-05	-1,92996333461e-05	-1,23956328365e-05	-1,92996333461e-05	-4,64796741794e-06	-9,48734953269e-07	-1,07728845283e-05
216000	-1,53147735782e-05	-1,570408898e-07	0,0	-5,47992374714e-06	-5,47992374714e-06	-2,48470943724e-06	-1,77227895504e-06	-1,570408898e-07	0,0	-6,47922936942e-07	-4,53313265236e-07	-3,03094240202e-07	-1,62729352825e-07	-3,03094240202e-07	-1,03730061357e-07	-1,54056411637e-07	-8,71944117562e-08
216900	-3,64570387891e-05	-8,87823242989e-07	0,0	-1,37158387704e-05	-1,37158387704e-05	-6,45708927086e-06	-4,50351846712e-06	-8,87823242989e-07	0,0	-1,91015546331e-06	-1,28039308966e-06	-1,12425269536e-06	-5,90609672592e-07	-1,12425269536e-06	-3,58025475219e-07	-4,90253236165e-07	-4,17690960644e-07
217800	-4,85702117639e-05	-1,31402808966e-05	0,0	-2,97989854278e-05	-2,97989854278e-05	-1,71493940266e-05	-3,81112724899e-06	-1,31402808966e-05	0,0	-8,91101782208e-06	-1,38544444422e-05	-2,13802687366e-05	-5,6269339631e-06	-2,13802687366e-05	-1,28531349883e-05	-1,79968397218e-05	-6,87206519937e-06
218700	-1,37483977079e-05	-5,27851718281e-07	0,0	-5,39140624962e-06	-5,39140624962e-06	-2,66115242298e-06	-1,8587741355e-06	-5,27851718281e-07	0,0	-7,42844383492e-07	-5,76173037925e-07	-6,10582323095e-07	-2,60230648171e-07	-6,10582323095e-07	-1,86591443338e-07	-3,01003500642e-07	-2,26704943541e-07
219600	-4,98129752164e-05	-1,51557578717e-06	0,0	-1,91935944841e-05	-1,91935944841e-05	-9,15673071996e-06	-6,4377306828e-06	-1,51557578717e-06	0,0	-2,63934037496e-06	-1,95453452147e-06	-1,91873703361e-06	-8,84387736963e-07	-1,91873703361e-06	-5,96622548541e-07	-9,22462174096e-07	-7,61060026023e-07
220500	-8,68767124273e-05	-3,45565519376e-06	0,0	-3,51349011948e-05	-3,51349011948e-05	-1,72505634309e-05	-1,2149337821e-05	-3,45565519376e-06	0,0	-4,84655943494e-06	-3,48831774594e-06	-3,60265477865e-06	-1,74779279602e-06	-3,60265477865e-06	-1,12771741558e-06	-1,65078655892e-06	-1,29396377029e-06
221400	-0,000112615904524	-4,59899480653e-06	0,0	-4,55548984033e-05	-4,55548984033e-05	-2,23695559893e-05	-1,56107122481e-05	-4,59899480653e-06	0,0	-6,31033700488e-06	-4,80954833786e-06	-4,96219192858e-06	-2,38259137515e-06	-4,96219192858e-06	-1,52444299205e-06	-2,20113151159e-06	-1,93244815925e-06
222300	-6,76036303836e-05	-2,2350850455e-05	0,0	-3,89824913695e-05	-3,89824913695e-05	-2,61622539956e-05	-2,05350063428e-06	-2,2350850455e-05	0,0	-2,43062274512e-05	-1,44701137574e-05	-3,05426637987e-05	-2,01413169298e-05	-3,05426637987e-05	-3,10920560044e-06	-8,13611984798e-06	-1,39911561242e-05
223200	8,02370048231e-05	2,93196620402e-05	0,0	5,81100878649e-05	5,81100878649e-05	2,84131994588e-05	3,52518456987e-05	2,93196620402e-05	0,0	1,60122580183e-05	7,2873111386e-06	4,74048470487e-05	1,0737679072e-05	4,74048470487e-05	4,30563387872e-06	3,5607073324e-05	2,15671130206e-05
224100	-2,44501965407e-05	-6,46606615406e-06	0,0	-1,32936942277e-05	-1,32936942277e-05	-4,28445964638e-06	-2,63543188646e-06	-6,46606615406e-06	0,0	-1,23614570771e-05	-9,62913794603e-06	-1,32653365668e-05	-8,93870170462e-06	-1,32653365668e-05	-3,34209217234e-06	-2,82191922565e-06	-7,15372680257e-06
225000	-3,81732294989e-05	-9,13150334293e-06	0,0	-2,41599407127e-05	-2,41599407127e-05	-1,14401551836e-05	-5,3280862025e-06	-9,13150334293e-06	0,0	-2,78808992907e-06	-6,07260402415e-06	-7,11443110318e-06	-3,29656942565e-06	-7,11443110318e-06	-4,54815094612e-06	-3,11660359371e-06	-6,90132537355e-06
225900	-9,98485534941e-07	-1,49002890507e-07	0,0	-3,60856877631e-07	-3,60856877631e-07	-1,34175346318e-07	-6,31543174971e-07	-1,49002890507e-07	0,0	-5,30495260087e-07	-1,52750882807e-06	-1,82779911847e-07	-1,23557905139e-07	-1,82779911847e-07	-1,07886006471e-06	-6,33879356958e-08	-3,65517552096e-07
226800	0,000107312338603	4,03544957665e-05	0,0	7,22186693136e-05	7,22186693136e-05	4,05904974224e-05	3,45398483183e-05	4,03544957665e-05	0,0	3,11938221149e-05	7,02573245775e-06	4,77292428669e-05	1,95492108091e-05	4,77292428669e-05	2,00424834691e-06	2,34186543283e-05	2,49651570009e-05
227700	3,67831363667e-05	1,38244744712e-05	0,0	2,60435563677e-05	2,60435563677e-05	1,48019773199e-05	1,35338931531e-05	1,38244744712e-05	0,0	6,90399538177e-06	5,08742721749e-06	1,31943004562e-05	4,65966277733e-06	1,31943004562e-05	1,69912576403e-06	5,0417313508e-06	8,65625764254e-06
228600	5,34820399987e-05	2,07338266388e-05	0,0	3,60841208329e-05	3,60841208329e-05	2,23076978774e-05	1,59011530942e-05	2,07338266388e-05	0,0	1,42619355066e-05	2,61441179771e-06	2,6648284279e-05	1,30659949387e-05	2,6648284279e-05	5,60591073362e-06	1,03417097098e-05	1,27195615714e-05
229500	0,000136314365086	5,10248412356e-05	0,0	8,98709832022e-05	8,98709832022e-05	5,34915692119e-05	3,7974867395e-05	5,10248412356e-05	0,0	4,01534312202e-05	9,10333722974e-06	7,11037396947e-05	3,07109707181e-05	7,11037396947e-05	7,75107146344e-06	2,92826712164e-05	3,53462563276e-05
230400	3,15259060562e-05	5,14355828064e-06	0,0	9,06094432606e-06	9,06094432606e-06	3,69706795696e-06	2,45122800635e-06	5,14355828064e-06	0,0	1,48497435811e-06	8,18711334854e-07	2,0672090709e-06	6,35751382315e-07	2,0672090709e-06	-2,97230721006e-07	6,72620702342e-07	7,87562694156e-07
231300	0,000156598261153	5,8189766044e-05	0,0	0,000102380324529	0,000102380324529	6,01641018477e-05	4,27795293613e-05	5,8189766044e-05	0,0	4,61897969977e-05	1,70381195503e-05	8,62142539336e-05	3,5747458907e-05	8,62142539336e-05	9,68077676489e-06	3,70132026114e-05	3,97045577623e-05
232200	2,8246617502e-05	4,70649959267e-06	0,0	8,21329482722e-06	8,21329482722e-06	3,41674284179e-06	2,24650876072e-06	4,70649959267e-06	0,0	1,38053374388e-06	7,58586843139e-07	1,97204224639e-06	5,94605772096e-07	1,97204224639e-06	-2,82311032178e-07	6,5161802721e-07	7,5368756199e-07
233100	3,43340734653e-05	5,45566456464e-06	0,0	9,76625126306e-06	9,76625126306e-06	3,99074747275e-06	2,50743955791e-06	5,45566456464e-06	0,0	1,53057125244e-06	8,24813252009e-07	2,18587038518e-06	6,51496740408e-07	2,18587038518e-06	-3,18640505518e-07	7,4905329405e-07	8,34011537101e-07
234000	0,000189202447769	6,82961030138e-05	0,0	0,000125593626999	0,000125593626999	8,01217058744e-05	4,618164584e-05	6,82961030138e-05	0,0	4,17106688491e-05	2,72173526898e-05	0,000100868122735	3,69523682716e-05	0,000100868122735	1,18374907827e-06	4,88624502373e-05	5,34610693194e-05
234900	3,18342147484e-05	4,80333953919e-06	0,0	8,78906138463e-06	8,78906138463e-06	3,36030624623e-06	2,21252793588e-06	4,80333953919e-06	0,0	1,31274069853e-06	7,7322675284e-07	1,8134324333e-06	5,7806274002e-07	1,8134324333e-06	-2,42257917759e-07	5,46999135126e-07	7,01853117705e-07
235800	3,57808486549e-05	5,14316824924e-06	0,0	9,60484910543e-06	9,60484910543e-06	3,40250956151e-06	2,45681717852e-06	5,14316824924e-06	0,0	1,1734529697e-06	6,51162941847e-07	1,4384279949e-06	5,0978590764e-07	1,4384279949e-06	-1,62361876004e-07	3,78072828352e-07	5,03951001581e-07
236700	3,0514254663e-05	4,62500718103e-06	0,0	8,41379488522e-06	8,41379488522e-06	3,1317100338e-06	2,22161479141e-06	4,62500718103e-06	0,0	1,28432313081e-06	7,05093163229e-07	1,62451756223e-06	5,5297007588e-07	1,62451756223e-06	-2,18532528683e-07	5,94998135432e-07	5,05147214173e-07
237600	3,00234645922e-05	4,67980658575e-06	0,0	8,43352973317e-06	8,43352973317e-06	3,2673001115e-06	2,23947479226e-06	4,67980658575e-06	0,0	1,33956525603e-06	7,47308953154e-07	1,82127547535e-06	5,75728662309e-07	1,82127547535e-06	-2,75506686928e-07	6,98981916573e-07	6,30506069801e-07
238500	3,25165896605e-05	4,81514553065e-06	0,0	8,85269807991e-06	8,85269807991e-06	3,30804691466e-06	2,21785490608e-06	4,81514553065e-06	0,0	1,25995689912e-06	6,49606525727e-07	1,55753030497e-06	5,33322673727e-07	1,55753030497e-06	-2,06693564849e-07	5,50595991188e-07	4,93113427926e-07
239400	4,05424562062e-05	6,29130914991e-06	0,0	1,13070173171e-05	1,13070173171e-05	4,36708205811e-06	2,97990342965e-06	6,29130914991e-06	0,0	1,71772293655e-06	9,48873312284e-07	2,25976644662e-06	7,43985975642e-07	2,25976644662e-06	-3,00585866949e-07	7,12920806057e-07	8,08634574119e-07
240300	4,70905966137e-05	7,51029104913e-06	0,0	1,32318875028e-05	1,32318875028e-05	5,22086291332e-06	3,58236067665e-06	7,51029104913e-06	0,0	1,95676767358e-06	1,03460556473e-06	2,38146223773e-06	8,56643419345e-07	2,38146223773e-06	-2,24521724763e-07	6,18451375289e-07	6,91375777319e-07
241200	4,96106711045e-05	7,94038447687e-06	0,0	1,40661787847e-05	1,40661787847e-05	5,55614825388e-06	3,84337305852e-06	7,94038447687e-06	0,0	2,19041216874e-06	1,09818861656e-06	2,87722827525e-06	8,89429257391e-07	2,87722827525e-06	-4,07317682092e-07	9,93982691086e-07	9,93611417102e-07
242100	4,64945771101e-05	7,55209915975e-06	0,0	1,32515296779e-05	1,32515296779e-05	5,36825208885e-06	3,56503061139e-06	7,55209915975e-06	0,0	2,16209302907e-06	1,17190355295e-06	2,87361116463e-06	9,05688621348e-07	2,87361116463e-06	-4,16025743208e-07	9,90704735271e-07	9,77590927072e-07
243000	5,05741085399e-05	8,07563566593e-06	0,0	1,43064470872e-05	1,43064470872e-05	5,81739364535e-06	3,74023977266e-06	8,07563566593e-06	0,0	2,01494312861e-06	1,11062377463e-06	2,78924411636e-06	8,71113528676e-07	2,78924411636e-06	-4,02086197567e-07	9,63802876912e-07	9,50507296075e-07
243900	6,64593881202e-05	1,05122327088e-05	0,0	1,85960006649e-05	1,85960006649e-05	7,40232273127e-06	4,87114673183e-06	1,05122327088e-05	0,0	2,72268811545e-06	1,54951773439e-06	3,44848074646e-06	1,1917081535e-06	3,44848074646e-06	-4,31610287842e-07	1,1157133381e-06	9,80477913918e-07
244800	5,88166058199e-05	9,11267653255e-06	0,0	1,63550002214e-05	1,63550002214e-05	6,39061798798e-06	4,24439574807e-06	9,11267653255e-06	0,0	2,26461907658e-06	1,30735108909e-06	2,97170419039e-06	1,04069899447e-06	2,97170419039e-06	-4,28477192703e-07	1,08702401725e-06	1,02608014867e-06
245700	4,62167636537e-05	6,73942838995e-06	0,0	1,26563941345e-05	1,26563941345e-05	4,74518533778e-06	3,09349022769e-06	6,73942838995e-06	0,0	1,64926716982e-06	1,04086155403e-06	2,542242361e-06	7,33768144964e-07	2,542242361e-06	4,0944025031e-07	1,02631880304e-06	9,59557138102e-07
246600	3,1881046413e-05	4,71816306255e-06	0,0	8,74893084696e-06	8,74893084696e-06	3,22457610329e-06	2,24584920069e-06	4,71816306255e-06	0,0	1,27882151493e-06	7,16990606843e-07	1,7650179619e-06	5,23504271903e-07	1,7650179619e-06	2,67329748522e-07	6,79610604949e-07	5,99695120655e-07
247500	3,51310472219e-05	5,10143329255e-06	0,0	9,5392333283e-06	9,5392333283e-06	3,47016666892e-06	2,38235346122e-06	5,10143329255e-06	0,0	1,39112711195e-06	7,6547925713e-07	1,87566697157e-06	5,56979843643e-07	1,87566697157e-06	2,88783459412e-07	7,07401503753e-07	6,49204223236e-07
248400	3,60789120889e-05	5,26742115501e-06	0,0	9,81319451862e-06	9,81319451862e-06	3,55740285383e-06	2,51582844798e-06	5,26742115501e-06	0,0	1,32848743245e-06	7,51595676211e-07	1,7731354451e-06	5,46092990867e-07	1,7731354451e-06	2,6659841085e-07	6,22188097322e-07	6,31908096909e-07
249300	3,25521140985e-05	4,84192367555e-06	0,0	8,93944648649e-06	8,93944648649e-06	3,36163819348e-06	2,24709032108e-06	4,84192367555e-06	0,0	1,29776694909e-06	7,40819515858e-07	1,80657896297e-06	5,41028976183e-07	1,80657896297e-06	2,7895829064e-07	6,89087943609e-07	6,32476349648e-07
250200	3,0278535397e-05	4,50182367426e-06	0,0	8,32641767043e-06	8,32641767043e-06	3,12358978051e-06	2,10665924925e-06	4,50182367426e-06	0,0	1,19415649973e-06	6,80683318584e-07	1,67982719452e-06	4,98248445979e-07	1,67982719452e-06	2,55877085668e-07	6,30157159096e-07	5,97195970155e-07
251100	0,00018221596262	6,68738625998e-05	0,0	0,00011991652601	0,00011991652601	6,98908031637e-05	5,06897075441e-05	6,68738625998e-05	0,0	4,96234430915e-05	1,89293015835e-05	9,86639513032e-05	3,7357417386e-05	9,86639513032e-05	1,29212893131e-06	5,61895100073e-05	4,40265498475e-05
252000	0,000143781829293	5,29490218252e-05	0,0	9,44527986265e-05	9,44527986265e-05	5,51449889735e-05	3,98299409995e-05	5,29490218252e-05	0,0	3,93679395653e-05	1,57329620861e-05	7,46622920925e-05	3,38380492837e-05	7,46622920925e-05	3,14161417171e-06	3,72740970389e-05	3,44156607688e-05
252900	0,000143614482241	5,33040783686e-05	0,0	9,39496011414e-05	9,39496011414e-05	5,39615809654e-05	4,05056190122e-05	5,33040783686e-05	0,0	3,96711473942e-05	1,43799117748e-05	7,71910336713e-05	3,06282748815e-05	7,71910336713e-05	3,99038833543e-06	3,57051074936e-05	3,76763281575e-05
253800	0,000161256327011	5,97737409099e-05	0,0	0,00010556419709	0,00010556419709	6,02386637055e-05	4,59077604623e-05	5,97737409099e-05	0,0	4,66070571413e-05	1,94023013944e-05	9,12245434908e-05	3,51440255572e-05	9,12245434908e-05	1,28320610049e-06	4,35718963716e-05	4,66137776556e-05
254700	0,000161812353491	5,93860085648e-05	0,0	0,000106488790792	0,000106488790792	5,92698113921e-05	4,78110669178e-05	5,93860085648e-05	0,0	4,64199745206e-05	1,75034186445e-05	8,86694603145e-05	3,51914348444e-05	8,86694603145e-05	2,93130372906e-06	4,40643679933e-05	4,1890506774e-05
255600	0,000125553425113	4,59703817305e-05	0,0	8,27295135897e-05	8,27295135897e-05	4,63647332369e-05	3,68249116236e-05	4,59703817305e-05	0,0	3,59695492936e-05	1,4414852303e-05	6,95813358252e-05	2,72119997526e-05	6,95813358252e-05	2,01960476611e-06	3,53553106824e-05	3,23791710292e-05
256500	9,56599346634e-05	3,46165461178e-05	0,0	6,3418599398e-05	6,3418599398e-05	3,51641308353e-05	2,86099066044e-05	3,46165461178e-05	0,0	2,64272530516e-05	8,50733625314e-06	4,83995016213e-05	2,14324741941e-05	4,83995016213e-05	4,59636167621e-06	2,25830924195e-05	2,1316529935e-05
257400	9,50216201864e-05	3,49030045539e-05	0,0	6,25063622207e-05	6,25063622207e-05	3,54826337062e-05	2,73703429564e-05	3,49030045539e-05	0,0	2,62552171987e-05	1,08914613633e-05	4,98408778027e-05	2,25141388702e-05	4,98408778027e-05	5,76936020583e-06	2,22969493298e-05	2,18740994903e-05
258300	8,55081745106e-05	3,11370643096e-05	0,0	5,65049089562e-05	5,65049089562e-05	3,04100364836e-05	2,64124886203e-05	3,11370643096e-05	0,0	2,43555306753e-05	7,69356793713e-06	4,45252970764e-05	1,89252252339e-05	4,45252970764e-05	4,24688867559e-06	2,08150650743e-05	1,95544739402e-05
259200	7,41080530953e-05	2,66811650717e-05	0,0	4,92597805228e-05	4,92597805228e-05	2,65798470857e-05	2,29582472092e-05	2,66811650717e-05	0,0	1,94451119169e-05	6,76585590443e-06	3,75032996276e-05	1,56023605419e-05	3,75032996276e-05	2,59967406187e-06	1,88171019239e-05	1,61644201791e-05
260100	5,729048904e-05	2,13626837237e-05	0,0	3,7385599428e-05	3,7385599428e-05	2,24353600944e-05	1,51558270756e-05	2,13626837237e-05	0,0	1,60070537784e-05	7,62038068946e-06	3,23740426284e-05	1,28251087107e-05	3,23740426284e-05	5,35161429212e-07	1,70526578505e-05	1,48699507037e-05
261000	6,32926817111e-05	2,3596675079e-05	0,0	4,13062499733e-05	4,13062499733e-05	2,42690335069e-05	1,72641838601e-05	2,3596675079e-05	0,0	1,84300534466e-05	6,70024607522e-06	3,51402077737e-05	1,38070689974e-05	3,51402077737e-05	4,662332411e-07	1,89269060125e-05	1,58367309371e-05
261900	6,14606204674e-05	2,28549733114e-05	0,0	4,01659569115e-05	4,01659569115e-05	2,40008726773e-05	1,6386211136e-05	2,28549733114e-05	0,0	1,72414295967e-05	6,96709778106e-06	3,3681758593e-05	1,35912776606e-05	3,3681758593e-05	2,35269597197e-06	1,62912963576e-05	1,5113742737e-05
262800	3,14401248312e-05	1,16434858067e-05	0,0	2,05922285268e-05	2,05922285268e-05	1,23136099415e-05	8,39225229125e-06	1,16434858067e-05	0,0	8,98428870493e-06	4,50915854987e-06	1,74805627853e-05	7,77170375528e-06	1,74805627853e-05	2,38022860456e-06	7,42459144628e-06	7,71178773953e-06
263700	3,83272268422e-05	1,43069293878e-05	0,0	2,4996528213e-05	2,4996528213e-05	1,50761395972e-05	1,00578417786e-05	1,43069293878e-05	0,0	1,07926256163e-05	6,0759601393e-06	2,22107382362e-05	9,1150793613e-06	2,22107382362e-05	1,20632064148e-06	9,81093489806e-06	1,12502033973e-05
264600	2,98574955972e-05	1,12090405485e-05	0,0	1,94126447312e-05	1,94126447312e-05	1,17964400396e-05	7,72272401879e-06	1,12090405485e-05	0,0	9,01485140321e-06	4,60954140151e-06	1,77469178731e-05	7,21000533813e-06	1,77469178731e-05	7,69517442943e-07	8,40590898806e-06	8,61798577967e-06
265500	3,24396150714e-05	1,21379203918e-05	0,0	2,11296333095e-05	2,11296333095e-05	1,27377683848e-05	8,5079099978e-06	1,21379203918e-05	0,0	9,54361104138e-06	4,67570670045e-06	1,92413996838e-05	7,24650524525e-06	1,92413996838e-05	9,69424600601e-08	9,44078845845e-06	9,95377079601e-06
266400	2,54257275051e-05	9,32622086832e-06	0,0	1,6737905182e-05	1,6737905182e-05	9,58189452365e-06	7,24885534171e-06	9,32622086832e-06	0,0	6,99713583206e-06	2,68561327339e-06	1,33478685428e-05	5,74151179798e-06	1,33478685428e-05	1,2630352674e-06	5,94520792869e-06	6,16765532577e-06
267300	2,04931084929e-05	7,4239303913e-06	0,0	1,35786508359e-05	1,35786508359e-05	7,83572576727e-06	5,8186906804e-06	7,4239303913e-06	0,0	5,54176051368e-06	2,29612752819e-06	1,07936090556e-05	4,53346977181e-06	1,07936090556e-05	1,12560728174e-06	4,53022814924e-06	5,16054336016e-06
