time	sensor_1	sensor_2	sensor_3	sensor_4	sensor_5	sensor_6	sensor_7	sensor_8	sensor_9	sensor_10	sensor_11	sensor_12	sensor_13	sensor_14	sensor_15	sensor_16	sensor_17
0	0	0	0	0	0	0	0	0	0	0	0	0	0	0	0	0	0
900	3,35701291373e-07	1,1725454242e-07	0,0	2,26553773245e-07	2,26553773245e-07	1,46225752776e-07	8,16250498878e-08	1,1725454242e-07	0,0	6,86650226765e-08	3,62117249693e-08	1,60677617203e-07	6,22879693905e-08	1,60677617203e-07	1,00251756284e-08	7,85696566798e-08	7,24012338904e-08
1800	-5,04504962443e-07	-1,82029482065e-07	0,0	-3,34974004252e-07	-3,34974004252e-07	-2,10668692679e-07	-1,26188685858e-07	-1,82029482065e-07	0,0	-1,28346095658e-07	-6,02036587404e-08	-2,75218977472e-07	-1,05181399389e-07	-2,75218977472e-07	-5,02123187652e-09	-1,32164919167e-07	-1,38688766329e-07
2700	7,43167135461e-07	2,68208299756e-07	0,0	4,93372925276e-07	4,93372925276e-07	3,01179130056e-07	1,94955757272e-07	2,68208299756e-07	0,0	1,91091025211e-07	6,50746000762e-08	3,83074547697e-07	1,51631654817e-07	3,83074547697e-07	9,93889712599e-09	1,87651831374e-07	1,86346929162e-07
3600	-1,14130192429e-08	-1,18251121836e-08	0,0	-2,73322980234e-10	-2,73322980234e-10	-1,15376249245e-08	1,12969401333e-08	-1,18251121836e-08	0,0	-7,6698592186e-09	1,19678620063e-09	-1,63267703188e-08	-2,08996039986e-09	-1,63267703188e-08	3,73881341796e-09	-1,83250216072e-08	-1,80588896421e-09
4500	-1,92259784429e-07	-6,21927905579e-08	0,0	-1,34454938907e-07	-1,34454938907e-07	-9,73660062171e-08	-3,78585049557e-08	-6,21927905579e-08	0,0	-2,40419255863e-08	-2,08447283792e-08	-7,96907311402e-08	-2,77118432713e-08	-7,96907311402e-08	-2,02790999146e-10	-4,70423680541e-08	-3,25914909011e-08
5400	-1,9716769742e-07	-6,7351588214e-08	0,0	-1,34496702136e-07	-1,34496702136e-07	-6,70302385098e-08	-6,82528176657e-08	-6,7351588214e-08	0,0	-5,21278375029e-08	5,17023868634e-09	-7,43414724059e-08	-4,0225394415e-08	-7,43414724059e-08	-9,25068184331e-09	-2,69529239379e-08	-3,822934412e-08
6300	-8,80062163236e-08	-2,99695883174e-08	0,0	-6,01177205483e-08	-6,01177205483e-08	-2,7278855195e-08	-3,31865744563e-08	-2,99695883174e-08	0,0	-2,2967010143e-08	3,76712324953e-09	-3,5892599972e-08	-1,33928077313e-08	-3,5892599972e-08	5,08377979687e-09	-2,11482765924e-08	-1,99165253094e-08
7200	1,22269279237e-07	4,38122914664e-08	0,0	8,14684569513e-08	8,14684569513e-08	4,99998470323e-08	3,19259992706e-08	4,38122914664e-08	0,0	1,90576675826e-08	-4,38169379499e-10	4,65759797654e-08	1,59572364254e-08	4,65759797654e-08	-1,19676395443e-08	2,66577069188e-08	3,20245677185e-08
8100	-1,86907572733e-07	-7,07899922059e-08	0,0	-1,20931660434e-07	-1,20931660434e-07	-6,87349365569e-08	-5,28522654248e-08	-7,07899922059e-08	0,0	-4,6860260842e-08	-2,47484046519e-08	-1,01866811091e-07	-4,11551578502e-08	-1,01866811091e-07	-5,52444164015e-09	-4,26724219134e-08	-5,39165689946e-08
9000	-3,45606605946e-08	-1,31607425976e-08	0,0	-2,22932170928e-08	-2,22932170928e-08	-1,43264934075e-08	-8,08898095719e-09	-1,31607425976e-08	0,0	-1,00514778472e-08	-9,7817807535e-09	-2,81971043156e-08	-5,01311948749e-09	-2,81971043156e-08	5,51597830427e-09	-1,93391835691e-08	-1,44914708975e-08
9900	1,05262639367e-08	6,84388531269e-09	0,0	4,10918215985e-09	4,10918215985e-09	-5,34384885805e-09	9,45871238136e-09	6,84388531269e-09	0,0	1,30675780468e-08	1,61662050863e-10	1,50203609378e-08	5,197991785e-09	1,50203609378e-08	4,84801837324e-09	2,63455134232e-09	7,57681275832e-09
10800	-5,79846680263e-08	-2,26017332377e-08	0,0	-3,69121965986e-08	-3,69121965986e-08	-2,13331506706e-08	-1,5776996584e-08	-2,26017332377e-08	0,0	-1,75203605711e-08	5,96250723718e-11	-2,68697796671e-08	-1,33244685426e-08	-2,68697796671e-08	-2,33830872122e-09	-1,17910595345e-08	-1,27895053825e-08
11700	2,8668242422e-08	9,70120321447e-09	0,0	1,96425031267e-08	1,96425031267e-08	1,56201815514e-08	4,13485106803e-09	9,70120321447e-09	0,0	-1,68096373259e-09	9,95616896153e-09	1,46031971397e-08	3,45008769063e-09	1,46031971397e-08	-8,46460025631e-09	1,81262756701e-08	5,43301867675e-09
12600	4,42668975389e-08	1,64434011137e-08	0,0	2,89459533252e-08	2,89459533252e-08	2,03702724735e-08	8,73706710716e-09	1,64434011137e-08	0,0	1,27996865349e-08	1,29339959793e-09	2,25542033203e-08	8,10331601118e-09	2,25542033203e-08	7,85728055104e-10	1,14494356845e-08	1,19507112161e-08
13500	4,78930131164e-08	1,70387398544e-08	0,0	3,20278146968e-08	3,20278146968e-08	2,14905500545e-08	1,07208308894e-08	1,70387398544e-08	0,0	7,2097961381e-09	3,68729957246e-09	1,76248389232e-08	1,0369912789e-08	1,76248389232e-08	5,92800134918e-09	-7,23053908191e-11	9,77068859759e-09
14400	-8,47027012157e-08	-3,06994940983e-08	0,0	-5,61093566449e-08	-5,61093566449e-08	-3,7340829312e-08	-1,90859635513e-08	-3,06994940983e-08	0,0	-1,65270648223e-08	-1,03657739538e-08	-4,43077786015e-08	-1,35256214489e-08	-4,43077786015e-08	6,03652056672e-09	-2,74885199526e-08	-2,29882839085e-08
15300	-6,16894309249e-08	-2,16131429136e-08	0,0	-4,15700020753e-08	-4,15700020753e-08	-2,89827321082e-08	-1,28236490608e-08	-2,16131429136e-08	0,0	-9,32325747703e-09	-4,98115244333e-09	-2,41028247555e-08	-1,1903302982e-08	-2,41028247555e-08	-1,29067808343e-09	-1,08680111069e-08	-1,19827552026e-08
16200	8,94618734791e-08	3,42774416701e-08	0,0	5,75116322711e-08	5,75116322711e-08	3,54890480597e-08	2,23335077276e-08	3,42774416701e-08	0,0	2,51618438586e-08	1,83457893492e-08	5,17885078051e-08	2,6368450414e-08	5,17885078051e-08	-9,82001073206e-09	4,49888374056e-08	1,67926733746e-08
17100	-3,37630466919e-08	-1,41596434082e-08	0,0	-2,05492587136e-08	-2,05492587136e-08	-9,95933534971e-09	-1,06940953216e-08	-1,41596434082e-08	0,0	-1,56631196031e-08	-5,79896936764e-09	-1,85376799672e-08	-1,72418609666e-08	-1,85376799672e-08	-1,27577218143e-09	-1,4826183077e-08	-1,31834297405e-09
18000	9,52029337094e-10	-4,31273430649e-10	0,0	1,36498115805e-09	1,36498115805e-09	9,94794556689e-10	3,81701094096e-10	-4,31273430649e-10	0,0	-3,45515413106e-09	-1,85375732274e-08	-1,81382914381e-08	-4,53175677493e-09	-1,81382914381e-08	1,72444293192e-09	-1,17961453405e-08	-9,31662372077e-09
18900	1,71516704582e-08	6,13169173294e-09	0,0	1,14418806512e-08	1,14418806512e-08	5,76914536305e-09	5,73659069764e-09	6,13169173294e-09	0,0	7,7998680895e-09	5,09317918808e-09	1,29355196309e-08	6,20024141495e-09	1,29355196309e-08	4,61720469434e-09	-6,81741983036e-11	8,41039605809e-09
19800	-4,21044743246e-08	-1,58079261493e-08	0,0	-2,73727123143e-08	-2,73727123143e-08	-1,78833600632e-08	-9,63956392761e-09	-1,58079261493e-08	0,0	-1,08925583063e-08	-2,51427998459e-10	-1,93244695835e-08	-7,7161599734e-09	-1,93244695835e-08	4,70947213043e-09	-1,25150996781e-08	-1,1579783766e-08
20700	4,96878504378e-08	1,88733585919e-08	0,0	3,20962605905e-08	3,20962605905e-08	1,9404871562e-08	1,28659910161e-08	1,88733585919e-08	0,0	1,59129980948e-08	5,32990470366e-09	3,06873611531e-08	9,63113224559e-09	3,06873611531e-08	-7,72333977292e-09	2,4117465283e-08	1,44075093406e-08
21600	5,55258122852e-08	2,18998380585e-08	0,0	3,51038388223e-08	3,51038388223e-08	2,48548657081e-08	1,04379444545e-08	2,18998380585e-08	0,0	1,92815584794e-08	1,1687978927e-08	4,09450900929e-08	1,22422924417e-08	4,09450900929e-08	-1,93177135003e-10	3,60282341522e-08	1,26945556754e-08
22500	4,72202542025e-08	1,59448631033e-08	0,0	3,23853178659e-08	3,23853178659e-08	1,6252270439e-08	1,63175070178e-08	1,59448631033e-08	0,0	6,86424712771e-09	2,77828612988e-11	1,11911879198e-08	1,16326491072e-08	1,11911879198e-08	6,78413185697e-09	-1,33177421365e-08	1,0235397481e-08
23400	3,47362725189e-08	1,20554225264e-08	0,0	2,35154815884e-08	2,35154815884e-08	1,0713393137e-08	1,29358071252e-08	1,20554225264e-08	0,0	4,29931606318e-09	-2,87895354775e-09	9,57024641783e-09	3,89384301626e-09	9,57024641783e-09	3,96250272039e-09	-5,1423819072e-09	1,07514293057e-08
24300	-2,98856085147e-08	-1,23906254608e-08	0,0	-1,83216488142e-08	-1,83216488142e-08	-1,19661490888e-08	-6,44942820045e-09	-1,23906254608e-08	0,0	-4,94426886609e-09	-1,59303195986e-09	-1,63603830461e-08	-2,64377680793e-09	-1,63603830461e-08	3,98186941959e-09	-9,9002012719e-09	-1,04997822971e-08
25200	1,12288496366e-07	4,10434111674e-08	0,0	7,40552313281e-08	7,40552313281e-08	5,00697283447e-08	2,43975177352e-08	4,10434111674e-08	0,0	2,66188872592e-08	2,39687492641e-08	7,07122798868e-08	2,14009698877e-08	7,07122798868e-08	-1,33036798792e-08	4,27275254222e-08	4,15509542836e-08
26100	2,71232641574e-08	1,31598413554e-08	0,0	1,48187832598e-08	1,48187832598e-08	7,85997408777e-09	7,02382155014e-09	1,31598413554e-08	0,0	1,9318531108e-08	-1,46597970005e-09	2,29888218864e-08	8,21274684942e-09	2,29888218864e-08	-1,39787779735e-09	1,3362067582e-08	1,11092759368e-08
27000	-1,05626344992e-08	-4,3179467073e-09	0,0	-6,53422863275e-09	-6,53422863275e-09	-6,96258573444e-09	3,93698075556e-10	-4,3179467073e-09	0,0	-3,79446956071e-09	-7,74083539644e-09	-1,5513047628e-08	-4,8947061292e-10	-1,5513047628e-08	2,75543985613e-09	-6,65436696384e-09	-1,16973065729e-08
27900	1,48486730657e-07	5,6365926719e-08	0,0	9,59531710153e-08	9,59531710153e-08	5,38528914125e-08	4,2622633168e-08	5,6365926719e-08	0,0	4,82342113573e-08	2,10184664732e-08	9,38699573122e-08	3,24052806088e-08	9,38699573122e-08	-4,38585254726e-09	4,28908566687e-08	5,56792894144e-08
28800	3,46309034036e-07	1,28841910458e-07	0,0	2,26260185641e-07	2,26260185641e-07	1,32437588385e-07	9,50667669466e-08	1,28841910458e-07	0,0	1,07582043584e-07	4,2426159454e-08	1,94512723395e-07	8,56240718814e-08	1,94512723395e-07	5,82741927875e-08	5,46704930679e-08	8,18360345891e-08
29700	3,56960293191e-07	1,07947474156e-07	0,0	2,56734323431e-07	2,56734323431e-07	1,36429034144e-07	1,21852935188e-07	1,07947474156e-07	0,0	3,5731773735e-08	-6,1532887607e-09	1,01814604695e-07	3,56749449651e-08	1,01814604695e-07	-1,45873956937e-08	8,05486873819e-08	3,59537544612e-08
30600	1,38655529085e-06	5,50451635896e-07	0,0	8,7319234111e-07	8,7319234111e-07	5,58037875753e-07	3,19780904301e-07	5,50451635896e-07	0,0	5,30770461808e-07	3,1387006489e-07	9,76337432084e-07	4,26769382625e-07	9,76337432084e-07	1,43948575796e-07	3,93255689398e-07	4,41537169371e-07
31500	-6,22638459958e-07	-2,44989768593e-07	0,0	-3,94208306742e-07	-3,94208306742e-07	-2,69431131789e-07	-1,26887380931e-07	-2,44989768593e-07	0,0	-2,14522394113e-07	-2,48557247522e-07	-4,47946160147e-07	-2,64323058945e-07	-4,47946160147e-07	-1,0603821087e-07	-1,21361227408e-07	-5,30222710539e-08
32400	-7,48920533991e-07	-2,69610046317e-07	0,0	-4,97810360859e-07	-4,97810360859e-07	-2,8607199985e-07	-2,14521359552e-07	-2,69610046317e-07	0,0	-2,14959947306e-07	1,00986149433e-08	-3,98065270897e-07	-7,8362571199e-08	-3,98065270897e-07	1,29522052267e-08	-2,41595007699e-07	-3,38969329885e-07
33300	2,26324762839e-07	8,30650289817e-08	0,0	1,4894006397e-07	1,4894006397e-07	8,3753266442e-08	6,6012060427e-08	8,30650289817e-08	0,0	6,33338740958e-08	5,9535452773e-08	1,40110175734e-07	6,691985925e-08	1,40110175734e-07	1,74930533346e-08	6,87561136381e-08	5,41719690012e-08
34200	-3,19125123534e-07	-1,3754823406e-07	0,0	-1,61957999466e-07	-1,61957999466e-07	-1,43658988839e-07	9,8390522385e-09	-1,3754823406e-07	0,0	-2,18873620915e-07	-7,53785512677e-08	-2,58414995456e-07	-1,46875852531e-07	-2,58414995456e-07	-6,91839318518e-08	-8,60872492268e-08	-7,43580840399e-08
35100	1,44999028054e-06	5,06546889779e-07	0,0	9,49707454635e-07	9,49707454635e-07	7,42246667374e-07	1,84153777752e-07	5,06546889779e-07	0,0	3,43706265547e-07	2,30694005173e-07	7,7311750612e-07	2,8347308547e-07	7,7311750612e-07	-3,53439865068e-08	4,59018209447e-07	3,41559811475e-07
36000	-2,19419111955e-06	-7,59404984955e-07	0,0	-1,44134230015e-06	-1,44134230015e-06	-8,93897194516e-07	-5,09561238258e-07	-7,59404984955e-07	0,0	-4,73372320852e-07	-2,99201523404e-07	-1,06496713118e-06	-4,26045619168e-07	-1,06496713118e-06	5,29050881619e-08	-5,93191289829e-07	-4,99497368627e-07
36900	2,83870907791e-07	1,47549006182e-07	0,0	1,5594113325e-07	1,5594113325e-07	2,40291916527e-08	1,42058928686e-07	1,47549006182e-07	0,0	1,92134563514e-07	1,17268855413e-08	2,58137720893e-07	1,06100271553e-07	2,58137720893e-07	3,33213447844e-08	9,24671507934e-08	1,43665871638e-07
37800	7,18989717729e-07	2,78414637582e-07	0,0	4,74726936348e-07	4,74726936348e-07	2,98773824615e-07	1,93818487016e-07	2,78414637582e-07	0,0	1,37955909475e-07	1,92315433164e-07	5,19523145514e-07	1,08651406824e-07	5,19523145514e-07	-4,77731233131e-08	2,66119005875e-07	4,16171071107e-07
38700	-1,60131473355e-06	-6,48190032435e-07	0,0	-1,05646785114e-06	-1,05646785114e-06	-6,50146462362e-07	-4,82362731575e-07	-6,48190032435e-07	0,0	-4,9017235997e-07	-3,14247519173e-07	-1,18095581619e-06	-3,50848088657e-07	-1,18095581619e-06	-5,76985800002e-08	-5,67115367186e-07	-7,45175894325e-07
39600	-1,82613865951e-07	-2,61547528627e-08	0,0	-1,17013991144e-07	-1,17013991144e-07	-3,58357163772e-08	-1,68837549196e-08	-2,61547528627e-08	0,0	-4,24866179927e-09	5,85010932951e-09	-2,81681663893e-08	8,77456637197e-10	-2,81681663893e-08	-4,4271467691e-08	-1,67005720196e-08	-1,9150997578e-08
40500	-3,75198732639e-07	-1,3614775051e-07	0,0	-2,19206678144e-07	-2,19206678144e-07	-1,02152191975e-07	-7,25796727479e-08	-1,3614775051e-07	0,0	-2,30238851182e-07	-4,41045117544e-08	-1,42983719559e-07	-1,58713002781e-07	-1,42983719559e-07	4,86275949652e-08	1,84794879922e-08	-2,70070669327e-08
41400	-5,22908505225e-07	-1,44886357227e-07	0,0	-3,64529666989e-07	-3,64529666989e-07	-2,40540914135e-07	-7,79406859465e-08	-1,44886357227e-07	0,0	8,42781949709e-08	-7,53835260953e-08	-4,43247599725e-08	-4,22395185233e-08	-4,43247599725e-08	-3,14139709596e-08	-2,19780941742e-08	-1,10288286158e-08
42300	-3,47753385838e-08	2,81628815634e-07	0,0	2,7309793448e-07	2,7309793448e-07	1,74742529107e-07	2,97722584801e-08	2,81628815634e-07	0,0	9,62813878394e-08	8,79078706459e-08	1,9361840021e-07	1,86509558628e-07	1,9361840021e-07	4,63632168271e-08	2,09518298326e-08	4,69200488719e-08
43200	2,50286792969e-07	7,35057212998e-09	0,0	1,02410583758e-07	1,02410583758e-07	4,9089626118e-08	3,54861696469e-08	7,35057212998e-09	0,0	1,22514257491e-08	7,81774316181e-09	5,97045348612e-09	4,04915689452e-09	5,97045348612e-09	-2,22101004348e-09	3,35010322792e-09	2,15859947479e-10
44100	6,79542244677e-07	1,59798187524e-08	0,0	2,54987458353e-07	2,54987458353e-07	1,18977887703e-07	8,08186190246e-08	1,59798187524e-08	0,0	3,69760575321e-08	2,47597040827e-08	2,27017009202e-08	1,16814795545e-08	2,27017009202e-08	-6,75828067494e-09	8,80699470166e-09	9,84331851768e-09
45000	-3,86134396496e-07	-2,02797274993e-08	0,0	-1,53597306121e-07	-1,53597306121e-07	-7,64330424137e-08	-5,3064403787e-08	-2,02797274993e-08	0,0	-2,39487718161e-08	-1,95323528802e-08	-2,23474643338e-08	-9,53236343056e-09	-2,23474643338e-08	-8,34121433562e-09	-8,10181327176e-09	-1,06524585826e-08
45900	2,85230542437e-09	2,47202722032e-09	0,0	-6,83082294073e-09	-6,83082294073e-09	-6,17451931973e-09	-3,75800881538e-09	2,47202722032e-09	0,0	4,98049399237e-09	3,84395813306e-09	8,81988564203e-09	1,97594692276e-09	8,81988564203e-09	1,26365999415e-08	2,87419540806e-09	4,92482832342e-09
46800	3,070177479e-07	1,18634900327e-08	0,0	1,26791915194e-07	1,26791915194e-07	6,45578926164e-08	4,34116300309e-08	1,18634900327e-08	0,0	1,37268713226e-08	1,19166182933e-08	7,35772923818e-09	4,80035277422e-09	7,35772923818e-09	-7,50290480556e-09	2,94378612744e-09	1,20998674847e-09
47700	-1,03380090698e-06	-2,46581823554e-08	0,0	-3,8342556942e-07	-3,8342556942e-07	-1,78920468418e-07	-1,20186142882e-07	-2,46581823554e-08	0,0	-5,88525141771e-08	-3,80340714058e-08	-3,59091459227e-08	-1,83773385935e-08	-3,59091459227e-08	-1,11031965429e-08	-1,65683141832e-08	-1,32051869143e-08
48600	8,03481475368e-07	2,09865839193e-08	0,0	3,1051400175e-07	3,1051400175e-07	1,47451581216e-07	1,0230942463e-07	2,09865839193e-08	0,0	4,07399813239e-08	2,98927683692e-08	2,43631992279e-08	1,35389208561e-08	2,43631992279e-08	7,92382194256e-09	1,22251079799e-08	1,05139398173e-08
49500	2,66307970954e-07	7,91895243498e-09	0,0	9,54692958695e-08	9,54692958695e-08	4,4633903915e-08	3,00470573657e-08	7,91895243498e-09	0,0	1,82289320426e-08	9,43649722898e-09	1,48272794181e-08	6,14538754961e-09	1,48272794181e-08	7,30608892274e-09	5,37006310015e-09	6,08067275109e-09
50400	-1,59515726144e-06	-5,57506655142e-08	0,0	-6,32133317597e-07	-6,32133317597e-07	-3,04976316593e-07	-2,09939485678e-07	-5,57506655142e-08	0,0	-9,23918111635e-08	-6,2579575836e-08	-6,27011317292e-08	-3,24529100646e-08	-6,27011317292e-08	-2,20981977355e-08	-2,75951801082e-08	-2,3701787814e-08
51300	1,56376747807e-06	5,09094693146e-08	0,0	6,13868217743e-07	6,13868217743e-07	2,94382765599e-07	2,0296503296e-07	5,09094693146e-08	0,0	8,75258926167e-08	6,09957043966e-08	5,83116093551e-08	3,04632829338e-08	5,83116093551e-08	1,7534749621e-08	2,5719595552e-08	2,18447951002e-08
52200	1,72737977055e-07	-1,02629354535e-08	0,0	5,53216477404e-08	5,53216477404e-08	3,66559493888e-08	3,35876547934e-08	-1,02629354535e-08	0,0	-2,16823930004e-08	-1,36612974216e-08	3,33525211601e-09	-3,00569828299e-08	3,33525211601e-09	-9,01025832582e-09	-1,43708142837e-08	-2,62298564528e-08
53100	8,61743161867e-07	3,21625228276e-07	0,0	5,70574870057e-07	5,70574870057e-07	3,46688308127e-07	2,35159633506e-07	3,21625228276e-07	0,0	1,97061031093e-07	1,19781579608e-07	4,64401456286e-07	1,79878758412e-07	4,64401456286e-07	1,9242532409e-08	2,84110251032e-07	2,74792542218e-07
54000	-5,29649896036e-08	-1,80110100738e-08	0,0	-2,72384031397e-08	-2,72384031397e-08	-1,07292120391e-08	-7,67710174728e-09	-1,80110100738e-08	0,0	-2,59168168106e-09	-4,26958597741e-08	-4,85181543835e-08	-6,14044087779e-09	-4,85181543835e-08	1,30546399422e-08	-1,15681555397e-07	4,8658776846e-08
54900	-2,52786369848e-06	-8,67079391469e-07	0,0	-1,6219092954e-06	-1,6219092954e-06	-9,09447532195e-07	-5,38749306532e-07	-8,67079391469e-07	0,0	-8,02257260043e-07	-3,53388205233e-07	-1,34713180777e-06	-5,08348211603e-07	-1,34713180777e-06	-2,28933856616e-07	-6,65117266333e-07	-6,77453230327e-07
55800	2,10098696116e-06	7,02882726677e-07	0,0	1,32195622955e-06	1,32195622955e-06	7,00242398293e-07	4,20200775439e-07	7,02882726677e-07	0,0	7,53227585331e-07	3,36544181517e-07	1,14989705209e-06	4,48447791268e-07	1,14989705209e-06	2,22401143831e-07	5,85190258183e-07	5,39603552718e-07
56700	2,49664703621e-06	9,22274182682e-07	0,0	1,61167145413e-06	1,61167145413e-06	9,50618098334e-07	6,4425713636e-07	9,22274182682e-07	0,0	7,64517256571e-07	4,1353673699e-07	1,50866110176e-06	5,76125434523e-07	1,50866110176e-06	5,79782631046e-09	6,4408277496e-07	8,76352817658e-07
57600	-1,65314478032e-06	-6,20445140615e-07	0,0	-1,05995149425e-06	-1,05995149425e-06	-6,24331980145e-07	-4,26394214041e-07	-6,20445140615e-07	0,0	-5,35464376145e-07	-3,41681446563e-07	-1,1043745944e-06	-3,86511276037e-07	-1,1043745944e-06	7,21571332152e-08	-4,2915835004e-07	-7,75793310821e-07
58500	-6,98027619602e-07	-3,54261176874e-07	0,0	-6,22474158146e-07	-6,22474158146e-07	-3,90934741714e-07	-2,90269660145e-07	-3,54261176874e-07	0,0	-3,17735003337e-07	-9,97197352621e-08	-5,94864073684e-07	-2,60574338586e-07	-5,94864073684e-07	-9,46792664146e-08	-2,77075871307e-07	-2,49831897564e-07
59400	1,03928599402e-07	1,79851146071e-08	0,0	3,14272799796e-08	3,14272799796e-08	1,33104534855e-08	9,03530308054e-09	1,79851146071e-08	0,0	6,31362287537e-09	3,99859973758e-09	1,00566152511e-08	2,78628931068e-09	1,00566152511e-08	-1,32059837851e-09	3,96726364001e-09	3,12776742828e-09
60300	-4,39839476458e-08	-1,21835083261e-08	0,0	-1,68545399512e-08	-1,68545399512e-08	-8,91926341899e-09	-7,07545997306e-09	-1,21835083261e-08	0,0	-6,50674538271e-09	-2,35955314601e-09	-7,03183618241e-09	-2,39487285699e-09	-7,03183618241e-09	6,81652357958e-10	-2,87220122994e-09	-1,28860145598e-09
61200	1,42901039076e-07	2,71675934171e-08	0,0	4,49178637531e-08	4,49178637531e-08	2,1082822093e-08	1,29821054027e-08	2,71675934171e-08	0,0	9,90589156824e-09	5,15344136121e-09	1,51686973622e-08	4,06425564119e-09	1,51686973622e-08	-2,67202608505e-09	6,44635792026e-09	5,90760775017e-09
62100	-1,47874504439e-07	-2,41229992746e-08	0,0	-4,22803285442e-08	-4,22803285442e-08	-1,78971234874e-08	-1,09441350725e-08	-2,41229992746e-08	0,0	-5,75173391818e-09	-2,9767149488e-09	-7,87988354233e-09	-2,67201469962e-09	-7,87988354233e-09	1,14422554227e-08	-3,24246114973e-09	-2,26691248426e-09
63000	1,79553441086e-08	2,48431619725e-09	0,0	4,98062812079e-09	4,98062812079e-09	2,05747010379e-09	1,03756813691e-09	2,48431619725e-09	0,0	-1,9122816926e-10	3,31177519987e-10	8,32861966142e-10	9,56320054244e-11	8,32861966142e-10	1,3031913557e-10	-1,70111494141e-10	1,04424170654e-09
63900	-4,0980154261e-08	-3,44004282376e-09	0,0	-9,32987261948e-09	-9,32987261948e-09	-9,40096359591e-11	-3,34764105015e-09	-3,44004282376e-09	0,0	-1,22504498649e-10	-4,17986994874e-10	-4,6431173535e-10	9,96572982626e-11	-4,6431173535e-10	-1,38617348347e-10	2,01976637385e-10	-8,71984911782e-10
64800	2,28647585246e-06	9,36551515528e-07	0,0	1,66521845211e-06	1,66521845211e-06	9,97102129663e-07	7,19320620233e-07	9,36551515528e-07	0,0	7,02647015449e-07	2,7531942882e-07	1,42032777797e-06	5,70001382016e-07	1,42032777797e-06	6,26257960406e-10	6,9912320141e-07	7,38767443971e-07
65700	-2,20020415321e-06	-9,22963357354e-07	0,0	-1,64154084758e-06	-1,64154084758e-06	-9,89739425018e-07	-7,11068000278e-07	-9,22963357354e-07	0,0	-6,99269926678e-07	-2,74331182231e-07	-1,41827445177e-06	-5,68797940776e-07	-1,41827445177e-06	-1,09534317647e-08	-6,98892694208e-07	-7,38874518607e-07
66600	-2,63458573628e-08	-7,27145179394e-09	0,0	-1,0110814348e-08	-1,0110814348e-08	-4,48364322459e-09	-5,11169500079e-09	-7,27145179394e-09	0,0	-3,65857618835e-09	-2,1533022459e-09	-3,83193175571e-09	-1,69517236869e-09	-3,83193175571e-09	9,94966134442e-09	-1,71591511603e-09	-5,66243666711e-11
67500	-9,85623488553e-08	-1,84030352928e-08	0,0	-3,11679641094e-08	-3,11679641094e-08	-1,58156471337e-08	-7,38503129681e-09	-1,84030352928e-08	0,0	-6,41875407997e-09	-4,52185183986e-09	-1,33032549961e-08	-2,99773649844e-09	-1,33032549961e-08	-6,84526798207e-09	-5,76500272613e-09	-6,51747511709e-09
68400	3,95191255688e-07	5,68943069364e-08	0,0	1,04784102444e-07	1,04784102444e-07	3,7918987943e-08	2,5257814785e-08	5,68943069364e-08	0,0	1,4901137205e-08	6,74525302198e-09	1,5433432793e-08	5,96900920762e-09	1,5433432793e-08	-8,56944723659e-10	3,29757575012e-09	3,55277957116e-09
69300	-1,46774968666e-07	-2,07835622811e-08	0,0	-3,8003363607e-08	-3,8003363607e-08	-1,36260101601e-08	-8,78253643418e-09	-2,07835622811e-08	0,0	-5,20209395601e-09	-2,3342147892e-09	-3,53389127812e-09	-2,41129691434e-09	-3,53389127812e-09	-7,22493263551e-10	3,39207403893e-10	5,61819030601e-10
70200	1,93628382576e-07	3,07135219004e-08	0,0	5,45794605992e-08	5,45794605992e-08	2,27730956851e-08	1,30721316426e-08	3,07135219004e-08	0,0	9,19897185295e-09	5,77179864969e-09	1,37525813616e-08	4,18706654509e-09	1,37525813616e-08	-1,92577825577e-09	5,3508305077e-09	4,032383069e-09
71100	1,99238130849e-07	4,07360740236e-08	0,0	6,48138230589e-08	6,48138230589e-08	2,96463254169e-08	2,24400821348e-08	4,07360740236e-08	0,0	1,32967146959e-08	7,84209671014e-09	1,87127519832e-08	5,95821817853e-09	1,87127519832e-08	-2,19619106434e-09	5,02461256767e-09	6,55712029247e-09
72000	8,30651922362e-08	1,17315615788e-08	0,0	2,24306139966e-08	2,24306139966e-08	8,57383951013e-09	5,33404356964e-09	1,17315615788e-08	0,0	1,43405822928e-09	-3,36412927734e-11	2,88918235106e-09	-3,90688310772e-10	2,88918235106e-09	1,67170363215e-08	2,53445006764e-09	5,06442277838e-10
72900	-3,29826383756e-07	-4,86476444474e-08	0,0	-8,82265840408e-08	-8,82265840408e-08	-3,30108037267e-08	-2,25517511759e-08	-4,86476444474e-08	0,0	-7,62168459965e-09	-1,93291811752e-09	-6,39357931042e-09	-1,98730972129e-09	-6,39357931042e-09	-1,78977799594e-08	-1,15058766095e-09	1,7520565721e-09
73800	-5,56652664868e-08	-1,40573558499e-08	0,0	-2,20188264697e-08	-2,20188264697e-08	-1,09883461177e-08	-8,49784584449e-09	-1,40573558499e-08	0,0	-9,02108817658e-09	-6,05858076909e-09	-1,53123944231e-08	-3,62634031896e-09	-1,53123944231e-08	2,88946262089e-09	-6,26938434822e-09	-6,50486828431e-09
74700	-7,5759793574e-08	-1,20053315293e-08	0,0	-2,04126575363e-08	-2,04126575363e-08	-8,08324959243e-09	-5,29076936244e-09	-1,20053315293e-08	0,0	-2,23567720508e-09	-2,07177130982e-09	-1,28013906116e-09	-1,79022689493e-09	-1,28013906116e-09	1,28541327245e-08	1,22935394511e-09	7,97338629736e-10
75600	-2,11279543888e-07	-3,6132531715e-08	0,0	-6,27554097638e-08	-6,27554097638e-08	-2,49519186841e-08	-1,93106116296e-08	-3,6132531715e-08	0,0	-1,20121397216e-08	-4,67006470208e-09	-1,64154175524e-08	-4,26051256903e-09	-1,64154175524e-08	-1,06560370559e-08	-6,7894650061e-09	-7,53713346041e-09
76500	8,88124498256e-09	3,17811304748e-09	0,0	4,36373869502e-09	4,36373869502e-09	2,98435703765e-09	1,77321514862e-09	3,17811304748e-09	0,0	1,18483561676e-09	4,95363238482e-10	2,37583267355e-09	3,22158073633e-10	2,37583267355e-09	8,11182909688e-09	1,25737292685e-09	7,59691979231e-10
77400	2,29778734748e-06	9,4545564218e-07	0,0	1,68881798095e-06	1,68881798095e-06	1,03536920822e-06	7,09273552304e-07	9,4545564218e-07	0,0	7,43689616266e-07	2,27242251767e-07	1,41856620788e-06	5,74617566974e-07	1,41856620788e-06	4,83296874323e-08	7,32799486326e-07	6,4415902179e-07
78300	-2,35296854915e-06	-9,51915086052e-07	0,0	-1,70265237108e-06	-1,70265237108e-06	-1,04038293402e-06	-7,11715769632e-07	-9,51915086052e-07	0,0	-7,42204069608e-07	-2,27138863243e-07	-1,41826958067e-06	-5,74136332917e-07	-1,41826958067e-06	-5,6672236448e-08	-7,33096648567e-07	-6,44261032834e-07
79200	2,11177001826e-06	8,63977174922e-07	0,0	1,54337142279e-06	1,54337142279e-06	9,55770525865e-07	6,36169862674e-07	8,63977174922e-07	0,0	6,76239446496e-07	3,06708704709e-07	1,34397284572e-06	5,74299976995e-07	1,34397284572e-06	7,51998490728e-08	6,46713997595e-07	6,37708696074e-07
80100	-1,93872862385e-07	-6,60473007557e-08	0,0	-1,32404705645e-07	-1,32404705645e-07	-7,7260865752e-08	-5,59007042718e-08	-6,60473007557e-08	0,0	-3,34977980732e-08	-3,42818823895e-08	-7,42843660615e-08	-5,99069792559e-08	-7,42843660615e-08	-2,94910374597e-08	1,03911848387e-08	-5,519555254e-08
81000	-3,48746093347e-07	-1,34356232951e-07	0,0	-2,23499221482e-07	-2,23499221482e-07	-1,36067050598e-07	-8,86399245021e-08	-1,34356232951e-07	0,0	-1,32852849037e-07	-4,44780225912e-08	-2,29640802591e-07	-8,37431589292e-08	-2,29640802591e-07	-2,32928036848e-08	-1,6964457895e-07	-3,71709463383e-08
81900	2,05251014996e-07	7,55113219356e-08	0,0	1,34901321082e-07	1,34901321082e-07	8,02454262822e-08	5,54016423508e-08	7,55113219356e-08	0,0	1,61081613838e-08	5,60421573655e-08	1,00462231923e-07	4,77705146651e-08	1,00462231923e-07	3,18828096712e-08	5,16219525303e-08	1,69901245479e-08
82800	-7,17813147026e-07	-2,59695729661e-07	0,0	-4,75924584136e-07	-4,75924584136e-07	-3,05555093442e-07	-1,73034249248e-07	-2,59695729661e-07	0,0	-1,50122137143e-07	-8,66524105641e-08	-3,48315967798e-07	-1,50010393159e-07	-3,48315967798e-07	-4,20259577199e-08	-1,55469122915e-07	-1,51400241125e-07
83700	-1,14579159494e-07	-4,73576047044e-08	0,0	-7,03950403613e-08	-7,03950403613e-08	-3,47728929901e-08	-3,59842126136e-08	-4,73576047044e-08	0,0	-6,10638946132e-08	-5,75149823638e-08	-1,06222511797e-07	-6,08217284701e-08	-1,06222511797e-07	1,85891074618e-09	-4,31035412201e-08	-6,53969818188e-08
84600	-5,95957258238e-08	-2,20159578965e-08	0,0	-3,90838558025e-08	-3,90838558025e-08	-1,60461330783e-08	-2,32497851523e-08	-2,20159578965e-08	0,0	1,07634027927e-08	-3,57822025666e-09	-1,95989388679e-08	4,81376142199e-09	-1,95989388679e-08	-1,72210477667e-09	1,60038936336e-08	-3,39242701673e-08
85500	-2,61331640263e-07	-9,83356411292e-08	0,0	-1,69690861393e-07	-1,69690861393e-07	-1,10903496006e-07	-5,97193566821e-08	-9,83356411292e-08	0,0	-7,50177367291e-08	-5,91165530011e-08	-1,59665940112e-07	-7,39763950305e-08	-1,59665940112e-07	-2,29025092331e-09	-8,17771465125e-08	-7,60397754997e-08
86400	-4,34084838502e-07	-1,66091816185e-07	0,0	-2,79251594279e-07	-2,79251594279e-07	-1,62826970113e-07	-1,17935623662e-07	-1,66091816185e-07	0,0	-1,23738261679e-07	-5,07109232027e-08	-2,48400827192e-07	-9,36969472165e-08	-2,48400827192e-07	4,43779183285e-09	-1,39279014988e-07	-1,14236172586e-07
87300	-5,96165270952e-08	-1,64406190288e-08	0,0	-4,4386138602e-08	-4,4386138602e-08	-2,71848996561e-08	-1,7475843111e-08	-1,64406190288e-08	0,0	-2,13406640675e-09	3,22296695335e-08	1,2155227332e-08	1,89345907991e-09	1,2155227332e-08	3,63962470627e-09	6,2245805582e-09	2,3933212467e-09
88200	-4,16768671124e-10	-2,44300581371e-09	0,0	1,89407976301e-09	1,89407976301e-09	8,86343439918e-09	-6,94177591414e-09	-2,44300581371e-09	0,0	-1,92256107015e-08	-6,67317736163e-09	-2,02348121679e-08	-8,38868090401e-09	-2,02348121679e-08	-8,17570387974e-09	-1,0842642102e-08	-1,26648801271e-09
89100	-1,42668757286e-07	-5,1304651834e-08	0,0	-9,4889274894e-08	-9,4889274894e-08	-6,17489920281e-08	-3,3675829752e-08	-5,1304651834e-08	0,0	-2,33434851691e-08	-3,93438017109e-08	-8,45991255553e-08	-2,99580491754e-08	-8,45991255553e-08	9,76106536691e-10	-4,27277330723e-08	-4,3085895008e-08
90000	-8,92970207778e-08	-3,18283304493e-08	0,0	-5,9660426308e-08	-5,9660426308e-08	-3,83726680229e-08	-2,1623406281e-08	-3,18283304493e-08	0,0	-2,26939733775e-08	-1,3661262573e-08	-4,98596592361e-08	-1,86345150545e-08	-4,98596592361e-08	-3,15334813062e-09	-2,69682113073e-08	-1,98491392733e-08
90900	3,1182956631e-08	1,40709718709e-08	0,0	1,80349865083e-08	1,80349865083e-08	1,06055132533e-08	7,515729879e-09	1,40709718709e-08	0,0	1,42982240917e-08	2,05793660459e-08	3,60773704037e-08	1,32203971435e-08	3,60773704037e-08	1,62915325469e-09	9,25075927824e-09	2,53354369986e-08
91800	-9,92674008145e-08	-3,63685934903e-08	0,0	-6,53884440737e-08	-6,53884440737e-08	-4,16812229979e-08	-2,40671017618e-08	-3,63685934903e-08	0,0	-2,51291423418e-08	-8,52630858323e-09	-5,03430718035e-08	-1,99607666184e-08	-5,03430718035e-08	2,0365984028e-09	-1,95782308724e-08	-3,29481570797e-08
92700	5,51646702501e-08	2,03928071225e-08	0,0	3,61653334847e-08	3,61653334847e-08	2,36820632615e-08	1,26803774052e-08	2,03928071225e-08	0,0	9,64771083734e-09	1,42670674237e-08	3,52477383954e-08	9,30135573922e-09	3,52477383954e-08	-2,79810598971e-09	2,44720226529e-08	2,30902628458e-08
93600	1,55884200533e-08	6,78111627246e-09	0,0	9,25707229083e-09	9,25707229083e-09	1,10925384999e-08	-1,78797669368e-09	6,78111627246e-09	0,0	5,77353534522e-09	-7,80000017121e-10	8,79255853543e-09	3,03112304289e-09	8,79255853543e-09	8,53577890314e-10	9,17260860797e-09	4,96165831816e-10
94500	-3,21187332689e-08	-1,31544687373e-08	0,0	-1,9845799219e-08	-1,9845799219e-08	-1,28019638479e-08	-7,14772152383e-09	-1,31544687373e-08	0,0	-9,65348308994e-09	-1,43521950189e-08	-3,12856492446e-08	-6,14744288587e-09	-3,12856492446e-08	-1,26473252552e-09	-2,4404525025e-08	-1,68329910184e-08
95400	-2,43193828961e-08	-8,42058540448e-09	0,0	-1,64822010741e-08	-1,64822010741e-08	-1,20924813766e-08	-4,48456100138e-09	-8,42058540448e-09	0,0	-4,00715025266e-09	-2,74241331347e-10	-1,01133111708e-08	-2,62160150236e-09	-1,01133111708e-08	4,34742433334e-09	-1,26133443667e-08	-1,87786412141e-09
96300	-4,66001667936e-08	-1,63413840345e-08	0,0	-3,13875096012e-08	-3,13875096012e-08	-2,22350154884e-08	-9,32828690303e-09	-1,63413840345e-08	0,0	-8,6235526416e-09	-2,65866903016e-09	-1,89235814316e-08	-8,77409627158e-09	-1,89235814316e-08	1,10972909752e-09	-9,52587044487e-09	-1,05483349803e-08
97200	2,52600239505e-08	9,03202816591e-09	0,0	1,68493186236e-08	1,68493186236e-08	1,26279563038e-08	4,31394244284e-09	9,03202816591e-09	0,0	2,02529486625e-09	7,87674953781e-09	1,5459180217e-08	3,57588293359e-09	1,5459180217e-08	-9,02440774344e-09	1,80734978293e-08	6,48837552094e-09
98100	1,62278725409e-08	6,07067659436e-09	0,0	1,05712045617e-08	1,05712045617e-08	1,08597156492e-08	-2,28398373277e-10	6,07067659436e-09	0,0	3,09630930511e-09	5,35718943172e-09	1,17985052359e-08	2,81533369169e-09	1,17985052359e-08	2,55763009035e-09	1,08351147503e-08	4,96722477639e-09
99000	8,03134709404e-09	2,59812252602e-09	0,0	5,61564203677e-09	5,61564203677e-09	1,33561887644e-09	4,31125897668e-09	2,59812252602e-09	0,0	2,80044841845e-10	-7,22152960027e-09	-5,32474403543e-09	8,8152386686e-10	-5,32474403543e-09	-2,13744507926e-09	-9,72423475706e-09	-2,27077327525e-11
99900	6,20880672825e-09	1,39262440385e-09	0,0	4,92398499518e-09	4,92398499518e-09	2,24547460885e-10	4,73067104894e-09	1,39262440385e-09	0,0	3,14108948595e-09	-4,23144506649e-09	-1,64704117376e-09	1,91492502745e-09	-1,64704117376e-09	6,66194000746e-09	-5,50169019698e-09	-2,85214994472e-09
100800	-7,63240571884e-08	-2,78367954915e-08	0,0	-5,03945787789e-08	-5,03945787789e-08	-3,00351175415e-08	-2,06393528525e-08	-2,78367954915e-08	0,0	-1,80722191747e-08	-1,31918235844e-09	-3,3283859397e-08	-1,40875591026e-08	-3,3283859397e-08	1,80015673771e-09	-1,87690261537e-08	-1,63891131666e-08
101700	5,01331492768e-08	1,92868933868e-08	0,0	3,21536149948e-08	3,21536149948e-08	1,98152729218e-08	1,25117034396e-08	1,92868933868e-08	0,0	1,03554677511e-08	9,32972204522e-09	2,93189961981e-08	9,83915350721e-09	2,93189961981e-08	-5,97192118011e-09	1,92914008933e-08	1,61040712316e-08
102600	2,87202474432e-08	1,06438164263e-08	0,0	1,8803496847e-08	1,8803496847e-08	1,47106638302e-08	4,19834417474e-09	1,06438164263e-08	0,0	6,21247482802e-09	-3,46551685751e-10	1,14471900491e-08	5,10044144666e-09	1,14471900491e-08	2,87552738977e-10	8,92717756831e-09	2,24607985308e-09
103500	-3,01474295717e-08	-1,09937871958e-08	0,0	-1,99069327467e-08	-1,99069327467e-08	-1,26462549899e-08	-7,37223651295e-09	-1,09937871958e-08	0,0	-5,71109697435e-09	-3,44125987271e-10	-1,13056021711e-08	-5,77701302711e-09	-1,13056021711e-08	-2,85240368606e-09	1,22661413326e-10	-6,49123017703e-09
104400	1,26232045019e-07	4,4361178215e-08	0,0	8,49340068968e-08	8,49340068968e-08	4,29594910691e-08	4,24563165748e-08	4,4361178215e-08	0,0	3,32790022078e-08	-1,5552187981e-08	4,12081051617e-08	2,09460667778e-08	4,12081051617e-08	1,10822298796e-08	5,27873837417e-09	2,27687672153e-08
105300	-1,68752088416e-08	-7,69726636414e-09	0,0	-9,68164691683e-09	-9,68164691683e-09	-3,37747821381e-09	-6,35164975004e-09	-7,69726636414e-09	0,0	-3,3801239827e-09	7,50848422735e-09	8,24932754912e-10	-4,32895036437e-09	8,24932754912e-10	-3,86180852441e-09	1,10106737433e-09	3,62453635065e-09
106200	1,70912082965e-08	7,3768359645e-09	0,0	1,02020837808e-08	1,02020837808e-08	1,45336872463e-08	-4,27685565271e-09	7,3768359645e-09	0,0	1,67592574586e-09	2,56735067268e-08	2,34268478922e-08	1,1566299977e-08	2,34268478922e-08	4,13131957762e-09	1,55771594912e-08	3,77890265813e-09
107100	1,73590936428e-07	6,91756002324e-08	0,0	1,09077547887e-07	1,09077547887e-07	6,63062381911e-08	4,33491428887e-08	6,91756002324e-08	0,0	6,01129105363e-08	2,79629488633e-08	1,12684386601e-07	4,54033761125e-08	1,12684386601e-07	9,95817838954e-09	5,29858845389e-08	5,00236850274e-08
108000	4,07805257547e-07	1,40833013914e-07	0,0	2,76725679838e-07	2,76725679838e-07	1,59754570155e-07	1,18544490428e-07	1,40833013914e-07	0,0	6,07310479945e-08	-9,06629096196e-11	1,47252227071e-07	5,45420738376e-08	1,47252227071e-07	-5,92259743846e-10	7,08514554573e-08	7,72280400449e-08
108900	5,27103995801e-08	2,08052039961e-08	0,0	3,33073835646e-08	3,33073835646e-08	1,04180919569e-08	2,30647946408e-08	2,08052039961e-08	0,0	4,64439626829e-08	2,45666821803e-08	6,35066291577e-08	2,89738298067e-08	6,35066291577e-08	1,3585853448e-08	2,39707446829e-08	2,6121206004e-08
109800	3,89785597555e-07	1,35828471265e-07	0,0	2,63352636161e-07	2,63352636161e-07	1,54240184298e-07	1,10607891783e-07	1,35828471265e-07	0,0	8,30965634771e-08	-6,0754864944e-09	1,60902005128e-07	5,25119709521e-08	1,60902005128e-07	2,96961820916e-09	9,53282909966e-08	6,28853002262e-08
110700	1,36283428859e-07	3,83922840968e-08	0,0	1,00701547768e-07	1,00701547768e-07	8,08380770124e-08	2,04902315952e-08	3,83922840968e-08	0,0	-1,65103668932e-09	7,89886811446e-09	3,32128578994e-08	1,13859871719e-08	3,32128578994e-08	-2,23038644359e-08	2,32679098713e-08	3,2366542229e-08
111600	2,99378218997e-07	1,27276015974e-07	0,0	1,80537929817e-07	1,80537929817e-07	1,18853423816e-07	6,26058861852e-08	1,27276015974e-07	0,0	1,20660157705e-07	9,35045880858e-08	2,58032429873e-07	8,55627838168e-08	2,58032429873e-07	-9,15615249336e-09	1,86768924085e-07	9,50797634177e-08
112500	-4,81800853288e-08	-9,80148459057e-09	0,0	-3,91530843568e-08	-3,91530843568e-08	-4,07936259671e-08	1,36655171237e-09	-9,80148459057e-09	0,0	3,7517558735e-08	1,25123788858e-08	-7,30409266343e-09	4,78556589271e-08	-7,30409266343e-09	3,27518109648e-08	-4,78500869601e-08	-6,12713727136e-09
113400	4,83732014223e-07	1,66168814852e-07	0,0	3,29079016502e-07	3,29079016502e-07	1,59665244911e-07	1,71295525474e-07	1,66168814852e-07	0,0	1,33806543139e-07	2,1687769624e-08	2,54350947027e-07	6,86860452969e-08	2,54350947027e-07	-1,28548701146e-08	7,00263837323e-08	1,97991204701e-07
114300	4,80873952566e-08	2,67878670343e-08	0,0	2,30081731122e-08	2,30081731122e-08	6,83595406712e-08	-4,52560403636e-08	2,67878670343e-08	0,0	-1,50792333957e-09	9,74475135646e-08	1,04076612406e-07	1,98667351105e-08	1,04076612406e-07	-1,90555099544e-08	1,85345446962e-07	-6,17656724669e-08
115200	-1,85035647804e-06	-7,72061015424e-07	0,0	-1,38783396023e-06	-1,38783396023e-06	-8,74095221551e-07	-5,64653278086e-07	-7,72061015424e-07	0,0	-6,10020845907e-07	-3,11354100105e-07	-1,28770972099e-06	-4,83691236712e-07	-1,28770972099e-06	-2,27752856014e-09	-7,40147457245e-07	-5,52044049804e-07
116100	3,31214247114e-08	3,41473724226e-09	0,0	6,44391381802e-09	6,44391381802e-09	3,27804257676e-09	-6,94548720769e-10	3,41473724226e-09	0,0	-2,74991105567e-09	-1,53698674886e-09	-5,25033400497e-09	-4,74769705006e-10	-5,25033400497e-09	-9,20568375203e-09	-4,78936270525e-09	-1,41875432356e-09
117000	1,14056743083e-07	1,87349537867e-08	0,0	3,39966577972e-08	3,39966577972e-08	1,1332773441e-08	1,16561939058e-08	1,87349537867e-08	0,0	9,10242912428e-09	6,02481208469e-09	1,27866008938e-08	3,54750888183e-09	1,27866008938e-08	-2,05281769547e-09	4,95641069639e-09	4,27915642481e-09
117900	1,78842149132e-06	7,9323716516e-07	0,0	1,39212559283e-06	1,39212559283e-06	8,72873179967e-07	5,8520945694e-07	7,9323716516e-07	0,0	6,83162081583e-07	3,38417461628e-07	1,34632387306e-06	5,69702081857e-07	1,34632387306e-06	1,17165248835e-07	6,40210344558e-07	6,11203037516e-07
118800	-1,90352674226e-06	-8,04345692202e-07	0,0	-1,41624881933e-06	-1,41624881933e-06	-8,76781458456e-07	-5,9072335631e-07	-8,04345692202e-07	0,0	-6,82970384757e-07	-3,37161871838e-07	-1,33987901938e-06	-5,68954173875e-07	-1,33987901938e-06	-1,03350610283e-07	-6,34385098918e-07	-6,07238535266e-07
119700	1,90971157838e-07	1,82496946699e-07	0,0	3,35409090737e-07	3,35409090737e-07	2,86819153184e-07	1,46450063899e-07	1,82496946699e-07	0,0	1,88227024224e-07	8,40495786308e-08	4,72277807242e-07	1,14911655476e-07	4,72277807242e-07	4,22662694915e-08	2,8511143167e-07	3,0362670626e-07
120600	-8,87988702732e-07	-2,73287067416e-07	0,0	-5,63772877958e-07	-5,63772877958e-07	-3,87912822659e-07	-2,16549397497e-07	-2,73287067416e-07	0,0	-2,28131433006e-07	-1,07919571341e-07	-5,23630252227e-07	-1,30737763454e-07	-5,23630252227e-07	-4,92185362946e-08	-3,05541477271e-07	-3,23595860353e-07
121500	1,32105464705e-06	4,35458635145e-07	0,0	8,27196005556e-07	8,27196005556e-07	4,64024836512e-07	3,86653767534e-07	4,35458635145e-07	0,0	3,89336857377e-07	2,17086624711e-08	6,36584802556e-07	2,35678352206e-07	6,36584802556e-07	5,03692722559e-08	3,50421283982e-07	2,69821075855e-07
122400	-1,28434321133e-06	-4,40775095499e-07	0,0	-8,16167570027e-07	-8,16167570027e-07	-4,62215378038e-07	-3,82831344375e-07	-4,40775095499e-07	0,0	-3,91227041322e-07	-2,23908030732e-08	-6,39850668866e-07	-2,36909837969e-07	-6,39850668866e-07	-5,34584542327e-08	-3,51378830691e-07	-2,71496849648e-07
123300	-1,02908200476e-07	6,91028055215e-09	0,0	-3,00779600426e-08	-3,00779600426e-08	-9,062345699e-09	-8,4263292839e-09	6,91028055215e-09	0,0	2,92753259663e-10	-1,42114372868e-09	2,80574101052e-09	8,909688832e-10	2,80574101052e-09	3,09978951372e-09	4,07751769336e-10	1,40326637183e-09
124200	-1,42435869427e-08	-3,74953113823e-09	0,0	-1,08729581619e-08	-1,08729581619e-08	-7,97812322946e-09	-4,88970463153e-09	-3,74953113823e-09	0,0	-4,1563505145e-10	-2,3757321254e-09	-1,7200581448e-09	-7,708017261e-10	-1,7200581448e-09	-2,81591305641e-09	-9,50374093837e-11	-7,63606608483e-10
125100	-3,52840593882e-07	-8,17342728379e-09	0,0	-1,32056450198e-07	-1,32056450198e-07	-6,07711259722e-08	-4,19123656117e-08	-8,17342728379e-09	0,0	-2,05407246212e-08	-1,22782288352e-08	-1,25747029683e-08	-6,18017385199e-09	-1,25747029683e-08	-3,90797301538e-09	-4,91336143073e-09	-5,12636557174e-09
126000	1,27210621125e-07	-2,83917027283e-09	0,0	4,35651376043e-08	4,35651376043e-08	1,84765429231e-08	1,36881814264e-08	-2,83917027283e-09	0,0	1,28558807197e-09	1,68914930073e-09	-4,45921454456e-09	-7,73405492483e-10	-4,45921454456e-09	-9,87384339805e-10	-3,18880853397e-09	-1,51374299126e-09
126900	-1,40758943042e-08	-1,63032792046e-09	0,0	-3,50581155947e-09	-3,50581155947e-09	-9,80239642999e-10	-1,56047793276e-09	-1,63032792046e-09	0,0	-2,35582235855e-09	-2,19693004823e-09	-4,14693299077e-09	-2,00969711086e-09	-4,14693299077e-09	-8,88540608637e-10	-2,25088080934e-09	-2,8732440107e-09
127800	1,36559543467e-07	4,67469975751e-09	0,0	5,04231523666e-08	5,04231523666e-08	2,26986336168e-08	1,72116807314e-08	4,67469975751e-09	0,0	8,21322754477e-09	7,67147797906e-09	8,1340837247e-09	4,11053416539e-09	8,1340837247e-09	2,19890426137e-09	4,5463371816e-09	2,9059116508e-09
128700	-2,81064396406e-07	-1,25580047425e-08	0,0	-1,17055404192e-07	-1,17055404192e-07	-5,85960795471e-08	-4,11154129874e-08	-1,25580047425e-08	0,0	-1,46172584656e-08	-1,33478448214e-08	-1,38628351323e-08	-6,44425557375e-09	-1,38628351323e-08	-4,04644608653e-09	-6,17269865681e-09	-4,73456618386e-09
129600	4,99069366677e-08	1,42496807807e-09	0,0	1,94697957827e-08	1,94697957827e-08	9,38888709619e-09	6,57820093521e-09	1,42496807807e-09	0,0	3,48411300366e-09	1,3429517848e-09	5,21166298669e-09	1,26471397841e-09	5,21166298669e-09	1,2850017286e-09	1,74032377502e-09	3,12598310607e-09
130500	1,9666722476e-07	5,60049320304e-09	0,0	7,59399442838e-08	7,59399442838e-08	3,68269865319e-08	2,37512501814e-08	5,60049320304e-09	0,0	9,06366835563e-09	8,8210565441e-09	6,10290545798e-09	3,04563424865e-09	6,10290545798e-09	1,91809145839e-09	2,60026120625e-09	2,58547166744e-09
131400	5,53132015726e-09	5,2385470897e-09	0,0	9,57173979179e-09	9,57173979179e-09	6,8172042816e-09	4,95445333554e-09	5,2385470897e-09	0,0	2,67014404782e-09	2,33835747976e-09	7,27353740389e-09	1,90150863101e-09	7,27353740389e-09	2,05054205513e-09	3,45108441917e-09	3,19897955889e-09
132300	7,67786638663e-09	4,6021930773e-10	0,0	3,86769868832e-09	3,86769868832e-09	1,97742940148e-09	1,90414549302e-09	4,6021930773e-10	0,0	6,85210964276e-10	-4,78122705051e-10	-2,08372210181e-09	1,94834179109e-10	-2,08372210181e-09	-5,69954546354e-10	-1,147365197e-09	-1,97293440792e-09
133200	7,37448212467e-08	4,91337824788e-09	0,0	3,08078974016e-08	3,08078974016e-08	1,50235232068e-08	1,14753797776e-08	4,91337824788e-09	0,0	5,47747531802e-09	4,86141575987e-09	6,80336394558e-09	2,83102397589e-09	6,80336394558e-09	7,42437260182e-09	3,61276071143e-09	2,75975851248e-09
134100	-2,41665860774e-06	-8,51910218026e-07	0,0	-1,67727233542e-06	-1,67727233542e-06	-9,12877741615e-07	-5,28449209504e-07	-8,51910218026e-07	0,0	-5,65576339135e-07	-4,62277222163e-07	-1,17945221829e-06	-4,65337705339e-07	-1,17945221829e-06	-1,65483049187e-07	-4,91148562313e-07	-5,60879044499e-07
135000	2,47594922821e-06	8,51843082215e-07	0,0	1,69926077033e-06	1,69926077033e-06	9,23644785748e-07	5,35471559829e-07	8,51843082215e-07	0,0	5,66914511598e-07	4,62668365374e-07	1,17678405606e-06	4,64980544181e-07	1,17678405606e-06	1,59392454479e-07	4,89928925735e-07	5,60121520714e-07
135900	-1,21912994665e-07	-2,43641607895e-09	0,0	-4,74805614962e-08	-4,74805614962e-08	-2,20870138579e-08	-1,6386715204e-08	-2,43641607895e-09	0,0	-5,18490476872e-09	-3,7734397193e-09	-2,88537777742e-09	-1,40249715822e-09	-2,88537777742e-09	-1,01001182511e-09	-9,95092726566e-10	-1,22030934396e-09
136800	2,08378648004e-07	3,28757822852e-09	0,0	7,69733897542e-08	7,69733897542e-08	3,54374920308e-08	2,48507505717e-08	3,28757822852e-09	0,0	9,19232351491e-09	7,13206500108e-09	4,52599740803e-09	2,81052400126e-09	4,52599740803e-09	1,60390041418e-09	1,33072673211e-09	1,67986182979e-09
137700	-4,77392597287e-07	-1,91286742243e-08	0,0	-1,90886329173e-07	-1,90886329173e-07	-9,32887018734e-08	-6,37611842957e-08	-1,91286742243e-08	0,0	-2,96653996718e-08	-1,9931696294e-08	-2,18730348373e-08	-1,05969590447e-08	-2,18730348373e-08	-6,75317282895e-09	-9,78936410895e-09	-8,86155038483e-09
138600	-3,60210615161e-07	-1,22706869396e-08	0,0	-1,40498927949e-07	-1,40498927949e-07	-6,71548898976e-08	-4,70424489793e-08	-1,22706869396e-08	0,0	-1,98931596454e-08	-1,55867442556e-08	-1,5682767335e-08	-7,34559531742e-09	-1,5682767335e-08	-4,79929395788e-09	-7,27050735163e-09	-5,4585194224e-09
139500	8,83198940577e-07	3,24315286834e-08	0,0	3,50281131877e-07	3,50281131877e-07	1,69007399877e-07	1,17575065314e-07	3,24315286834e-08	0,0	5,1957672254e-08	3,6602133343e-08	3,98239556737e-08	1,85513200276e-08	3,98239556737e-08	1,21566065475e-08	1,78584379819e-08	1,52571024129e-08
140400	-5,58059272989e-07	-2,12674044057e-07	0,0	-3,70492616528e-07	-3,70492616528e-07	-2,09709884014e-07	-6,94686230419e-08	-2,12674044057e-07	0,0	-2,19621651322e-07	-1,49320935232e-07	-3,27112341272e-07	-1,67825628686e-07	-3,27112341272e-07	-1,86980975595e-08	-1,63968070937e-07	-7,70512668815e-08
141300	8,21201648904e-07	2,72658567914e-07	0,0	5,11355631911e-07	5,11355631911e-07	2,89917845957e-07	1,35261921257e-07	2,72658567914e-07	0,0	2,76159127886e-07	1,66084702784e-07	4,07813173631e-07	2,02244224067e-07	4,07813173631e-07	3,46443715654e-08	1,95030812114e-07	1,26155009554e-07
142200	-1,15454084684e-07	-4,81996813668e-08	0,0	-7,95997107831e-08	-7,95997107831e-08	-4,76698731037e-08	-4,15261830562e-08	-4,81996813668e-08	0,0	-4,17319239346e-08	-6,77148684809e-09	-6,23305834574e-08	-3,02169331567e-08	-6,23305834574e-08	-1,2290711837e-08	-1,73483997427e-08	-3,89372356424e-08
143100	1,71957065765e-07	7,30173795722e-08	0,0	1,20430026916e-07	1,20430026916e-07	7,65185018243e-08	6,12017087137e-08	7,30173795722e-08	0,0	6,10007859072e-08	2,97474937045e-08	8,43595812513e-08	3,7026941935e-08	8,43595812513e-08	-5,97904222022e-10	5,8784546489e-08	4,01582776179e-08
144000	1,87406231713e-06	6,90712944139e-07	0,0	1,20922981135e-06	1,20922981135e-06	7,24339015112e-07	4,70269563491e-07	6,90712944139e-07	0,0	5,61847028601e-07	2,50057623286e-07	1,15997683242e-06	3,95919160874e-07	1,15997683242e-06	6,73567683078e-08	6,93490830631e-07	5,17492808321e-07
144900	-1,31645274208e-07	-4,76034145104e-08	0,0	-8,73039665728e-08	-8,73039665728e-08	-6,72980834782e-08	-2,05014408242e-08	-4,76034145104e-08	0,0	-3,71602381979e-08	-1,08991316046e-08	-1,22039806858e-07	2,54934083986e-08	-1,22039806858e-07	3,70546572493e-08	-1,55764549505e-07	-1,41230015602e-07
145800	-3,9571243104e-07	-1,56563687798e-07	0,0	-2,49727150141e-07	-2,49727150141e-07	-1,42577585427e-07	-1,08473714529e-07	-1,56563687798e-07	0,0	-1,49740984041e-07	-6,74805411773e-08	-2,66322229531e-07	-1,0955845051e-07	-2,66322229531e-07	-2,99243387702e-08	-1,42095820038e-07	-9,4959948172e-08
146700	1,10668288758e-06	4,14415701398e-07	0,0	7,20508586008e-07	7,20508586008e-07	4,34659672685e-07	2,89800336817e-07	4,14415701398e-07	0,0	2,76539961808e-07	1,17268031041e-07	6,23336259381e-07	1,88589820504e-07	6,23336259381e-07	-5,95443479794e-08	3,4820299608e-07	3,68433987283e-07
147600	-7,59378455224e-09	-1,43048399136e-08	0,0	5,87236547848e-09	5,87236547848e-09	-2,93548733549e-08	3,53117131544e-08	-1,43048399136e-08	0,0	2,80346402971e-08	-1,2291656537e-07	-1,05353382936e-07	-5,17504703022e-09	-1,05353382936e-07	4,5628976052e-08	-1,17369798612e-07	-6,61412333703e-08
148500	-2,16163021696e-06	-8,91242496227e-07	0,0	-1,59276649617e-06	-1,59276649617e-06	-9,49561323933e-07	-6,96618390076e-07	-8,91242496227e-07	0,0	-7,23912462059e-07	-1,88588856499e-07	-1,35525002138e-06	-5,2426674958e-07	-1,35525002138e-06	-5,68111280034e-08	-6,8498845121e-07	-6,19301941463e-07
149400	1,69484953069e-07	1,62906402418e-08	0,0	3,84537590125e-08	3,84537590125e-08	1,13503892341e-08	3,78910746175e-09	1,62906402418e-08	0,0	2,01322794056e-09	1,51107104733e-10	6,23957437783e-10	4,89307379407e-10	6,23957437783e-10	-9,174083588e-09	7,90549778108e-10	-1,19822729397e-09
150300	-1,48004179521e-07	-1,76281696137e-08	0,0	-3,72979786116e-08	-3,72979786116e-08	-1,18444831216e-08	-7,25302084442e-09	-1,76281696137e-08	0,0	-4,14666633566e-09	-1,17106918247e-09	-5,13471639315e-09	-1,09428580346e-09	-5,13471639315e-09	1,04024575212e-09	-2,52916502595e-09	-2,07416994964e-09
151200	1,68822571847e-07	2,29643185167e-08	0,0	4,45960253416e-08	4,45960253416e-08	1,70224736537e-08	8,48359428403e-09	2,29643185167e-08	0,0	7,15378779505e-09	4,12467930489e-09	9,46533431351e-09	3,01490396614e-09	9,46533431351e-09	-1,243376237e-09	3,52081176963e-09	2,56944754077e-09
152100	-5,18233571427e-09	5,68688442275e-10	0,0	2,85032750441e-10	2,85032750441e-10	1,11669787022e-09	1,14240019159e-09	5,68688442275e-10	0,0	-1,6416702212e-09	-8,76488168175e-10	-1,15697385395e-09	-4,87091174277e-10	-1,15697385395e-09	4,92685148921e-11	-4,25957335831e-10	4,14785068447e-10
153000	4,36477942598e-08	1,67222738175e-08	0,0	2,07875874671e-08	2,07875874671e-08	1,08762920901e-08	1,20158147332e-08	1,67222738175e-08	0,0	7,9445877411e-09	5,89510915627e-09	1,26584764392e-08	3,45463644786e-09	1,26584764392e-08	-1,82646605199e-09	3,48142491403e-09	4,56101042444e-09
153900	1,24280716913e-07	2,33604393132e-08	0,0	3,9058007461e-08	3,9058007461e-08	1,81095838897e-08	1,09867556681e-08	2,33604393132e-08	0,0	9,44939442585e-09	5,43209536796e-09	1,50385157887e-08	4,10682116623e-09	1,50385157887e-08	-2,5683417656e-09	7,08775679923e-09	5,52012976164e-09
154800	6,13237802103e-08	1,53910223871e-08	0,0	2,31079037886e-08	2,31079037886e-08	1,25894885801e-08	7,73828667114e-09	1,53910223871e-08	0,0	9,22311290675e-09	4,6969001253e-09	1,34162632855e-08	3,74515854806e-09	1,34162632855e-08	2,05989585533e-08	6,06149512765e-09	5,03367502317e-09
155700	-3,21634094649e-08	-6,8177708907e-09	0,0	-1,04764558543e-08	-1,04764558543e-08	-5,06590298003e-09	-3,53567419769e-09	-6,8177708907e-09	0,0	-2,49720297473e-09	-6,9553242281e-10	-2,36930480406e-09	-9,09456226773e-10	-2,36930480406e-09	-2,95184122842e-10	-9,08835569913e-10	-4,32519120845e-10
156600	-9,04965471659e-08	-1,07904746641e-08	0,0	-2,10914313227e-08	-2,10914313227e-08	-7,0130931821e-09	-3,39466107822e-09	-1,07904746641e-08	0,0	5,3423332989e-11	-6,75871588743e-10	1,21195986754e-09	-1,64761822524e-10	1,21195986754e-09	1,00242891791e-09	4,11274687346e-09	1,72170999054e-10
157500	8,200556947e-08	-9,80936774442e-11	0,0	9,99162987152e-09	9,99162987152e-09	-1,53278268798e-09	-3,11746106487e-09	-9,80936774442e-11	0,0	-1,20774804238e-08	-7,26296851945e-09	-1,95575661354e-08	-4,84362803059e-09	-1,95575661354e-08	-3,80903218943e-09	-9,12932839343e-09	-8,44411823151e-09
158400	-1,03157829533e-07	-1,9415608211e-08	0,0	-3,33083672232e-08	-3,33083672232e-08	-1,63414526193e-08	-8,58416445403e-09	-1,9415608211e-08	0,0	-8,23543764373e-09	-5,19899220153e-09	-1,53644342531e-08	-3,61926272237e-09	-1,53644342531e-08	-1,33770885193e-08	-9,50730176025e-09	-5,51600973704e-09
159300	-5,25199610937e-08	-7,78717391898e-09	0,0	-1,3362883039e-08	-1,3362883039e-08	-4,12214306736e-09	-4,37799139952e-09	-7,78717391898e-09	0,0	-5,20182760375e-10	8,90582040587e-10	2,85127002935e-09	-1,91119028191e-10	2,85127002935e-09	1,12744221252e-08	2,70416650201e-09	1,95518279598e-09
160200	-2,27354077053e-07	-3,4068288818e-08	0,0	-6,32906911563e-08	-6,32906911563e-08	-2,61873201928e-08	-1,45109590597e-08	-3,4068288818e-08	0,0	-6,82091943342e-09	-4,00876083729e-09	-1,13561124289e-08	-3,0286627999e-09	-1,13561124289e-08	-1,07200110965e-08	-4,14844183055e-09	-4,52334267241e-09
161100	2,17913306077e-08	5,38152253495e-09	0,0	7,7225561708e-09	7,7225561708e-09	5,00801927987e-09	1,98259169929e-09	5,38152253495e-09	0,0	1,90566004908e-09	7,28576714538e-10	2,45200652164e-09	6,49402169958e-10	2,45200652164e-09	9,18685293398e-09	3,96581105557e-10	8,32756306221e-10
162000	2,68564480965e-06	1,087087376e-06	0,0	1,93779768023e-06	1,93779768023e-06	1,18019468991e-06	8,12785872238e-07	1,087087376e-06	0,0	8,86287112782e-07	3,44317810224e-07	1,69423628639e-06	7,0600794086e-07	1,69423628639e-06	4,65757983295e-08	9,05312217603e-07	7,51478887462e-07
162900	-2,71861503978e-06	-1,09195003935e-06	0,0	-1,94701387086e-06	-1,94701387086e-06	-1,18379572154e-06	-8,14866543473e-07	-1,09195003935e-06	0,0	-8,88174311719e-07	-3,45406519621e-07	-1,69761433654e-06	-7,06593768235e-07	-1,69761433654e-06	-5,54210916446e-08	-9,06856957613e-07	-7,52718847036e-07
163800	-2,03726065057e-08	-4,28250847484e-09	0,0	-6,48873737591e-09	-6,48873737591e-09	-3,12289497948e-09	-2,41137563976e-09	-4,28250847484e-09	0,0	-5,87157586959e-10	1,23191396244e-10	3,37132369539e-10	-1,83907272697e-10	3,37132369539e-10	-3,27294975177e-10	8,02452328923e-10	5,14766071806e-10
164700	2,19405807107e-06	8,73186264704e-07	0,0	1,61668091276e-06	1,61668091276e-06	9,77798264821e-07	6,87826499094e-07	8,73186264704e-07	0,0	6,40857702642e-07	2,90074195939e-07	1,32416610124e-06	5,50859762316e-07	1,32416610124e-06	5,46028849606e-09	7,21174829103e-07	6,15502784155e-07
165600	-1,13366339582e-07	-4,11251135114e-08	0,0	-7,50596272563e-08	-7,50596272563e-08	-4,03078305681e-08	-3,51684179955e-08	-4,11251135114e-08	0,0	-4,5614005952e-08	-5,07712918643e-08	-7,14721789471e-08	-6,6745207573e-08	-7,14721789471e-08	3,2932227999e-08	1,23901540983e-09	-3,98141777339e-08
166500	2,44526735953e-08	1,65719337129e-08	0,0	8,90505690863e-09	8,90505690863e-09	6,75058436907e-10	8,23883631772e-09	1,65719337129e-08	0,0	2,95700140247e-08	-1,14648176215e-08	2,22770120192e-08	1,25847089505e-08	2,22770120192e-08	-2,99383643377e-08	-1,04099407978e-07	8,83381032165e-08
167400	-3,88111313946e-07	-1,41841385456e-07	0,0	-2,55976922849e-07	-2,55976922849e-07	-1,73278510866e-07	-8,41136417095e-08	-1,41841385456e-07	0,0	-7,83307174148e-08	-2,45606512662e-08	-1,69861894536e-07	-7,56156940732e-08	-1,69861894536e-07	5,6255721665e-09	-4,69983306175e-08	-1,28934447238e-07
168300	-3,67324853551e-07	-1,32968194829e-07	0,0	-2,43475406123e-07	-2,43475406123e-07	-1,50994939858e-07	-9,3828973364e-08	-1,32968194829e-07	0,0	-1,11150872957e-07	-3,87526430264e-08	-1,98325114796e-07	-8,57918623028e-08	-1,98325114796e-07	-6,06468094865e-09	-1,44303826139e-07	-4,11084772903e-08
169200	1,48980655609e-07	4,69785755298e-08	0,0	1,05325961106e-07	1,05325961106e-07	6,59409700102e-08	4,00027333852e-08	4,69785755298e-08	0,0	2,86301240017e-08	-3,11796580414e-08	2,87112664726e-08	1,55220154531e-08	2,87112664726e-08	1,48591698273e-08	5,94681563089e-08	-1,59358025481e-08
170100	-2,54063596575e-08	-1,08870918604e-08	0,0	-1,52400041653e-08	-1,52400041653e-08	1,43819098947e-08	-2,97069667257e-08	-1,08870918604e-08	0,0	5,68042639696e-09	5,75601564165e-09	-1,87884594262e-08	1,93113958629e-08	-1,87884594262e-08	1,36298160365e-08	-4,19005057294e-08	-2,77486547038e-08
171000	-5,2902028659e-07	-1,79953607711e-07	0,0	-3,61577077666e-07	-3,61577077666e-07	-1,91461548809e-07	-1,72174647056e-07	-1,79953607711e-07	0,0	-1,10676526164e-07	-1,37375554882e-08	-2,29807214684e-07	-7,54894422082e-08	-2,29807214684e-07	-1,33466289285e-08	-1,10068512472e-07	-1,06799176698e-07
171900	6,10194183061e-09	8,90017462747e-09	0,0	-2,27442054681e-09	-2,27442054681e-09	-1,54935833326e-08	1,31599385955e-08	8,90017462747e-09	0,0	1,85281897424e-08	5,83883302083e-10	2,35818479966e-08	4,69193453824e-09	2,35818479966e-08	1,2190592783e-08	2,56672112515e-09	8,87385521066e-09
172800	-3,86996943534e-08	-1,63169585848e-08	0,0	-2,3472752128e-08	-2,3472752128e-08	-1,82500649196e-08	-5,343799357e-09	-1,63169585848e-08	0,0	9,34908807776e-09	5,87579399966e-09	-7,03105501916e-09	6,07631760585e-09	-7,03105501916e-09	1,68929683293e-09	2,02404140928e-08	-2,89888605067e-08
173700	-3,33006104145e-07	-1,24436328061e-07	0,0	-2,17054020506e-07	-2,17054020506e-07	-1,19030141953e-07	-9,92087334669e-08	-1,24436328061e-07	0,0	-1,23514444409e-07	-1,13244615208e-08	-1,64199955955e-07	-9,60688991717e-08	-1,64199955955e-07	-2,66186820842e-08	-6,90634566497e-08	-6,87583687582e-08
174600	1,92026275008e-07	7,05333983393e-08	0,0	1,26317318488e-07	1,26317318488e-07	9,61413502229e-08	3,09084927942e-08	7,05333983393e-08	0,0	4,15535693038e-08	3,59031891354e-08	8,49313226777e-08	6,35608556875e-08	8,49313226777e-08	4,30094002887e-08	1,78762272111e-08	2,40009179538e-08
175500	-4,11697035601e-07	-1,4931073743e-07	0,0	-2,72623733297e-07	-2,72623733297e-07	-1,81508827175e-07	-9,2664586074e-08	-1,4931073743e-07	0,0	-1,13672231009e-07	-8,11318540678e-08	-2,40036822698e-07	-1,05768831211e-07	-2,40036822698e-07	5,27218979461e-09	-1,27276328101e-07	-1,18687871895e-07
176400	-1,89810832477e-07	-7,67674442358e-08	0,0	-1,18198004551e-07	-1,18198004551e-07	-7,18429714929e-08	-4,69746800111e-08	-7,67674442358e-08	0,0	-6,13853863243e-08	-3,07979006399e-08	-1,24031423044e-07	-4,58004364257e-08	-1,24031423044e-07	-2,47389772378e-08	-6,34625099074e-08	-3,60706037738e-08
177300	-1,31024203437e-08	4,23967734167e-09	0,0	-1,71726346605e-08	-1,71726346605e-08	-2,17264313905e-08	4,40524230165e-09	4,23967734167e-09	0,0	2,3245315633e-08	1,70753917525e-08	1,62710108386e-08	2,86698116002e-08	1,62710108386e-08	2,45364747993e-08	1,0734822638e-09	-9,3413615041e-09
178200	-8,28642266365e-08	-3,34210558503e-08	0,0	-5,16940570465e-08	-5,16940570465e-08	-3,1620041296e-08	-2,0345000828e-08	-3,34210558503e-08	0,0	-3,00878367416e-08	-1,61650778757e-08	-3,40584924263e-08	-4,58999440295e-08	-3,40584924263e-08	-4,41350923174e-08	1,68872982001e-08	-6,71823113818e-09
179100	1,69663641984e-07	6,27235175408e-08	0,0	1,11226292356e-07	1,11226292356e-07	8,39743997623e-08	2,78812679678e-08	6,27235175408e-08	0,0	2,89609868977e-08	3,62687023936e-08	8,78891541258e-08	4,05993060284e-08	8,78891541258e-08	5,70730129859e-09	4,07857076478e-08	4,15848041526e-08
180000	-1,97079391906e-07	-7,29950415658e-08	0,0	-1,29070739691e-07	-1,29070739691e-07	-8,59941808232e-08	-4,38007981204e-08	-7,29950415658e-08	0,0	-4,8706660199e-08	-4,10773019534e-08	-1,06119804439e-07	-5,73815970336e-08	-1,06119804439e-07	-1,49924845751e-08	-5,4787767112e-08	-3,51946447652e-08
180900	-1,3030863945e-07	-5,07982984519e-08	0,0	-8,29457084385e-08	-8,29457084385e-08	-5,31923297723e-08	-3,02005342433e-08	-5,07982984519e-08	0,0	-4,05205315735e-08	-3,17332852433e-08	-9,34393008722e-08	-3,03245695975e-08	-9,34393008722e-08	8,78506521111e-09	-5,78661045911e-08	-4,60152519423e-08
181800	-1,93354144508e-08	-7,48001176929e-09	0,0	-1,23613047595e-08	-1,23613047595e-08	-6,45378368693e-09	-5,97369787466e-09	-7,48001176929e-09	0,0	-9,56547766213e-09	9,43498342391e-09	-2,51238709527e-09	-5,06807805137e-09	-2,51238709527e-09	-2,72094819831e-09	-8,02372569683e-10	1,03361477603e-09
182700	-2,66605913693e-10	2,84403442957e-09	0,0	-2,95757972232e-09	-2,95757972232e-09	-5,93842825028e-09	2,94899230048e-09	2,84403442957e-09	0,0	1,46396406499e-08	-1,30173532946e-09	1,07540044983e-08	5,5715255832e-09	1,07540044983e-08	-8,69930914919e-10	9,75983855799e-09	1,91266920178e-09
183600	1,63090764353e-08	4,72373365362e-09	0,0	1,19254615587e-08	1,19254615587e-08	7,39864987399e-09	4,5992517768e-09	4,72373365362e-09	0,0	2,36624071409e-09	5,22526589976e-09	1,17675487491e-08	6,33280132392e-10	1,17675487491e-08	-2,81138000625e-09	1,15621284039e-08	9,19013602687e-09
184500	-5,17449992422e-08	-1,75991549118e-08	0,0	-3,53687733146e-08	-3,53687733146e-08	-1,65728309273e-08	-1,89980798504e-08	-1,75991549118e-08	0,0	-1,49739970332e-08	-1,40868103194e-09	-2,57284383389e-08	-8,38818584234e-09	-2,57284383389e-08	2,76944564159e-10	-1,27129658644e-08	-1,27985768494e-08
185400	6,45349898674e-08	2,15101188986e-08	0,0	4,45266232418e-08	4,45266232418e-08	2,71680592754e-08	1,76167792057e-08	2,15101188986e-08	0,0	-7,28165855905e-10	1,84285199479e-09	1,28124703211e-08	9,74471557632e-09	1,28124703211e-08	6,99633958614e-09	-3,98406982148e-09	3,07858280375e-09
186300	-1,10770273031e-07	-4,00637533533e-08	0,0	-7,34565583816e-08	-7,34565583816e-08	-4,8479520159e-08	-2,5388381998e-08	-4,00637533533e-08	0,0	-1,16893775081e-08	-1,31340002629e-08	-4,50844534987e-08	-1,99762671164e-08	-4,50844534987e-08	-2,91236753987e-09	-2,03943417275e-08	-2,18524477211e-08
187200	3,8487579657e-08	1,41683658325e-08	0,0	2,52881720166e-08	2,52881720166e-08	1,78070112883e-08	7,62122711643e-09	1,41683658325e-08	0,0	7,99246222213e-09	7,9614896457e-09	2,15195888113e-08	8,74210902635e-09	2,15195888113e-08	-2,10027447179e-09	1,38052551245e-08	9,87875585651e-09
188100	-1,84873607647e-08	-6,26971974838e-09	0,0	-1,26539080417e-08	-1,26539080417e-08	-5,11181975444e-09	-7,61303491122e-09	-6,26971974838e-09	0,0	-3,24219959581e-09	-3,25321121077e-09	-8,89984258201e-09	-3,91537107188e-09	-8,89984258201e-09	-1,71977677748e-09	-3,62509874634e-09	-3,56706296292e-09
189000	3,92339479559e-09	1,92913720675e-09	0,0	2,11963401512e-09	2,11963401512e-09	-5,16633111122e-10	2,64383601591e-09	1,92913720675e-09	0,0	-2,94476133788e-09	-1,7277276854e-09	-4,46638178057e-09	1,65635600251e-09	-4,46638178057e-09	4,26316002031e-09	-5,3188179e-09	-3,45552997612e-09
189900	-1,40632561188e-08	-4,80198088656e-09	0,0	-9,59470340286e-09	-9,59470340286e-09	-7,69936059221e-09	-1,95081012393e-09	-4,80198088656e-09	0,0	1,18705401132e-11	2,46447509141e-09	-2,28723837968e-09	-5,49253560353e-12	-2,28723837968e-09	5,34593696345e-09	-5,33478111552e-09	-2,31359529107e-09
190800	-8,55425063955e-10	-1,67996526929e-09	0,0	7,28249577232e-10	7,28249577232e-10	-9,9111818278e-10	1,73066007175e-09	-1,67996526929e-09	0,0	-1,65121249957e-09	-4,31906449079e-09	-2,96922431384e-09	-4,73204937216e-09	-2,96922431384e-09	-4,36085100097e-09	1,17662396518e-09	2,19788702625e-10
191700	6,05501437981e-08	2,09077103725e-08	0,0	4,10925214733e-08	4,10925214733e-08	2,7437389769e-08	1,38896892138e-08	2,09077103725e-08	0,0	1,23410284617e-08	1,89779882219e-09	2,6247324548e-08	9,00728892369e-09	2,6247324548e-08	-5,91486424361e-09	1,91535592378e-08	1,30866157256e-08
192600	7,56140631784e-08	2,85790929109e-08	0,0	4,89781880443e-08	4,89781880443e-08	3,17863446356e-08	1,7460880127e-08	2,85790929109e-08	0,0	2,82886389376e-08	1,60365628183e-08	5,70274229868e-08	1,63261791219e-08	5,70274229868e-08	4,23072862228e-09	2,29272181369e-08	4,44356535061e-08
193500	-7,90449111462e-08	-2,85687648511e-08	0,0	-5,24373504581e-08	-5,24373504581e-08	-3,5967660043e-08	-1,67649051519e-08	-2,85687648511e-08	0,0	-2,23818849551e-08	-1,92661374812e-08	-5,66263317954e-08	-1,40176458976e-08	-5,66263317954e-08	-1,5640102055e-09	-2,431783755e-08	-4,53178586255e-08
194400	4,46741579647e-08	1,70397194658e-08	0,0	2,87916385627e-08	2,87916385627e-08	1,51023299488e-08	1,38458621113e-08	1,70397194658e-08	0,0	1,35857544927e-08	8,79810232229e-09	2,42421674413e-08	1,53556459724e-08	2,42421674413e-08	1,57183457199e-08	1,88110423248e-09	6,64352295851e-09
195300	4,29906869383e-08	1,33333795257e-08	0,0	3,06047572656e-08	3,06047572656e-08	1,22564831874e-08	1,85359401477e-08	1,33333795257e-08	0,0	8,13043389992e-09	-5,89070956772e-09	1,77225934518e-08	-2,11919269571e-09	1,77225934518e-08	-1,30169617254e-08	1,94650101079e-08	1,13561729051e-08
196200	7,26350733027e-08	2,71542561336e-08	0,0	4,73312472514e-08	4,73312472514e-08	3,53625292934e-08	1,22222669333e-08	2,71542561336e-08	0,0	1,15246866709e-08	2,2456253103e-08	4,53172187419e-08	1,61349753378e-08	4,53172187419e-08	-5,08636557372e-09	2,56537654064e-08	2,49049197229e-08
197100	4,89147791669e-08	1,77012310319e-08	0,0	3,24282121027e-08	3,24282121027e-08	2,51412335227e-08	7,47078834932e-09	1,77012310319e-08	0,0	1,88115948929e-08	2,60218660452e-09	2,76287321951e-08	1,16673416832e-08	2,76287321951e-08	-1,63795486739e-09	1,20221905808e-08	1,73324649419e-08
198000	3,89161655183e-08	1,45895276281e-08	0,0	2,53203820755e-08	2,53203820755e-08	1,20537297555e-08	1,34033194493e-08	1,45895276281e-08	0,0	1,45809402274e-08	-1,11557759286e-09	6,45352097304e-09	2,16142304814e-08	6,45352097304e-09	2,16402596371e-08	-9,04745542103e-09	-6,25404403953e-09
198900	3,16795859894e-08	1,43361458454e-08	0,0	1,82876292356e-08	1,82876292356e-08	3,49970138025e-09	1,48758543436e-08	1,43361458454e-08	0,0	1,75620200769e-08	1,30130463864e-09	1,43741359015e-08	1,89484267384e-08	1,43741359015e-08	1,52587212683e-08	-7,54804220423e-09	6,65244913654e-09
199800	4,06928006951e-08	1,64156025324e-08	0,0	2,53817854208e-08	2,53817854208e-08	1,40566352085e-08	1,14586339417e-08	1,64156025324e-08	0,0	2,08848376778e-08	2,68675165054e-08	6,62899543521e-08	-1,48441412473e-09	6,62899543521e-08	-2,28385563638e-08	6,3108921914e-08	2,63493432629e-08
200700	3,68202958424e-07	1,35851356671e-07	0,0	2,41637286909e-07	2,41637286909e-07	1,43173995023e-07	9,97967826617e-08	1,35851356671e-07	0,0	1,02494564497e-07	7,75668296913e-08	2,26410389839e-07	9,11554537959e-08	2,26410389839e-07	-1,2660450496e-08	1,02288199201e-07	1,43517004508e-07
201600	8,2881755408e-07	2,78705076651e-07	0,0	5,69544240937e-07	5,69544240937e-07	4,19031634985e-07	1,53938170014e-07	2,78705076651e-07	0,0	1,33998642875e-07	9,73131922247e-08	3,26760047963e-07	1,84601962766e-07	3,26760047963e-07	1,39518605107e-07	1,08483901383e-07	7,27647601253e-08
202500	-4,37929602546e-07	-1,36942536727e-07	0,0	-3,10699894404e-07	-3,10699894404e-07	-2,64205450688e-07	-4,8478680149e-08	-1,36942536727e-07	0,0	-3,44186676999e-08	-6,32218006413e-08	-1,13884324632e-07	-1,20834631196e-07	-1,13884324632e-07	-1,39567481059e-07	-1,41345637078e-08	4,6297516791e-08
203400	1,18905149493e-06	4,26849625112e-07	0,0	7,91521438856e-07	7,91521438856e-07	4,03234439512e-07	3,92774214077e-07	4,26849625112e-07	0,0	3,42634798126e-07	-2,3048617022e-08	5,54552295028e-07	1,94378647637e-07	5,54552295028e-07	1,6913934857e-08	3,40368716328e-07	2,32322116266e-07
204300	3,15002216829e-07	1,3822819675e-07	0,0	1,85938139372e-07	1,85938139372e-07	1,44264382101e-07	4,2540490315e-08	1,3822819675e-07	0,0	1,39042823195e-07	2,05669938509e-08	2,49132897484e-07	5,05633012558e-08	2,49132897484e-07	7,02103139467e-08	1,77287146471e-07	1,43317028665e-07
205200	-2,26027803102e-06	-9,68671520748e-07	0,0	-1,70391741974e-06	-1,70391741974e-06	-1,00500664186e-06	-7,65894368191e-07	-9,68671520748e-07	0,0	-8,40414006583e-07	-1,69678789451e-07	-1,5531000253e-06	-5,2888545944e-07	-1,5531000253e-06	-8,32168658544e-08	-8,78273645715e-07	-7,80271776743e-07
206100	-2,78276801048e-08	-9,75239146149e-09	0,0	-1,25217127961e-08	-1,25217127961e-08	-8,87903854138e-09	-5,20030168896e-09	-9,75239146149e-09	0,0	-1,90377576908e-09	1,02948735268e-09	-1,25400780533e-09	-6,98382966084e-10	-1,25400780533e-09	-1,18651923702e-10	-2,86084391492e-10	-9,68450905698e-10
207000	9,08804546837e-07	5,01885137594e-07	0,0	8,28520592074e-07	8,28520592074e-07	5,66628193789e-07	3,73076735282e-07	5,01885137594e-07	0,0	4,61844406796e-07	2,22506080758e-07	9,05786318019e-07	4,21060634669e-07	9,05786318019e-07	1,83053838634e-07	4,25252873676e-07	3,52347946082e-07
207900	6,79727549835e-08	-8,65977750626e-11	0,0	9,87686680962e-08	9,87686680962e-08	1,35724629688e-07	-5,53714358953e-09	-8,65977750626e-11	0,0	-5,06418629214e-08	-3,77219841732e-08	1,69235480949e-09	-6,0048298034e-08	1,69235480949e-09	-3,80266108054e-08	-8,08498525887e-08	1,51947825107e-07
208800	-1,57525828725e-06	-5,97530284629e-07	0,0	-1,09701267964e-06	-1,09701267964e-06	-7,70302301877e-07	-4,16259674868e-07	-5,97530284629e-07	0,0	-4,40659215258e-07	-2,03664249989e-07	-9,57056022833e-07	-3,75441206353e-07	-9,57056022833e-07	-1,55233896001e-07	-3,63659909734e-07	-5,30635016237e-07
209700	-1,18158594242e-06	-3,6594565064e-07	0,0	-6,88742056656e-07	-6,88742056656e-07	-2,2916890525e-07	-2,49288398873e-07	-3,6594565064e-07	0,0	-5,82070118684e-07	-1,95366276756e-07	-6,43706353214e-07	-2,95518916586e-07	-6,43706353214e-07	-4,22267794783e-08	-2,4566899156e-07	-2,19543971662e-07
210600	1,18355101984e-06	3,67457913019e-07	0,0	6,89048084221e-07	6,89048084221e-07	2,30114182678e-07	2,52389825725e-07	3,67457913019e-07	0,0	5,82370458353e-07	1,97093239608e-07	6,50431258782e-07	2,97714123769e-07	6,50431258782e-07	4,54388957168e-08	2,48800691018e-07	2,29757579442e-07
211500	-2,57921999011e-07	-1,69176363913e-08	0,0	-1,09962850043e-07	-1,09962850043e-07	-5,41786398914e-08	-3,9815568651e-08	-1,69176363913e-08	0,0	-2,03252495224e-08	-1,13149330366e-08	-1,91597388223e-08	-7,81520026015e-09	-1,91597388223e-08	-4,97816016935e-09	-8,39079965467e-09	-6,85223961292e-09
212400	5,48629548962e-08	-4,08614294754e-08	0,0	1,09685639613e-08	1,09685639613e-08	-2,98032983184e-08	-5,03997311581e-09	-4,08614294754e-08	0,0	-5,92476900809e-08	-6,68674071221e-08	-6,20815149911e-08	-6,78205806966e-08	-6,20815149911e-08	-1,81384592633e-09	-2,57989943125e-08	-3,91834683254e-08
213300	5,39214764679e-09	5,15492196809e-08	0,0	2,32159566148e-08	2,32159566148e-08	4,84395125353e-08	1,95333032815e-08	5,15492196809e-08	0,0	6,90780713649e-08	7,10467022223e-08	7,49228723495e-08	7,23537907569e-08	7,49228723495e-08	4,85709842355e-09	3,14445240387e-08	4,39769289849e-08
214200	-2,71116960022e-07	-7,00369861552e-09	0,0	-1,04586227145e-07	-1,04586227145e-07	-5,03894884874e-08	-3,38372652226e-08	-7,00369861552e-09	0,0	-1,49170287913e-08	-8,78873091037e-09	-8,72427789823e-09	-4,49601513905e-09	-8,72427789823e-09	-2,79585517892e-09	-3,41749019293e-09	-3,23438566001e-09
215100	-6,18019544783e-07	-3,10199200814e-07	0,0	-4,64218867793e-07	-4,64218867793e-07	-1,95657638195e-07	-1,12231152727e-07	-3,10199200814e-07	0,0	-1,97945133166e-07	-1,54768615005e-07	-3,06130939591e-07	-1,9853379012e-07	-3,06130939591e-07	-7,24420773451e-08	-9,59952189732e-09	-1,73762013593e-07
216000	8,31765728657e-07	3,2121316208e-07	0,0	5,53761087491e-07	5,53761087491e-07	2,4146738676e-07	1,42439774386e-07	3,2121316208e-07	0,0	2,12988054749e-07	1,6351486164e-07	3,16608985099e-07	2,03881724728e-07	3,16608985099e-07	7,57372892763e-08	1,32446423605e-08	1,78094835276e-07
216900	-3,52371086848e-07	-1,21797058865e-08	0,0	-1,37265250388e-07	-1,37265250388e-07	-6,62063305604e-08	-4,55206585346e-08	-1,21797058865e-08	0,0	-2,10372087728e-08	-1,37846637403e-08	-1,36859742526e-08	-7,13133866278e-09	-1,36859742526e-08	-4,23825689771e-09	-5,6032804088e-09	-5,50827581479e-09
217800	-2,01886216247e-07	-2,0420762756e-07	0,0	-2,6805244429e-07	-2,6805244429e-07	-1,78205079262e-07	1,15398536356e-08	-2,0420762756e-07	0,0	-1,16681039313e-07	-2,09567522542e-07	-3,37600267354e-07	-8,39387381751e-08	-3,37600267354e-07	-2,08251825218e-07	-2,91776441428e-07	-1,07572903979e-07
218700	5,803635676e-07	2,10207152972e-07	0,0	4,06792986303e-07	4,06792986303e-07	2,41470693393e-07	3,2539218558e-08	2,10207152972e-07	0,0	1,36136223976e-07	2,21304523404e-07	3,46161440225e-07	8,94450552488e-08	3,46161440225e-07	2,11109059083e-07	2,94930603686e-07	1,10756004264e-07
219600	-6,01076291808e-07	-1,64620678148e-08	0,0	-2,30036470574e-07	-2,30036470574e-07	-1,08259638283e-07	-7,6315942455e-08	-1,64620678148e-08	0,0	-3,16082665245e-08	-2,29726913924e-08	-2,18025785086e-08	-1,04026181465e-08	-2,18025785086e-08	-6,83385175337e-09	-1,03576445576e-08	-8,90591804137e-09
220500	-6,17728953514e-07	-3,23346567765e-08	0,0	-2,65688445178e-07	-2,65688445178e-07	-1,34897211848e-07	-9,51934523034e-08	-3,23346567765e-08	0,0	-3,6786984333e-08	-2,55630537413e-08	-2,80652957507e-08	-1,43900843176e-08	-2,80652957507e-08	-8,85158111739e-09	-1,2138739747e-08	-8,88172907111e-09
221400	-4,28986534946e-07	-1,90556602129e-08	0,0	-1,73666620142e-07	-1,73666620142e-07	-8,53165426411e-08	-5,76895737843e-08	-1,90556602129e-08	0,0	-2,43962928322e-08	-2,20205098653e-08	-2,26589524988e-08	-1,05799763188e-08	-2,26589524988e-08	-6,61209294103e-09	-9,17241587787e-09	-1,06414064827e-08
222300	7,50204569007e-07	-2,95864260807e-07	0,0	1,0954011723e-07	1,0954011723e-07	-6,32116334385e-08	2,25953526896e-07	-2,95864260807e-07	0,0	-2,99931507438e-07	-1,61009423659e-07	-4,26341197835e-07	-2,95978759244e-07	-4,26341197835e-07	-2,64127101399e-08	-9,89164722731e-08	-2,00978466083e-07
223200	2,46401058678e-06	8,61175208252e-07	0,0	1,61820965391e-06	1,61820965391e-06	9,09590890907e-07	6,21755772216e-07	8,61175208252e-07	0,0	6,71974757825e-07	3,62623748267e-07	1,29912518079e-06	5,14649933362e-07	1,29912518079e-06	1,23580657986e-07	7,29053219534e-07	5,92637819082e-07
224100	-1,7447866894e-06	-5,96428803237e-07	0,0	-1,19006303488e-06	-1,19006303488e-06	-5,44960985086e-07	-6,31454626419e-07	-5,96428803237e-07	0,0	-4,7289525159e-07	-2,81940818077e-07	-1,01116972692e-06	-3,2793967961e-07	-1,01116972692e-06	-1,27462100851e-07	-6,40483209162e-07	-4,7868066372e-07
225000	-2,2871721597e-07	-4,44239531479e-08	0,0	-1,81104108084e-07	-1,81104108084e-07	-1,19261592287e-07	-4,48775719339e-08	-4,44239531479e-08	0,0	1,59556119133e-07	5,92755653645e-08	1,02515091061e-07	9,40355379827e-08	1,02515091061e-07	-2,0100979563e-08	-4,91140613433e-09	4,20669048361e-09
225900	6,19579066066e-07	1,49708340874e-07	0,0	3,96651397252e-07	3,96651397252e-07	1,88432997288e-07	7,82757171255e-08	1,49708340874e-07	0,0	3,76265778164e-08	7,57515866015e-08	1,15527519856e-07	5,28835253419e-08	1,15527519856e-07	5,78215146901e-08	5,08869276336e-08	1,08930130358e-07
226800	1,8051804023e-06	6,75058310951e-07	0,0	1,20965876985e-06	1,20965876985e-06	6,78744546146e-07	5,86189858221e-07	6,75058310951e-07	0,0	5,28738622916e-07	1,4255402143e-07	7,98533712979e-07	3,2787947857e-07	7,98533712979e-07	5,13851401936e-08	3,91367371066e-07	4,22177909217e-07
227700	-1,17548670394e-06	-4,42167021589e-07	0,0	-7,69585215764e-07	-7,69585215764e-07	-4,29808668375e-07	-3,50099252753e-07	-4,42167021589e-07	0,0	-4,04830445552e-07	-3,23050873377e-08	-5,75582373512e-07	-2,48159133862e-07	-5,75582373512e-07	-5,08537638128e-09	-3,06282049624e-07	-2,71814989306e-07
228600	2,78315060534e-07	1,15155869461e-07	0,0	1,67342741085e-07	1,67342741085e-07	1,25095342625e-07	3,94543323516e-08	1,15155869461e-07	0,0	1,22632335414e-07	-4,12169236629e-08	2,24233063714e-07	1,40105536023e-07	2,24233063714e-07	6,51130828266e-08	8,83329726495e-08	6,77217321484e-08
229500	1,38053875146e-06	5,04850243279e-07	0,0	8,96447706156e-07	8,96447706156e-07	5,19731188908e-07	3,67895238347e-07	5,04850243279e-07	0,0	4,3152492856e-07	1,081487572e-07	7,40924256929e-07	2,94082929656e-07	7,40924256929e-07	3,57526788302e-08	3,15682691777e-07	3,77111579268e-07
230400	-1,74647431717e-06	-7,64688049249e-07	0,0	-1,34683398127e-06	-1,34683398127e-06	-8,2990835425e-07	-5,92060656478e-07	-7,64688049249e-07	0,0	-6,44474281035e-07	-1,38077098248e-07	-1,15060884373e-06	-5,01253655596e-07	-1,15060884373e-06	-1,34138369741e-07	-4,76834175234e-07	-5,75978227223e-07
231300	2,08453925161e-06	8,84103462723e-07	0,0	1,55532300338e-06	1,55532300338e-06	9,41117231512e-07	6,72138355915e-07	8,84103462723e-07	0,0	7,45080377327e-07	2,70323470257e-07	1,40245074771e-06	5,85195125412e-07	1,40245074771e-06	1,66300124765e-07	6,05676365151e-07	6,48616584469e-07
232200	-2,13919406084e-06	-8,91387774189e-07	0,0	-1,56945049503e-06	-1,56945049503e-06	-9,45789316765e-07	-6,75550343342e-07	-8,91387774189e-07	0,0	-7,46821054231e-07	-2,71325545119e-07	-1,40403686145e-06	-5,85880885582e-07	-1,40403686145e-06	-1,66051463285e-07	-6,06026409737e-07	-6,49181170005e-07
233100	1,01457599389e-07	1,24860828662e-08	0,0	2,5882607264e-08	2,5882607264e-08	9,56674384941e-09	4,34884661987e-09	1,24860828662e-08	0,0	2,50062514265e-09	1,10377348117e-09	3,56380231317e-09	9,48182805201e-10	3,56380231317e-09	-6,05491222325e-10	1,62392111401e-09	1,33873291853e-09
234000	2,58113957172e-06	1,04734064082e-06	0,0	1,93045626226e-06	1,93045626226e-06	1,26884930669e-06	7,27903438035e-07	1,04734064082e-06	0,0	6,69668293277e-07	4,39875657297e-07	1,64470420583e-06	6,05014525519e-07	1,64470420583e-06	2,50398263965e-08	8,01889949054e-07	8,77117629705e-07
234900	-2,62280388367e-06	-1,05821272458e-06	0,0	-1,94674276024e-06	-1,94674276024e-06	-1,27935666047e-06	-7,32818631735e-07	-1,05821272458e-06	0,0	-6,73298802509e-07	-4,40735432283e-07	-1,65091150503e-06	-6,06238425526e-07	-1,65091150503e-06	-2,37667832671e-08	-8,05257518369e-07	-8,79320270028e-07
235800	6,57772317756e-08	5,66381183419e-09	0,0	1,35964620133e-08	1,35964620133e-08	7,03388588047e-10	4,07148737743e-09	5,66381183419e-09	0,0	-2,3214621471e-09	-2,03439684988e-09	-6,25007397337e-09	-1,13794720633e-09	-6,25007397337e-09	1,33160069592e-09	-2,81543844623e-09	-3,29836860207e-09
236700	-8,77765665317e-08	-8,63601780343e-09	0,0	-1,98509036701e-08	-1,98509036701e-08	-4,51332546189e-09	-3,92003978524e-09	-8,63601780343e-09	0,0	1,84783601852e-09	8,98837023027e-10	3,10149278886e-09	7,19736137335e-10	3,10149278886e-09	-9,36177544645e-10	3,61542178466e-09	1,99368765384e-11
237600	-8,17983451403e-09	9,13323411854e-10	0,0	3,28914132479e-10	3,28914132479e-10	2,25983462829e-09	2,97666680753e-10	9,13323411854e-10	0,0	9,20702086975e-10	7,03596498756e-10	3,27929855192e-09	3,79309773814e-10	3,27929855192e-09	-9,49569304085e-10	1,73306301903e-09	2,08931426047e-09
238500	4,15520844713e-08	2,25564908173e-09	0,0	6,98613911237e-09	6,98613911237e-09	6,79113385952e-10	-3,60331436314e-10	2,25564908173e-09	0,0	-1,32680594844e-09	-1,62837379046e-09	-4,39575283956e-09	-7,06766476364e-10	-4,39575283956e-09	1,14688536797e-09	-2,47309875642e-09	-2,28987736459e-09
239400	1,33764442428e-07	2,46027269876e-08	0,0	4,090532062e-08	4,090532062e-08	1,76505857242e-08	1,27008087262e-08	2,46027269876e-08	0,0	7,62943395707e-09	4,98777977596e-09	1,17039356941e-08	3,51105503192e-09	1,17039356941e-08	-1,56487170166e-09	2,70541358115e-09	5,25868576988e-09
240300	1,0913567346e-07	2,03163649871e-08	0,0	3,20811697615e-08	3,20811697615e-08	1,42296809202e-08	1,00409541166e-08	2,03163649871e-08	0,0	3,98407895055e-09	1,42887087413e-09	2,0282631851e-09	1,87762406172e-09	2,0282631851e-09	1,26773570311e-09	-1,5744905128e-09	-1,95431328e-09
241200	4,20012415119e-08	7,16822379557e-09	0,0	1,39048546976e-08	1,39048546976e-08	5,58808900931e-09	4,35020636456e-09	7,16822379557e-09	0,0	3,89407491928e-09	1,05971753041e-09	8,26276729208e-09	5,46430634098e-10	8,26276729208e-09	-3,04659928883e-09	6,25885526328e-09	5,03726066305e-09
242100	-5,19348999064e-08	-6,47142195202e-09	0,0	-1,35774851133e-08	-1,35774851133e-08	-3,1316027505e-09	-4,63904078552e-09	-6,47142195202e-09	0,0	-4,71985661216e-10	1,22858227319e-09	-6,0285177006e-11	2,70989399279e-10	-6,0285177006e-11	-1,45134351929e-10	-5,46325969008e-11	-2,6700816716e-10
243000	6,79921904965e-08	8,72560843643e-09	0,0	1,75819568221e-08	1,75819568221e-08	7,48569260845e-09	2,92015268784e-09	8,72560843643e-09	0,0	-2,45249834089e-09	-1,02132963864e-09	-1,40611747112e-09	-5,76251544528e-10	-1,40611747112e-09	2,32325760686e-10	-4,48364305994e-10	-4,51393849954e-10
243900	2,64754659672e-07	4,06099507144e-08	0,0	7,14925596287e-08	7,14925596287e-08	2,64154847652e-08	1,88484493195e-08	4,06099507144e-08	0,0	1,17957497806e-08	7,31489932934e-09	1,09872771682e-08	5,34324374705e-09	1,09872771682e-08	-4,92068171258e-10	2,53184101975e-09	4,9951029739e-10
244800	-1,27379705005e-07	-2,33259362708e-08	0,0	-3,73500073924e-08	-3,73500073924e-08	-1,68617457215e-08	-1,04458497294e-08	-2,33259362708e-08	0,0	-7,63448398116e-09	-4,03611075492e-09	-7,94627593447e-09	-2,51681931708e-09	-7,94627593447e-09	5,22182523282e-11	-4,78155347407e-10	7,6003724578e-10
245700	-2,09997369437e-07	-3,955413571e-08	0,0	-6,16434347813e-08	-6,16434347813e-08	-2,74238775034e-08	-1,9181758673e-08	-3,955413571e-08	0,0	-1,02558651126e-08	-4,44149225111e-09	-7,1576971564e-09	-5,1155141585e-09	-7,1576971564e-09	1,39652907169e-08	-1,01175357015e-09	-1,10871684272e-09
246600	-2,38928620678e-07	-3,36877554567e-08	0,0	-6,51243881254e-08	-6,51243881254e-08	-2,53434872414e-08	-1,41273504499e-08	-3,36877554567e-08	0,0	-6,17409424817e-09	-5,39784911975e-09	-1,29537399851e-08	-3,50439788436e-09	-1,29537399851e-08	-2,36850836314e-09	-5,77846996823e-09	-5,99770029079e-09
247500	5,41666801476e-08	6,38783716677e-09	0,0	1,31717080222e-08	1,31717080222e-08	4,0931760938e-09	2,2750710088e-09	6,38783716677e-09	0,0	1,87175995028e-09	8,08144171457e-10	1,84415016127e-09	5,57926195673e-10	1,84415016127e-09	3,57561848173e-10	4,63181646724e-10	8,25151709684e-10
248400	1,57977477844e-08	2,76646437427e-09	0,0	4,56601983881e-09	4,56601983881e-09	1,45393641512e-09	2,22458311264e-09	2,76646437427e-09	0,0	-1,04399465837e-09	-2,31393015322e-10	-1,70885877451e-09	-1,81447546262e-10	-1,70885877451e-09	-3,69750809368e-10	-1,42022344051e-09	-2,88268772112e-10
249300	-5,87799665071e-08	-7,09162465764e-09	0,0	-1,45624672023e-08	-1,45624672023e-08	-3,26274433922e-09	-4,4789687817e-09	-7,09162465764e-09	0,0	-5,12008056024e-10	-1,79602672554e-10	5,57391964389e-10	-8,44002447413e-11	5,57391964389e-10	2,05997996502e-10	1,11499743812e-09	9,47087897262e-12
250200	-3,78929783591e-08	-5,66833335494e-09	0,0	-1,02171469342e-08	-1,02171469342e-08	-3,96747354935e-09	-2,34051786383e-09	-5,66833335494e-09	0,0	-1,72684082258e-09	-1,00226995456e-09	-2,11252947404e-09	-7,13008836729e-10	-2,11252947404e-09	-3,84686749542e-10	-9,82179741893e-10	-5,8800632488e-10
251100	2,53229045372e-06	1,03953398209e-06	0,0	1,85983513899e-06	1,85983513899e-06	1,11278688972e-06	8,09717471581e-07	1,03953398209e-06	0,0	8,07154776529e-07	3,04143637748e-07	1,61640206848e-06	6,14319482333e-07	1,61640206848e-06	1,7270864094e-08	9,25989214137e-07	7,23822564623e-07
252000	-6,40568888796e-07	-2,32080679576e-07	0,0	-4,24395456386e-07	-4,24395456386e-07	-2,45763569836e-07	-1,80996109077e-07	-2,32080679576e-07	0,0	-1,7092505877e-07	-5,32723249566e-08	-4,00027653511e-07	-5,86561350381e-08	-4,00027653511e-07	3,08247540067e-08	-3,15256882806e-07	-1,60181484645e-07
252900	-2,7891175345e-09	5,91760905577e-09	0,0	-8,38662475151e-09	-8,38662475151e-09	-1,97234668015e-08	1,12613002117e-08	5,91760905577e-09	0,0	5,05346381566e-09	-2,25508385208e-08	4,2145692979e-08	-5,34962400355e-08	4,2145692979e-08	1,41462360619e-08	-2,61498257557e-08	5,43444564778e-08
253800	2,9403074618e-07	1,07827709022e-07	0,0	1,93576599147e-07	1,93576599147e-07	1,04618045667e-07	9,00356908342e-08	1,07827709022e-07	0,0	1,15598495786e-07	8,37064936595e-08	2,33891830326e-07	7,52625112618e-08	2,33891830326e-07	-4,51197039156e-08	1,31113147967e-07	1,48957491635e-07
254700	9,26710798558e-09	-6,46220575154e-09	0,0	1,54098950334e-08	1,54098950334e-08	-1,61475385569e-08	3,17217742581e-08	-6,46220575154e-09	0,0	-3,11804367914e-09	-3,16480458312e-08	-4,2584719605e-08	7,90154785048e-10	-4,2584719605e-08	2,74682938094e-08	8,20786036095e-09	-7,87211813602e-08
255600	-6,04315472951e-07	-2,23593780573e-07	0,0	-3,95987953375e-07	-3,95987953375e-07	-2,1508463592e-07	-1,83102588236e-07	-2,23593780573e-07	0,0	-1,74173753783e-07	-5,14761056924e-08	-3,18135408156e-07	-1,32990584862e-07	-3,18135408156e-07	-1,51949827158e-08	-1,4515095518e-07	-1,58522262413e-07
256500	-4,98224840834e-07	-1,89230593544e-07	0,0	-3,21848569862e-07	-3,21848569862e-07	-1,86676706693e-07	-1,3691675032e-07	-1,89230593544e-07	0,0	-1,59038270699e-07	-9,84586008309e-08	-3,53030570064e-07	-9,63254259749e-08	-3,53030570064e-07	4,29459485017e-08	-2,12870304382e-07	-1,84377351569e-07
257400	-1,06385746163e-08	4,77430726851e-09	0,0	-1,52039529539e-08	-1,52039529539e-08	5,3083811815e-09	-2,06593941335e-08	4,77430726851e-09	0,0	-2,86726421486e-09	3,97354185031e-08	2,40229363552e-08	1,80277446004e-08	2,40229363552e-08	1,95499754937e-08	-4,76905149453e-09	9,29282592078e-09
258300	-1,5855742793e-07	-6,27656707382e-08	0,0	-1,00024221075e-07	-1,00024221075e-07	-8,45432870427e-08	-1,59642389352e-08	-6,27656707382e-08	0,0	-3,1661442058e-08	-5,32982237699e-08	-8,8593012105e-08	-5,98152272705e-08	-8,8593012105e-08	-2,5374525504e-08	-2,4698070926e-08	-3,86604258345e-08
259200	-1,90002023589e-07	-7,4264987299e-08	0,0	-1,20752140557e-07	-1,20752140557e-07	-6,38364899664e-08	-5,75706901847e-08	-7,4264987299e-08	0,0	-8,18403126401e-08	-1,54618672117e-08	-1,17033290812e-07	-5,53810782012e-08	-1,17033290812e-07	-2,74535768954e-08	-3,32993858395e-08	-5,65008960179e-08
260100	-2,80292734254e-07	-8,86413557998e-08	0,0	-1,97903018248e-07	-1,97903018248e-07	-6,90747831877e-08	-1,3004033556e-07	-8,86413557998e-08	0,0	-5,7300968975e-08	1,42420797505e-08	-8,54876166548e-08	-4,62875305195e-08	-8,54876166548e-08	-3,44085438776e-08	-2,94074012225e-08	-2,15744912562e-08
261000	1,00036544519e-07	3,72331892561e-08	0,0	6,53441757562e-08	6,53441757562e-08	3,05612235424e-08	3,51392797415e-08	3,72331892561e-08	0,0	4,03833278048e-08	-1,5335576904e-08	4,61027524227e-08	1,63660047784e-08	4,61027524227e-08	-1,14880313521e-09	3,12374693659e-08	1,61130038899e-08
261900	-3,05343540631e-08	-1,23616961267e-08	0,0	-1,9004884364e-08	-1,9004884364e-08	-4,46934715994e-09	-1,46328787344e-08	-1,23616961267e-08	0,0	-1,98103974985e-08	4,44752843062e-09	-2,43074863454e-08	-3,59652228054e-09	-2,43074863454e-08	3,14410455146e-08	-4,39268275815e-08	-1,20498033352e-08
262800	-5,00341593936e-07	-1,86858125078e-07	0,0	-3,26228806413e-07	-3,26228806413e-07	-1,94787712265e-07	-1,33232647413e-07	-1,86858125078e-07	0,0	-1,37619014863e-07	-4,09656538532e-08	-2,70019930129e-07	-9,69928984214e-08	-2,70019930129e-07	4,5887720977e-10	-1,47778415189e-07	-1,23365916625e-07
263700	1,14785033516e-07	4,43907263509e-08	0,0	7,34049947709e-08	7,34049947709e-08	4,60421609293e-08	2,77598247899e-08	4,43907263509e-08	0,0	3,01389485221e-08	2,61133598239e-08	7,88362575147e-08	2,23895934338e-08	7,88362575147e-08	-1,9565132718e-08	3,9772390863e-08	5,89735942956e-08
264600	-1,41162187416e-07	-5,16314806549e-08	0,0	-9,30647246968e-08	-9,30647246968e-08	-5,46616592931e-08	-3,89186293309e-08	-5,16314806549e-08	0,0	-2,96295702173e-08	-2,44403122964e-08	-7,43970060516e-08	-3,17512337196e-08	-7,43970060516e-08	-7,280053309e-09	-2,34170985e-08	-4,38702936266e-08
265500	4,3035324569e-08	1,54813307219e-08	0,0	2,86164763048e-08	2,86164763048e-08	1,56888057523e-08	1,30864329835e-08	1,54813307219e-08	0,0	8,81266063616e-09	1,10275498236e-09	2,49080301792e-08	6,08331785418e-10	2,49080301792e-08	-1,12095830481e-08	1,72479911731e-08	2,22630836057e-08
266400	-1,16898126104e-07	-4,68616587248e-08	0,0	-7,3195468792e-08	-7,3195468792e-08	-5,25978976853e-08	-2,09842442682e-08	-4,68616587248e-08	0,0	-4,24412534888e-08	-3,31682237844e-08	-9,82255190172e-08	-2,50832241213e-08	-9,82255190172e-08	1,94348801223e-08	-5,8259675496e-08	-6,3101924504e-08
267300	-8,22103168703e-08	-3,17048412836e-08	0,0	-5,26542391008e-08	-5,26542391008e-08	-2,91028126063e-08	-2,38360776886e-08	-3,17048412836e-08	0,0	-2,42562553062e-08	-6,49142908667e-09	-4,25709914527e-08	-2,01340337695e-08	-4,25709914527e-08	-2,29046642765e-09	-2,35829963241e-08	-1,67851994267e-08
