time	sensor_1	sensor_2	sensor_3	sensor_4	sensor_5	sensor_6	sensor_7	sensor_8	sensor_9	sensor_10	sensor_11	sensor_12	sensor_13	sensor_14	sensor_15	sensor_16	sensor_17
0	0	0	0	0	0	0	0	0	0	0	0	0	0	0	0	0	0
900	0,00858336028856	0,00836303592961	0	0,00869541893475	0,00869541893475	0,0090678342861	0,00810143944351	0,00836303592961	0	0,0072510094118	0,0093880454406	0,00814622232336	0,00805450270863	0,00814622232336	0,0120604124204	0,00805824040612	0,00788138204819
1800	-0,0570680535635	-0,0587418795263	0	-0,0562419807756	-0,0562419807756	-0,0604389910224	-0,0503937353908	-0,0587418795263	0	-0,072554819685	-0,245732125347	-0,0857099916655	-0,0739450549191	-0,0857099916655	-0,00947451242521	-0,0726049307088	-0,160327032109
2700	0,0139090594905	0,0139755145939	0	0,0138750355088	0,0138750355088	0,0139716868712	0,0137279247869	0,0139755145939	0	0,0144389477234	0,0156826176227	0,0146236654748	0,014413209161	0,0146236654748	0,00882432789394	0,0143470848826	0,0154698000812
3600	-0,00021637837137	-0,000639824919184	0	-7,69015828687e-06	-7,69015828687e-06	-0,000552988482291	0,000759242925195	-0,000639824919184	0	-0,000600416870521	0,000283512612633	-0,00064747878253	-0,000201055782564	-0,00064747878253	0,00276818889285	-0,00152964239156	-0,000151278667978
4500	-0,00466535939464	-0,00421639568651	0	-0,00489378661387	-0,00489378661387	-0,00648148655696	-0,00300280663798	-0,00421639568651	0	-0,00212165067603	-0,0070170175728	-0,00389981851614	-0,00317351730214	-0,00389981851614	-0,000151509812188	-0,00513708989834	-0,00326502297909
5400	-0,00671094781216	-0,00628917399104	0	-0,00693109757469	-0,00693109757469	-0,00609345987468	-0,00801791682502	-0,00628917399104	0	-0,00635392475606	0,00157590268002	-0,00465390946683	-0,0063660933046	-0,00465390946683	-0,0118079713941	-0,00357455363797	-0,00497243833819
6300	-0,00365176559208	-0,00336322940994	0	-0,00380545926379	-0,00380545926379	-0,00291327888797	-0,00508891715664	-0,00336322940994	0	-0,00336462833695	0,00107422211552	-0,00259706874609	-0,00242837775553	-0,00259706874609	0,00467064431285	-0,00337221863687	-0,00306726251691
7200	0,00388949264728	0,00379665999014	0	0,00393836368108	0,00393836368108	0,00404411152586	0,00378408988499	0,00379665999014	0	0,00239133226818	-0,000125890912335	0,00280325119367	0,00246536726702	0,00280325119367	-0,0323104549252	0,0033869177217	0,00380577413781
8100	-0,00924308679748	-0,00970750705384	0	-0,00900461488382	-0,00900461488382	-0,00834210338972	-0,0100369546853	-0,00970750705384	0	-0,00908521136834	-0,0124012130933	-0,00969885075108	-0,010280436429	-0,00969885075108	-0,141911547479	-0,00803556972218	-0,0104091317183
9000	-0,0019044102382	-0,00202390477692	0	-0,00184357689374	-0,00184357689374	-0,00194127729986	-0,001692103846	-0,00202390477692	0	-0,00220680119294	-0,00694365287115	-0,0032001612031	-0,00135399587311	-0,0032001612031	0,0149125850823	-0,00465994277087	-0,00336209587046
9900	0,000560525630768	0,000989961798986	0	0,000333026008564	0,000333026008564	-0,000756994101682	0,00176866101938	0,000989961798986	0	0,00244764947215	0,000113971985919	0,0015465181492	0,00129485511134	0,0015465181492	0,00733693853911	0,00061152539336	0,00159014452868
10800	-0,00378979975653	-0,00406712404777	0	-0,00364594041474	-0,00364594041474	-0,00369129622681	-0,00358459657396	-0,00406712404777	0	-0,00408628068039	4,19300109585e-05	-0,0033171805339	-0,00414463127332	-0,0033171805339	-0,00449268645552	-0,00327465769626	-0,00319938587879
11700	0,00168435710639	0,00158019343376	0	0,00173785306198	0,00173785306198	0,00232563530304	0,000889325785434	0,00158019343376	0	-0,000401496282881	0,00493029910806	0,00162684740423	0,00100824346205	0,00162684740423	-0,672112149943	0,00386629842015	0,00125663420418
12600	0,00224975702772	0,00230756902569	0	0,00221986711387	0,00221986711387	0,00256593310103	0,00168876391818	0,00230756902569	0	0,00258332720334	0,000616789120482	0,00218344732887	0,00207347830291	0,00218344732887	0,0131529651529	0,0021300314506	0,00237093228836
13500	0,00212386976326	0,00209111018458	0	0,00214072969275	0,00214072969275	0,00232879823746	0,00184305009142	0,00209111018458	0	0,00133829070767	0,00159056928102	0,00154778716651	0,00228902587947	0,00154778716651	0,0142699745605	-1,34624241617e-05	0,00173647023421
14400	-0,00484909880996	-0,00486813756557	0	-0,00483926387692	-0,00483926387692	-0,00534377719631	-0,00408540940825	-0,00486813756557	0	-0,00375983145453	-0,00611088656637	-0,00507612970602	-0,00363715559753	-0,00507612970602	0,0077629250061	-0,00738622405545	-0,00541224809875
15300	-0,00448117412921	-0,00431449949154	0	-0,00456792849759	-0,00456792849759	-0,00552182666329	-0,00328616085254	-0,00431449949154	0	-0,00243027485265	-0,00356455858771	-0,0033096981572	-0,00396177505524	-0,0033096981572	-0,00184338251901	-0,00354063115717	-0,00339600054583
16200	0,00467552845147	0,00485099290269	0	0,00458219726333	0,00458219726333	0,00481005185687	0,00426022561515	0,00485099290269	0	0,00470666018032	0,00734372630932	0,00498455543432	0,00574896276351	0,00498455543432	-0,0884943171197	0,00779858985139	0,0037020470534
17100	-0,00197349113416	-0,00227775588567	0	-0,00181560257836	-0,00181560257836	-0,00146881135827	-0,00232445764963	-0,00227775588567	0	-0,00355477393523	-0,00269691917124	-0,00199812580522	-0,00485394552139	-0,00199812580522	-0,0370633782701	-0,00303860580549	-0,00029579486384
18000	5,54620935434e-05	-6,9665716384e-05	0	0,000119734696899	0,000119734696899	0,000145432942747	8,25552031304e-05	-6,9665716384e-05	0	-0,000822868954123	-0,0178595266142	-0,00221489409281	-0,00138153722253	-0,00221489409281	0,0125061182537	-0,00282779267306	-0,00239013253434
18900	0,000942684045332	0,000934920936597	0	0,000946661491386	0,000946661491386	0,000802789110879	0,00115475903831	0,000934920936597	0	0,0016713153608	0,00379081934443	0,0014428320363	0,00169765337761	0,0014428320363	0,0111279335403	-1,63588795513e-05	0,00191033500583
19800	-0,00268725020212	-0,00281779301585	0	-0,00262085370097	-0,00262085370097	-0,00292528404005	-0,00219609670718	-0,00281779301585	0	-0,00271408109329	-0,000189261242115	-0,00247562368691	-0,00241941056253	-0,00247562368691	0,00675204217718	-0,00366312775697	-0,00312309632419
20700	0,00266429811978	0,0027991883792	0	0,00259469132089	0,00259469132089	0,00266635848939	0,00249274861988	0,0027991883792	0	0,00320301548856	0,00323364570641	0,00318097981199	0,00255661608311	0,00318097981199	-0,0329932942456	0,00495881476168	0,00315108330761
21600	0,00252607559683	0,00271830554718	0	0,00242493414544	0,00242493414544	0,00283441436411	0,00180348768109	0,00271830554718	0	0,00314799734388	0,00497457411311	0,0033828163633	0,00271949527331	0,0033828163633	-0,000868221446251	0,00512839289392	0,00237997033609
22500	0,00190294735493	0,00176907221243	0	0,00197239068877	0,00197239068877	0,00166790950546	0,00241144438814	0,00176907221243	0	0,00105008025647	1,18164069441e-05	0,00087600074553	0,00223720403924	0,00087600074553	0,0107762384013	-0,00213898952163	0,00172080251802
23400	0,00129138571231	0,00123817471537	0	0,00131885309419	0,00131885309419	0,0010314331996	0,00171497770496	0,00123817471537	0	0,000632732723973	-0,00132154634549	0,00071689749096	0,000716666884437	0,00071689749096	0,00456880290706	-0,000868991869193	0,00163070358135
24300	-0,00119040974753	-0,00137780633521	0	-0,00109507509377	-0,00109507509377	-0,00123758763588	-0,000901277112549	-0,00137780633521	0	-0,00076086962776	-0,000764817553244	-0,0013228090735	-0,000501224021707	-0,0013228090735	0,0035995673654	-0,00185967155637	-0,00176078193906
25200	0,00352635834966	0,0035828206642	0	0,0034974167133	0,0034974167133	0,00395086217595	0,00283042776149	0,0035828206642	0	0,00328818439356	0,00680733809405	0,00425704564353	0,00326298996847	0,00425704564353	-0,0431955910015	0,00541726970906	0,00491367127773
26100	0,000810374950713	0,00107469346007	0	0,000671645714395	0,000671645714395	0,00059795707816	0,000776871946601	0,00107469346007	0	0,0020874908991	-0,00042701866702	0,00127786842267	0,00116468676124	0,00127786842267	-0,00623734266111	0,00153781340401	0,00121775518079
27000	-0,000321675931837	-0,000360245340442	0	-0,000301514760566	-0,000301514760566	-0,000547073848793	4,3431622892e-05	-0,000360245340442	0	-0,000420357942566	-0,0026075644345	-0,000909365862781	-6,97043481834e-05	-0,000909365862781	0,00707537704464	-0,00080272300148	-0,001389078437
27900	0,00355695487317	0,00366772648633	0	0,00349829805323	0,00349829805323	0,0033746364644	0,00366736617842	0,00366772648633	0	0,00404621894439	0,00496923880994	0,00413680942866	0,00361407419033	0,00413680942866	-0,0347285449696	0,00394827314581	0,00473396165916
28800	0,00553881712702	0,00557791040034	0	0,00551798385847	0,00551798385847	0,0055403048487	0,00548689718991	0,00557791040034	0	0,00585457134695	0,00626190026883	0,00566066740501	0,00607096852926	0,00566066740501	0,0160856629813	0,00386543563601	0,00490864110389
29700	0,00425248260488	0,00364990175391	0	0,00455136529207	0,00455136529207	0,00425143308393	0,00494586822487	0,00364990175391	0	0,00174134505491	-0,000960537694479	0,00251574038888	0,00219614431372	0,00251574038888	-0,00530933925097	0,004244689303	0,00190948256143
30600	0,00829602286673	0,00879279969675	0	0,00802568404836	0,00802568404836	0,0085102553287	0,00729690665167	0,00879279969675	0	0,0101358095358	0,0124362642801	0,009856889002	0,010197469874	0,009856889002	0,0126443576252	0,00923749387695	0,00974237946043
31500	-0,00479777017255	-0,00511427170826	0	-0,00462972490285	-0,00462972490285	-0,00545335028503	-0,00350411817938	-0,00511427170826	0	-0,00543169968297	-0,0240736750601	-0,00620643192653	-0,0101697397307	-0,00620643192653	-0,0211142358443	-0,00343896811218	-0,00125824237878
32400	-0,00882730039307	-0,0084979298769	0	-0,00900547730082	-0,00900547730082	-0,00887259190891	-0,00919128464218	-0,0084979298769	0	-0,0080821346418	0,000923870096327	-0,0082431229472	-0,00368082938576	-0,0082431229472	0,00223342702459	-0,0116183217857	-0,0155477749825
33300	0,00229956028492	0,00226270753836	0	0,00231939590202	0,00231939590202	0,0022473595106	0,00241799116694	0,00226270753836	0	0,00208355949656	0,00410507203741	0,00247120094625	0,002644575989	0,00247120094625	0,00255416488601	0,00275910914588	0,00216237164704
34200	-0,00402562783862	-0,00483345083789	0	-0,00297184032342	-0,00297184032342	-0,00501464819635	0,000352771590406	-0,00483345083789	0	-0,0126776380741	-0,00755281893645	-0,0062733809493	-0,00890587443918	-0,0062733809493	-0,0256445846851	-0,00435786752476	-0,0036112594837
35100	0,00872055027751	0,00860736866481	0	0,00851908438276	0,00851908438276	0,0101423830059	0,00472917434336	0,00860736866481	0	0,00907189816593	0,00968414364675	0,00882762312475	0,00846178101075	0,00882762312475	-0,0612377945295	0,00970531776228	0,00831365125644
36000	-0,0633768595937	-0,0571579512011	0	-0,0576549523491	-0,0576549523491	-0,0457263590139	-0,0609066331788	-0,0571579512011	0	-0,0499096811166	-0,050973585241	-0,0449707609359	-0,053673907947	-0,0449707609359	0,0141025142039	-0,0506825272824	-0,0449415819154
36900	0,00549566724408	0,0066646589848	0	0,00453898852004	0,00453898852004	0,00114476019874	0,00841092815397	0,0066646589848	0	0,00914375561626	0,00178400448199	0,00659025900584	0,00741768870417	0,00659025900584	0,00579426507712	0,00535976575776	0,00728000027847
37800	0,00758484244701	0,00716752600535	0	0,00755458989554	0,00755458989554	0,00767720218112	0,00679613858154	0,00716752600535	0	0,0047099991129	0,0106179607234	0,0073857825118	0,00521791374124	0,0073857825118	-0,0165628257222	0,00801099298969	0,00930935958318
38700	1,24527040285	13,6445122348	0	1,92598638571	1,92598638571	7,08463254888	1,14074035528	13,6445122348	0	4,07342958476	0,42318604213	2,28701804335	1,53801542059	2,28701804335	0,0999011816165	0,702141689361	124,880310632
39600	0,0149160831741	0,0161769563254	0	0,0154588752926	0,0154588752926	0,01598444713	0,011758505802	0,0161769563254	0	0,0113221026706	-0,0149401832397	0,0127662047895	-0,00500060749217	0,0127662047895	0,0136900418097	0,00922822242084	0,0165805630389
40500	0,0107956340286	0,0139129920346	0	0,0105785673986	0,0105785673986	0,0122030422422	0,012533928733	0,0139129920346	0	0,0162259046785	0,0145183812256	0,0132570483226	0,0163651174096	0,0132570483226	-0,153792861308	-0,0263631635358	0,0097306949452
41400	0,00790737882206	0,00784066420325	0	0,00855832952221	0,00855832952221	0,0105484217899	0,00744625591236	0,00784066420325	0	-0,00922798433997	0,00997024350611	0,00329675351439	0,00345302266248	0,00329675351439	0,0142724140929	0,0108821607721	0,00320868454458
42300	0,000509784941483	-0,178121147831	0	-0,0104205317106	-0,0104205317106	-0,0141848602086	-0,00342968265134	-0,178121147831	0	-0,028689244454	-0,0384485152513	-0,105925789172	-0,178983693683	-0,105925789172	0,0798311682943	-0,0274765653933	-0,0754368575196
43200	-0,00470477195064	-0,0064474522329	0	-0,00510443936271	-0,00510443936271	-0,00523702639659	-0,00541641957726	-0,0064474522329	0	-0,00467446754753	-0,00430181146629	-0,00406252466359	-0,00506715708929	-0,00406252466359	-0,00496309266615	-0,00596604484782	-0,000354434595511
44100	-0,0546872965065	-0,0881475962639	0	-0,0535261193276	-0,0535261193276	-0,0532364475449	-0,0474712633655	-0,0881475962639	0	-0,0918977442277	-0,0746376765911	-0,21110180861	-0,118944397789	-0,21110180861	-0,160879217622	-0,266002812546	-0,534177137968
45000	0,0108482924482	0,0145055326867	0	0,0109872199325	0,0109872199325	0,0112057485678	0,0108597471259	0,0145055326867	0	0,0130206810106	0,01298975969	0,015429208336	0,0142241941263	0,015429208336	0,0181938084714	0,0156038925298	0,0161996203267
45900	-8,05215402609e-05	-0,00197802242889	0	0,000474709416151	0,000474709416151	0,000858603760627	0,000735160726614	-0,00197802242889	0	-0,00323312640706	-0,00301952116939	-0,00959524022678	-0,00358224504447	-0,00959524022678	0,0421597257732	-0,00828857988529	-0,0136013088238
46800	-0,0180579319694	-0,0220536624868	0	-0,0186954463332	-0,0186954463332	-0,0194575996517	-0,0173153273532	-0,0220536624868	0	-0,0191490016526	-0,0213544708872	-0,0154014360138	-0,0182125839323	-0,0154014360138	0,0498721631527	-0,0173022869351	-0,00417978102954
47700	0,0130811403453	0,0122225814686	0	0,0128720283346	0,0128720283346	0,0127317405329	0,0123670050587	0,0122225814686	0	0,0138541826453	0,0133918879911	0,0136418473069	0,01345129119	0,0136418473069	0,0135962858767	0,0142310443499	0,0122067155045
48600	-0,0260692964779	-0,0276782667424	0	-0,027832160319	-0,027832160319	-0,0283233451217	-0,0285802499638	-0,0276782667424	0	-0,0225881811745	-0,0285640611535	-0,0208145854833	-0,0244438475044	-0,0208145854833	-0,0232230388124	-0,0283822385591	-0,023314546862
49500	-0,0179422465991	-0,0279726585216	0	-0,0175866673071	-0,0175866673071	-0,0176559947379	-0,0169098077176	-0,0279726585216	0	-0,025679567938	-0,0196459889332	-0,0527942792716	-0,033190463921	-0,0527942792716	0,0751963755113	-0,0494812906261	-0,0706068613489
50400	0,0144290293078	0,0153662001634	0	0,0145798962404	0,0145798962404	0,014643628727	0,0146062434593	0,0153662001634	0	0,0147747232749	0,0147764053285	0,0155088803271	0,0152194607733	0,0155088803271	0,0179845583498	0,0156414162371	0,0157149960825
51300	-0,0934937897005	-0,0887592659392	0	-0,0940879263594	-0,0940879263594	-0,0930534600256	-0,0924514709193	-0,0887592659392	0	-0,0873671958089	-0,106013259891	-0,107146839821	-0,100032832088	-0,107146839821	-0,0992644813361	-0,116345506629	-0,110584327302
52200	-0,0271531506966	0,0086290718868	0	-0,0172604454395	-0,0172604454395	-0,0380157513376	-0,186485092782	0,0086290718868	0	0,00941582833711	0,00979278469199	-0,00969250437459	0,0142588566879	-0,00969250437459	0,0125620135852	0,0132656396095	0,0148079919152
53100	0,0190049997322	0,0177613328601	0	0,0183882131193	0,0183882131193	0,0174767919069	0,016882167895	0,0177613328601	0	0,0206977273981	0,0206810293289	0,0168750645396	0,0207119684209	0,0168750645396	0,0440040854834	0,0177977097495	0,0186727648311
54000	-0,00125613420997	-0,00105775953766	0	-0,000926631467951	-0,000926631467951	-0,000559007754896	-0,000569989704046	-0,00105775953766	0	-0,000276729388832	-0,0132180980627	-0,00197157006542	-0,000738357923555	-0,00197157006542	0,0106955443171	-0,0128215794752	0,00275909911483
54900	0,0230840902888	0,0247756403972	0	0,0238798835425	0,0238798835425	0,0257098276347	0,0285715955231	0,0247756403972	0	0,020692714547	0,0196619676615	0,0239622086486	0,022914520045	0,0239622086486	0,018292080024	0,0215355459082	0,0294398377762
55800	0,126928925128	0,0979530682211	0	0,115982511003	0,115982511003	0,105442198868	0,0661116013962	0,0979530682211	0	0,117259042493	0,151633039362	0,090012874734	0,094963407752	0,090012874734	0,268404198724	0,138447908186	0,0576206038867
56700	0,0150082817803	0,0147535164555	0	0,0149093301395	0,0149093301395	0,0149284950689	0,0143132122283	0,0147535164555	0	0,0146194146223	0,0152982317847	0,0146054388443	0,0146634681107	0,0146054388443	0,00492813435706	0,0150234752419	0,0141470589966
57600	-0,0246140664561	-0,0245376332969	0	-0,02381855106	-0,02381855106	-0,0238129464704	-0,0219477382992	-0,0245376332969	0	-0,0265517858179	-0,0523186103674	-0,0298221723724	-0,0240081469659	-0,0298221723724	0,01310541337	-0,0250643582415	-0,0503816269324
58500	-0,0276108187145	-0,0879107754397	0	-0,087027178443	-0,087027178443	-0,141535857428	-0,144303159718	-0,0879107754397	0	-0,288144548531	-0,182103896464	-0,443877909214	-0,560723159311	-0,443877909214	0,54147889676	-0,556708825844	-0,611697465375
59400	0,00329757634872	0,00352035802498	0	0,0034771314778	0,0034771314778	0,00373813858865	0,00353819871275	0,00352035802498	0	0,00426161206687	0,00507749659912	0,00517435541395	0,00440946306529	0,00517435541395	0,00519738492499	0,00539221449768	0,00524713957453
60300	-0,00152311512246	-0,0027829715501	0	-0,00209972950864	-0,00209972950864	-0,00294796996373	-0,00332318937246	-0,0027829715501	0	-0,00596344160907	-0,00365289365033	-0,00462122436485	-0,00490555408681	-0,00462122436485	-0,00319739568235	-0,00509791417312	-0,00248393649896
61200	0,00381561014837	0,00452195343677	0	0,00418928749677	0,00418928749677	0,00491380312311	0,0044642058701	0,00452195343677	0	0,00587726558741	0,00539544142937	0,00623774172386	0,00555187092114	0,00623774172386	0,00715380001938	0,00678429296676	0,00676523389735
62100	-0,00517419714438	-0,00528948986687	0	-0,00516542440558	-0,00516542440558	-0,00556380961203	-0,00486104506841	-0,00528948986687	0	-0,00429120125261	-0,0038332835871	-0,00402246662161	-0,00467355506658	-0,00402246662161	0,0365539361139	-0,00429100775697	-0,00307496531102
63000	0,000605443027538	0,000527499117301	0	0,000587054723733	0,000587054723733	0,000615981113007	0,000448455174371	0,000527499117301	0	-0,000143901595195	0,000415835329254	0,000414577870746	0,000165605557605	0,000414577870746	0,000406177222079	-0,00022820455765	0,00130551406567
63900	-0,00150674913912	-0,000763909127797	0	-0,00117737457676	-0,00117737457676	-2,81929327365e-05	-0,0015844637854	-0,000763909127797	0	-9,26989047554e-05	-0,00054190013137	-0,00023437291226	0,000170807502975	-0,00023437291226	-0,000443538610575	0,000266617222609	-0,00116645535839
64800	0,0139091647733	0,0154301252173	0	0,0154419366499	0,0154419366499	0,0157867645675	0,0158888533684	0,0154301252173	0	0,0161601040565	0,0159231603354	0,0162880229236	0,0163871052394	0,0162880229236	0,00178878981741	0,0163710128288	0,0163902479963
65700	-0,0679620087676	-0,173538316547	0	-0,175660571675	-0,175660571675	-0,262094247371	-0,272654174027	-0,173538316547	0	-0,458791400882	-0,330268556728	-0,673994920881	-0,867526954339	-0,673994920881	0,0356667986527	-0,906025199899	-0,996961329516
66600	-0,000855571672168	-0,00148937653729	0	-0,00115706745795	-0,00115706745795	-0,00127839122237	-0,00222127212018	-0,00148937653729	0	-0,00280427596195	-0,0030698637911	-0,00204438961123	-0,00306018645084	-0,00204438961123	0,034323941834	-0,00256708897261	-7,6754959209e-05
67500	-0,00396158272132	-0,00487106681227	0	-0,00453798919309	-0,00453798919309	-0,00618205485654	-0,00397441117139	-0,00487106681227	0	-0,00698057329737	-0,0105129665884	-0,0123616735239	-0,00801362503746	-0,0123616735239	0,0566469813901	-0,0178744137192	-0,0187996539878
68400	0,00813301115701	0,00791111984888	0	0,00796517554491	0,00796517554491	0,00784511063477	0,00748687236254	0,00791111984888	0	0,00821639864715	0,00807972868542	0,007708332101	0,00815192847195	0,007708332101	0,0049747887916	0,00633682745159	0,00634597892995
69300	-0,0036892486164	-0,00349616493815	0	-0,00349453753557	-0,00349453753557	-0,0033930201816	-0,00308520579309	-0,00349616493815	0	-0,00346469184755	-0,00335962808423	-0,00197408443514	-0,00410403693578	-0,00197408443514	0,0033509715049	0,000627307787816	0,000946529986259
70200	0,00376692657431	0,0039439586721	0	0,00385724813924	0,00385724813924	0,00423112432262	0,00360015696654	0,0039439586721	0	0,00447987842011	0,00554398730467	0,00525851651464	0,00499193233985	0,00525851651464	0,00581535907623	0,00620900839638	0,00482631422402
71100	0,00314471460864	0,00398137869447	0	0,0035930481472	0,0035930481472	0,00413993564004	0,00450839954253	0,00398137869447	0	0,00466354944652	0,00518788462124	0,00500600376295	0,00498070594269	0,00500600376295	0,00474415901735	0,00431941685201	0,00533564797342
72000	0,00121546216564	0,00107279178031	0	0,00115714110856	0,00115714110856	0,00111704134356	0,00100691026005	0,00107279178031	0	0,000488232578993	-2,22849208949e-05	0,000738654409985	-0,000333119163879	0,000738654409985	0,0309519196283	0,0019268566796	0,000402157509639
72900	-0,00679342353628	-0,00606829920405	0	-0,00626123860842	-0,00626123860842	-0,00579661486859	-0,00571750860062	-0,00606829920405	0	-0,00307333060971	-0,00138697262185	-0,00181234275446	-0,00188624491721	-0,00181234275446	0,0335308914242	-0,00092320760047	0,0012840878965
73800	-0,00123123501945	-0,00195969301147	0	-0,00172429096726	-0,00172429096726	-0,0021821580629	-0,00247428800096	-0,00195969301147	0	-0,00465321715599	-0,00588149485011	-0,00586894403945	-0,0043377303753	-0,00586894403945	-0,00801732959482	-0,00720510838092	-0,00667751859449
74700	-0,00186300692426	-0,00186044831768	0	-0,00176809101653	-0,00176809101653	-0,00177632525286	-0,00169738339345	-0,00186044831768	0	-0,0012389201014	-0,00228722133919	-0,000505535014944	-0,0024571254928	-0,000505535014944	0,0312869974902	0,00130243113191	0,000780186343377
75600	-0,00754878260352	-0,00843238443946	0	-0,00806655716772	-0,00806655716772	-0,00817176497815	-0,00986051183056	-0,00843238443946	0	-0,0110832661414	-0,00746495105302	-0,0106089281028	-0,00900828112283	-0,0106089281028	0,0466313917592	-0,0126545456413	-0,0132286842166
76500	0,000311388453192	0,000710088315415	0	0,000542650561467	0,000542650561467	0,000923237197176	0,000858795012105	0,000710088315415	0	0,00102592160405	0,000755909724652	0,00140592547474	0,000654414293607	0,00140592547474	0,0314176517176	0,00205464445933	0,00123459224507
77400	0,0138097581456	0,0154478650191	0	0,0154412420085	0,0154412420085	0,0158423202069	0,0158954443706	0,0154478650191	0	0,0162461800105	0,0159023475067	0,0163422050372	0,0164320398899	0,0163422050372	0,0153040139473	0,0164378768244	0,0164054755061
78300	-0,0933326527374	-0,232850688591	0	-0,236103606942	-0,236103606942	-0,354877395084	-0,371025772437	-0,232850688591	0	-0,596611916686	-0,343356979755	-0,830529742126	-1,10165368789	-0,830529742126	0,233835347048	-1,23388600482	-1,05752184389
79200	0,0139008361358	0,0154483783983	0	0,0154625134474	0,0154625134474	0,0158560686861	0,0158691638715	0,0154483783983	0	0,0161708595437	0,0160883319875	0,0163210380982	0,0164183480123	0,0163210380982	0,0176127264046	0,0164153206227	0,0164054581746
80100	-0,00138199882175	-0,00127102315749	0	-0,0014412264673	-0,0014412264673	-0,00138852882785	-0,00152175408195	-0,00127102315749	0	-0,000841472861691	-0,00201573550462	-0,000953721162345	-0,00190879332182	-0,000953721162345	-0,0117956170481	0,000259646893406	-0,00155218061675
81000	-0,00292180956194	-0,0030603314221	0	-0,00284859304291	-0,00284859304291	-0,00286588325413	-0,0028214905373	-0,0030603314221	0	-0,00417286015279	-0,00310201009268	-0,00358195144059	-0,00317688488949	-0,00358195144059	-0,0211253262816	-0,00568480233725	-0,00111524829477
81900	0,0015587735315	0,00155908214878	0	0,00155858720959	0,00155858720959	0,0015345362053	0,00159474662523	0,00155908214878	0	0,000491044854805	0,00316604803978	0,00143234558991	0,00163449989085	0,00143234558991	0,0105727325876	0,00156719426157	0,000494630029557
82800	-0,00810118932817	-0,00790515364008	0	-0,00820586272464	-0,00820586272464	-0,00899759381213	-0,00710378502174	-0,00790515364008	0	-0,00630857498514	-0,00693117438659	-0,00707394158252	-0,0074168002062	-0,00707394158252	-0,0850707201729	-0,00658462165782	-0,00599245544964
83700	-0,00140190322936	-0,00157806133238	0	-0,00130908055946	-0,00130908055946	-0,00109097344674	-0,00162098474001	-0,00157806133238	0	-0,00303307221827	-0,0063545881849	-0,00247801578942	-0,00366916433416	-0,00247801578942	0,00306980597172	-0,00205013530732	-0,00306433578991
84600	-0,000762528537758	-0,00076739980426	0	-0,00075995187102	-0,00075995187102	-0,000519115873085	-0,00111756343948	-0,00076739980426	0	0,000518006939777	-0,000404948077783	-0,000470111066936	0,000285424370465	-0,000470111066936	-0,00342898232635	0,000727947243396	-0,00175719999627
85500	-0,00418294559446	-0,00431506860972	0	-0,00411392416931	-0,00411392416931	-0,00457215338053	-0,00346785499119	-0,00431506860972	0	-0,00460869739331	-0,0111767334457	-0,00497245822403	-0,00595302273286	-0,00497245822403	-0,00627800863719	-0,00478835598001	-0,00515751850199
86400	-0,0119154513308	-0,0129522599432	0	-0,0114013582856	-0,0114013582856	-0,0112397746677	-0,0116253470527	-0,0129522599432	0	-0,0139767787712	-0,0225723374714	-0,0144368623575	-0,0137690861453	-0,0144368623575	0,00703213900492	-0,015969445122	-0,0144798676652
87300	-0,00181462145273	-0,00138892383341	0	-0,00203329432345	-0,00203329432345	-0,00211463785378	-0,00192123590239	-0,00138892383341	0	-0,000244589682418	0,00770975342011	0,00067772548798	0,000273681161956	0,00067772548798	0,00428468230747	0,000684390711941	0,000297939514065
88200	-1,26953628677e-05	-0,000208975963047	0	8,63169495877e-05	8,63169495877e-05	0,000662073480482	-0,000799776950105	-0,000208975963047	0	-0,00253919055577	-0,00176539759162	-0,00121012651504	-0,00130763303906	-0,00121012651504	-0,0227793812444	-0,00128398709336	-0,000159168111246
89100	-0,00587881329141	-0,00595728344979	0	-0,00583935595155	-0,00583935595155	-0,00637741515382	-0,00505712180701	-0,00595728344979	0	-0,00378280750656	-0,0277194459875	-0,00726466493926	-0,00648768209432	-0,00726466493926	0,00233812271791	-0,00726557565548	-0,00802080513625
90000	-0,00472209402771	-0,00474880410027	0	-0,0047086718537	-0,0047086718537	-0,00519948641299	-0,00403294922596	-0,00474880410027	0	-0,00471876511966	-0,0227808569979	-0,00576165138064	-0,00532473967473	-0,00576165138064	-0,0138138988086	-0,00632647679351	-0,00474766828136
90900	0,00150051894731	0,00186453295626	0	0,00131140369762	0,00131140369762	0,00132297392837	0,0012929999857	0,00186453295626	0	0,00252297994073	0,0112183146856	0,00333483049876	0,00307964296498	0,00333483049876	0,0049970535181	0,00192012142987	0,00444407696366
91800	-0,00669576359958	-0,00677945405853	0	-0,00665252098369	-0,00665252098369	-0,00755704445952	-0,00550910657488	-0,00677945405853	0	-0,00604146035415	-0,0064453347593	-0,00645608761266	-0,00644896667465	-0,00645608761266	0,00454376066316	-0,00537405032061	-0,00884738669865
92700	0,00304184204844	0,00309540048999	0	0,00301401826688	0,00301401826688	0,00341413795045	0,00247208503919	0,00309540048999	0	0,00203610755463	0,00654786283121	0,00355584048614	0,00254603587441	0,00355584048614	-0,00998138920286	0,00478770890818	0,00451911022727
93600	0,000817406303877	0,000969427955873	0	0,000737352876919	0,000737352876919	0,0014591563917	-0,000356018358878	0,000969427955873	0	0,00113546700584	-0,000365838365337	0,000842184123696	0,000790355851732	0,000842184123696	0,00257453063325	0,00162009183747	9,65445738997e-05
94500	-0,00187352628986	-0,00211974019846	0	-0,00174641763867	-0,00174641763867	-0,00187330172646	-0,00155612439269	-0,00211974019846	0	-0,00214259300609	-0,0112924274475	-0,00365356521462	-0,00177349326387	-0,00365356521462	-0,00494687271709	-0,00581404586331	-0,00407651365486
95400	-0,00155055558845	-0,00147717557905	0	-0,00158867851961	-0,00158867851961	-0,00197966252384	-0,00103708202954	-0,00147717557905	0	-0,000939524097009	-0,000218605562128	-0,0012711156365	-0,000792265311653	-0,0012711156365	0,00841694632213	-0,00366591223423	-0,000467526999012
96300	-0,00361569748766	-0,00346217200201	0	-0,00369632872653	-0,00369632872653	-0,00465727533401	-0,00247795297695	-0,00346217200201	0	-0,00230104254427	-0,00242804627877	-0,00277437979607	-0,00315325888869	-0,00277437979607	0,00190317930357	-0,0033200918328	-0,00311740622582
97200	0,00175369411008	0,00171649490809	0	0,00177314672228	0,00177314672228	0,00228273913637	0,00107222653329	0,00171649490809	0	0,000523441610246	0,00502475806101	0,00199514898488	0,00119311367343	0,00199514898488	-0,216788094757	0,00457143904374	0,00171968965745
98100	0,00105529524249	0,00107901219717	0	0,00104285753325	0,00104285753325	0,00175623683491	-5,69622299008e-05	0,00107901219717	0	0,000763584111641	0,00283596348309	0,00139523353563	0,000889233872329	0,00139523353563	0,0131102974463	0,00235357917852	0,00122014088347
99000	0,000506407760522	0,000449344348552	0	0,000536165700673	0,000536165700673	0,000213233268606	0,00101005957694	0,000449344348552	0	6,87771606212e-05	-0,00496077050438	-0,000654401950363	0,000273857617278	-0,000654401950363	-0,031979066156	-0,00241883065803	-5,5797573348e-06
99900	0,000382504687926	0,000237422832841	0	0,000457230805855	0,000457230805855	3,57723456648e-05	0,00103921418616	0,000237422832841	0	0,000737304055599	-0,00352080358377	-0,000204907168755	0,000574395613728	-0,000204907168755	0,0142789937994	-0,00149092447543	-0,000731595476729
100800	-0,00654999760133	-0,00663510740894	0	-0,0065063288462	-0,0065063288462	-0,00671173221452	-0,00622830266253	-0,00663510740894	0	-0,00569041889699	-0,001175019493	-0,00550970112962	-0,00566093933645	-0,00550970112962	0,00313307931108	-0,00732027464323	-0,005621975943
101700	0,00341960215082	0,00360328012793	0	0,00332347840719	0,00332347840719	0,00349850019057	0,00307828636318	0,00360328012793	0	0,00272711015595	0,0055452429602	0,00375879975037	0,00319566726178	0,00375879975037	-0,0276158948776	0,00518382250868	0,00414900294029
102600	0,00175297304863	0,00177656841344	0	0,00174059757397	0,00174059757397	0,00224707839852	0,00097264870056	0,00177656841344	0	0,00148980937574	-0,000208555009724	0,00134880274972	0,00150680821748	0,00134880274972	0,00123147562975	0,00209701251951	0,000559255479413
103500	-0,00206844987109	-0,00206200712994	0	-0,00207180844035	-0,00207180844035	-0,00218498548424	-0,00190296974118	-0,00206200712994	0	-0,00149219457218	-0,000209700906298	-0,0014478415909	-0,00190139028483	-0,0014478415909	-0,0457421211316	2,87636934808e-05	-0,00178983365425
104400	0,0056992691251	0,00554981895182	0	0,00577604687168	0,00577604687168	0,00513539786193	0,00661164197153	0,00554981895182	0	0,00571406141259	-0,0219694345957	0,00400815067391	0,00487676509743	0,00400815067391	0,0152376590721	0,00115226681946	0,00456027587783
105300	-0,000798399370591	-0,00102201925993	0	-0,00068549315967	-0,00068549315967	-0,000413768774543	-0,00105153684035	-0,00102201925993	0	-0,000601312173009	0,00648171452032	7,98535346035e-05	-0,00107276057266	7,98535346035e-05	-0,00779244550771	0,000236929253074	0,000695645522616
106200	0,000771202216827	0,00092510646483	0	0,00069233565897	0,00069233565897	0,00160864473809	-0,000739462217883	0,00092510646483	0	0,000292901731975	0,00951286153389	0,0019961214382	0,0024456607632	0,0019961214382	0,0055568610633	0,00279067005961	0,000695027486674
107100	0,00532859736514	0,00570540364406	0	0,00512572806754	0,00512572806754	0,00509533965524	0,00517003743001	0,00570540364406	0	0,00644395305367	0,00638919814394	0,00609195450632	0,00609153679355	0,00609195450632	0,00742619206495	0,00604791013046	0,00592804726107
108000	0,00714876616056	0,00684500837018	0	0,00730456409526	0,00730456409526	0,00706929031227	0,00764933652076	0,00684500837018	0	0,00468154408882	-2,07411661937e-05	0,00538746440126	0,00508501404112	0,00538746440126	-0,000453693585639	0,00544503922633	0,00590782617373
108900	0,000875469242581	0,000953367034447	0	0,000835140221921	0,000835140221921	0,000448601784089	0,00136629712969	0,000953367034447	0	0,00294712447795	0,00420291107009	0,0020392088529	0,00232451326082	0,0020392088529	0,0064067014734	0,00165883421942	0,00178430475065
109800	0,00466276905228	0,0045317581323	0	0,00472945187826	0,00472945187826	0,00474908335609	0,00470317299087	0,0045317581323	0	0,00400564374394	-0,00110853807759	0,00394397639837	0,00336287749445	0,00394397639837	0,00129184255497	0,00472622901742	0,00341535008045
110700	0,00148501687374	0,00118949522846	0	0,0016314380023	0,0016314380023	0,00216560515249	0,000827984125291	0,00118949522846	0	-7,99695807857e-05	0,00132652387482	0,000776188688931	0,000698597571179	0,000776188688931	-0,0232207504277	0,00107890994765	0,00159013861353
111600	0,00272819255928	0,0031888620536	0	0,00248819082793	0,00248819082793	0,00267330395459	0,00219642924565	0,0031888620536	0	0,00432699828204	0,00808524919873	0,00442809807353	0,00399226949244	0,00442809807353	-0,022269874657	0,00569899376172	0,0036485885724
112500	-0,000450937778856	-0,000249245713988	0	-0,000557666922031	-0,000557666922031	-0,000971004979476	4,7805803639e-05	-0,000249245713988	0	0,00124492205901	0,00101597970073	-0,000126295469677	0,00196908865028	-0,000126295469677	0,0137829595074	-0,00160027002321	-0,000238487041304
113400	0,00356030552504	0,00337092554841	0	0,00365832497638	0,00365832497638	0,00309478714995	0,00440765265801	0,00337092554841	0	0,00350601383473	0,00159271610796	0,00347975840413	0,00241642804517	0,00347975840413	-0,00800945614753	0,00205338855848	0,00526976397457
114300	0,000346567422707	0,000526263678471	0	0,000251912581801	0,000251912581801	0,00122742966079	-0,00125197058537	0,000526263678471	0	-3,96046626867e-05	0,00500662929373	0,00131179597822	0,000670796781249	0,00131179597822	-0,041278655356	0,00409842600848	-0,00182386686386
115200	-0,0667228552052	-0,168633899435	0	-0,17210412931	-0,17210412931	-0,269156803597	-0,2488939941	-0,168633899435	0	-0,414096085484	-0,397921737662	-0,620152449712	-0,81272375119	-0,620152449712	-0,00700822527939	-0,908467959299	-0,743405655435
116100	0,00111447678767	0,000713900678981	0	0,000762543266838	0,000762543266838	0,000951753416581	-0,000311879646318	0,000713900678981	0	-0,00210214747284	-0,00222677028691	-0,00298073846944	-0,000837835475411	-0,00298073846944	0,040489163875	-0,00908179288756	-0,00215792384331
117000	0,00311948667726	0,00317148768428	0	0,00324075396061	0,00324075396061	0,00274788489707	0,00398318736517	0,00317148768428	0	0,00490885009558	0,00572853176631	0,00505675746067	0,00455093120463	0,00505675746067	0,00585631310839	0,00600963997333	0,00468070455154
117900	0,0124309927865	0,0148264367682	0	0,0148070286649	0,0148070286649	0,0154500204025	0,0153844936071	0,0148264367682	0	0,0159453331216	0,0158459119191	0,0161607898561	0,0162950628181	0,0161607898561	0,0175413249612	0,0163163443886	0,016261284147
118800	-0,0641861460746	-0,153477767906	0	-0,15661339666	-0,15661339666	-0,225412011565	-0,227593941125	-0,153477767906	0	-0,366048649769	-0,299152855644	-0,459601214856	-0,690154039747	-0,459601214856	-0,216057556104	-0,54024332202	-0,527079189335
119700	0,0046448481204	0,0112717750376	0	0,0114994092057	0,0114994092057	0,0135940766382	0,0128662270176	0,0112717750376	0	0,0143036036489	0,0136222312758	0,015111934147	0,0148866908894	0,015111934147	0,0140218081824	0,0155961000486	0,0156753562802
120600	0,0729971495795	1,3227123385	0	0,121010742795	0,121010742795	0,178273976753	0,134465515743	1,3227123385	0	0,43168020589	0,353667612135	3,15746391898	1,044404404	3,15746391898	-0,804072342015	5,92770700004	7,02444953733
121500	0,0196882668009	0,0167995138135	0	0,0183932127187	0,0183932127187	0,0180796735977	0,0179099402258	0,0167995138135	0	0,0170524405002	0,0217657826875	0,0167393470703	0,0168155245477	0,0167393470703	0,0163357969867	0,0167076263388	0,0167142275433
122400	0,12892400474	0,83861521616	0	0,204186853877	0,204186853877	0,223576641617	0,277193025458	0,83861521616	0	0,609497788363	0,0646997472268	1,76856509561	1,19009264667	1,76856509561	0,430632655671	3,22373486444	1,85178609404
123300	0,00637735188688	-0,0622649326573	0	0,00518421247815	0,00518421247815	0,00347068764435	0,00446622079632	-0,0622649326573	0	-0,000468916092604	0,00329470959447	-0,0145039719924	-0,00611886034507	-0,0145039719924	0,0501194547248	-0,00482361926979	-0,0224819299563
124200	0,000838295700063	0,0111608545225	0	0,00168462898024	0,00168462898024	0,00258208657093	0,00224291973928	0,0111608545225	0	0,000640170132206	0,00413973518386	0,00579827693589	0,00401755590522	0,00579827693589	0,0262907142076	0,00105322611958	0,00705515068245
125100	0,00924596869091	0,00989088673474	0	0,00918487291613	0,00918487291613	0,00902175533419	0,00892739378086	0,00989088673474	0	0,0109160426756	0,00936855459486	0,0119630096876	0,0109836796409	0,0119630096876	0,011440699893	0,0127607759408	0,012328451475
126000	-0,00416688856072	0,00284854305609	0	-0,00370335520017	-0,00370335520017	-0,00328327588666	-0,00353378971407	0,00284854305609	0	-0,000712408702351	-0,00139688028897	0,00338156177246	0,00126980727591	0,00338156177246	0,00246336049113	0,00553262221072	0,00298780534063
126900	0,000448655861081	0,0014895242407	0	0,000292784285887	0,000292784285887	0,000172386613705	0,000393350665444	0,0014895242407	0	0,00121065036782	0,00163822170576	0,00264556975337	0,00275431159833	0,00264556975337	0,00195653184623	0,00316393739372	0,00423136318369
127800	-0,00589129021452	-0,00574254062336	0	-0,00563471942301	-0,00563471942301	-0,005249005643	-0,00586540332803	-0,00574254062336	0	-0,00565212891753	-0,00871009650046	-0,00753535539601	-0,00851001910077	-0,00753535539601	-0,00682452125363	-0,0103646823053	-0,00575792481251
128700	0,00701892977968	0,00801134523662	0	0,00732879829461	0,00732879829461	0,00747386287858	0,00761203994102	0,00801134523662	0	0,00627307996722	0,00793745568526	0,00725337306342	0,00740993078379	0,00725337306342	0,00716193842226	0,00763004194761	0,0060025864968
129600	-0,00134703939769	-0,00096149777506	0	-0,00131518993568	-0,00131518993568	-0,0012902494629	-0,00131388645172	-0,00096149777506	0	-0,00164258966198	-0,000838794130796	-0,00326029247643	-0,00159324931078	-0,00326029247643	-0,00263377754914	-0,00247001627542	-0,00519961283521
130500	-0,00778901123328	-0,004886992667	0	-0,00741065955154	-0,00741065955154	-0,00726774690456	-0,00663146579807	-0,004886992667	0	-0,00574635620417	-0,00823023179213	-0,00495224255999	-0,0049842036254	-0,00495224255999	-0,00514499091638	-0,00474012187136	-0,00579615018524
131400	-0,000221985899587	-0,0062986995069	0	-0,000989522551885	-0,000989522551885	-0,00146350087988	-0,00150851189383	-0,0062986995069	0	-0,00188425642022	-0,00251035256585	-0,00913830273504	-0,00382622846462	-0,00913830273504	-0,00820955594383	-0,0101056898048	-0,0125880499737
132300	-0,000313936274451	-0,00057235944024	0	-0,000409669268291	-0,000409669268291	-0,00043560485811	-0,000600661102404	-0,00057235944024	0	-0,000497984527194	0,000497954724224	0,00226254711084	-0,00040149083457	0,00226254711084	0,00200707796985	0,00279612576018	0,00529640635744
133200	-0,00368133657641	-0,00964786120693	0	-0,00405764650205	-0,00405764650205	-0,0041295069866	-0,00462426023378	-0,00964786120693	0	-0,00522999277544	-0,00727225472878	-0,0132680960674	-0,00897554307091	-0,0132680960674	0,0459741779601	-0,0186633242855	-0,0133373960604
134100	0,014643611827	0,0165022494764	0	0,0154974543498	0,0154974543498	0,0156285898042	0,0154569230403	0,0165022494764	0	0,0161676848804	0,016274432175	0,0165467728461	0,0164804865293	0,0165467728461	0,0169422236568	0,0165579011187	0,0165648154618
135000	-0,150288511326	-1,65954431222	0	-0,270874191714	-0,270874191714	-0,308697730799	-0,259910006596	-1,65954431222	0	-0,586243235176	-0,717293599306	-1,74895228232	-1,38039908594	-1,74895228232	-0,781543873593	-1,83663467408	-2,21944339415
135900	0,00512467275887	0,00369442590035	0	0,00520501429028	0,00520501429028	0,00511594467613	0,00538430593554	0,00369442590035	0	0,00405665301176	0,00433019003957	0,00341071873927	0,00333138800288	0,00341071873927	0,00381790140283	0,00304813836892	0,00374800743299
136800	-0,0184623158208	-0,00711243459624	0	-0,0170912302941	-0,0170912302941	-0,0161738231933	-0,0160081931949	-0,00711243459624	0	-0,0126514189321	-0,0160812468153	-0,00787933419576	-0,0111368130464	-0,00787933419576	-0,0095293113662	-0,005395955921	-0,00747279079953
137700	0,0119556604166	0,0118815322654	0	0,0119626519104	0,0119626519104	0,0119779616903	0,0118558227585	0,0118815322654	0	0,011835348334	0,012157893412	0,011592688037	0,0119310813147	0,011592688037	0,0117753117132	0,0117381645392	0,0117140328894
138600	0,00585300089413	0,00523004529983	0	0,00576127120211	0,00576127120211	0,00568258995218	0,00573646779616	0,00523004529983	0	0,00537638730548	0,00605402518793	0,0055460001043	0,00552750637501	0,0055460001043	0,00557111437269	0,00572387213775	0,00503552845704
139500	-0,103286550828	-0,08101813724	0	-0,103943300733	-0,103943300733	-0,100766902736	-0,102587891911	-0,08101813724	0	-0,089176652814	-0,096708127964	-0,0908549664771	-0,0859504186843	-0,0908549664771	-0,0920509257466	-0,0898756734312	-0,0905062307362
140400	0,0132762155928	0,0161597302016	0	0,0144726606605	0,0144726606605	0,0147063646358	0,0130722428097	0,0161597302016	0	0,0159609492551	0,0159911274659	0,0163025807308	0,0163169185115	0,0163025807308	0,0149113607898	0,0163367111417	0,0160803163849
141300	0,113463493717	0,085238517492	0	0,100623796441	0,100623796441	0,0924699270795	0,0482818458436	0,085238517492	0	0,0982908772442	0,264741946483	0,0926064026748	0,109363868104	0,0926064026748	0,0420078159572	0,117131198334	0,0454179024826
142200	-0,372024931848	-0,157109207159	0	-0,260237580197	-0,260237580197	-0,173298415629	-0,133983153307	-0,157109207159	0	-0,136514662504	-0,0306323920554	-0,0938868495519	-0,8332884282	-0,0938868495519	-0,14083578861	-0,0277948443436	-0,0882099897586
143100	0,0161799859698	0,0155759320871	0	0,0159898069552	0,0159898069552	0,0157245392877	0,0153694422104	0,0155759320871	0	0,015381932353	0,0148299537039	0,0147341004369	0,0163989945343	0,0147341004369	-0,0116333846059	0,0141607481225	0,0140861165737
144000	0,0152274269614	0,0149729851547	0	0,0150992422098	0,0150992422098	0,014988435775	0,0146054557554	0,0149729851547	0	0,0149123742396	0,014701174692	0,0153998151076	0,0152200333672	0,0153998151076	0,0164573742053	0,0151547312527	0,0152650582514
144900	-0,00114302413437	-0,00110003624473	0	-0,00116642889493	-0,00116642889493	-0,00151953375856	-0,000662017488508	-0,00110003624473	0	-0,00104833386427	-0,000666392827347	-0,00179465852221	0,000925598088182	-0,00179465852221	0,00586671652071	-0,00427750565322	-0,00555440263865
145800	-0,00432803518114	-0,00462104451214	0	-0,00417160285414	-0,00417160285414	-0,00398997162645	-0,00443479281521	-0,00462104451214	0	-0,00565861254676	-0,00548328815507	-0,00511938068334	-0,00522475047129	-0,00511938068334	-0,00661951983256	-0,00509503810012	-0,00481319634276
146700	0,0070118214579	0,00705442145882	0	0,00698884324428	0,00698884324428	0,00703178455403	0,00692511600459	0,00705442145882	0	0,00642296309648	0,00606266155415	0,0069706847787	0,0058414945881	0,0069706847787	-0,0628131519228	0,00713805147832	0,00880681043072
147600	-4,82526824677e-05	-0,000247115615177	0	5,67671995808e-05	5,67671995808e-05	-0,000488822021365	0,000803151779132	-0,000247115615177	0	0,000626654913109	-0,0102707172736	-0,00126777018385	-0,000161851661836	-0,00126777018385	0,0123800079557	-0,00281199009566	-0,00174668837007
148500	-0,0781004237816	-0,201972782112	0	-0,2021158306	-0,2021158306	-0,308440000347	-0,321122563967	-0,201972782112	0	-0,555906643915	-0,289096125118	-0,758680798964	-1,01208361289	-0,758680798964	-0,205071549963	-1,07072250998	-0,87406429106
149400	0,00447819980347	0,00302231239331	0	0,00377453194191	0,00377453194191	0,00301902832803	0,0015809891184	0,00302231239331	0	0,00141476410683	0,000228463446178	0,000342126599365	0,000893931236665	0,000342126599365	0,033553787044	0,00115043086787	-0,00188211802989
150300	-0,00510950887749	-0,00406888323701	0	-0,00469168136825	-0,00469168136825	-0,00388477742094	-0,00369771424379	-0,00406888323701	0	-0,00353144251076	-0,00198102890532	-0,00338773372568	-0,00227167566415	-0,00338773372568	-0,00493008617555	-0,00472363919458	-0,0040496301389
151200	0,00431817953079	0,00402156536495	0	0,00419704694797	0,00419704694797	0,00418212169847	0,003433953818	0,00402156536495	0	0,00446152385109	0,00491839719021	0,00454278135087	0,00455009184059	0,00454278135087	0,00435352652905	0,00471531439882	0,00385597770778
152100	-0,000133617581243	9,89984989898e-05	0	2,67820611829e-05	2,67820611829e-05	0,000269909945276	0,000449932610777	9,89984989898e-05	0	-0,00109085409849	-0,00111507756345	-0,000574414190175	-0,000769037805161	-0,000574414190175	-0,000174311754203	-0,000590689798028	0,00060005814554
153000	0,00105420028801	0,00247819951602	0	0,00174833565093	0,00174833565093	0,00227068367174	0,00368583702704	0,00247819951602	0	0,00400914695665	0,00517232843015	0,00456376908132	0,00410945511468	0,00456376908132	0,00465657327583	0,00374345160542	0,00472691529473
153900	0,00254358025749	0,00286653048971	0	0,00274410755142	0,00274410755142	0,00308172148873	0,00280331479052	0,00286653048971	0	0,00370771077579	0,00370623096908	0,00409099991828	0,00377789889667	0,00409099991828	0,00470104313555	0,00522977706973	0,0042589983192
154800	0,0011671833544	0,00169638439662	0	0,0014793902227	0,0014793902227	0,00189834598438	0,00176532197556	0,00169638439662	0	0,00297331211647	0,00268781392935	0,00299404947219	0,00285503254373	0,00299404947219	0,0298707464236	0,00352625907292	0,00314972740051
155700	-0,000635512810873	-0,000786928645101	0	-0,000698835867461	-0,000698835867461	-0,000800570562618	-0,000847607408899	-0,000786928645101	0	-0,00084589763832	-0,000407758089804	-0,000546071547674	-0,000723394175625	-0,000546071547674	-0,000439332677257	-0,000546034458522	-0,000275108024554
156600	-0,00200300570555	-0,00134605930143	0	-0,0015366255264	-0,0015366255264	-0,00118723516316	-0,000855578637493	-0,00134605930143	0	1,80768873268e-05	-0,000405881248453	0,000274725199692	-0,000132092527218	0,000274725199692	0,00136936777103	0,00215192562738	0,000108796187757
157500	0,00163681457312	-1,22457006127e-05	0	0,000697480949345	0,000697480949345	-0,000263586048421	-0,000824587506936	-1,22457006127e-05	0	-0,00541423443775	-0,00590765118785	-0,00603986286987	-0,00506283027267	-0,00603986286987	-0,00756517126994	-0,00669583410991	-0,00784869728829
158400	-0,00234923525253	-0,00283624944682	0	-0,00270210836268	-0,00270210836268	-0,00338008622603	-0,00262867899714	-0,00283624944682	0	-0,0047423747633	-0,00566661387826	-0,00663342288756	-0,00489388578154	-0,00663342288756	0,0447200606177	-0,0119890921442	-0,00740501591781
159300	-0,00128851590877	-0,00122088708909	0	-0,00115946586118	-0,00115946586118	-0,000898599486468	-0,00145792035759	-0,00122088708909	0	-0,000305029355822	0,000917262754637	0,00114633538419	-0,000262497035333	0,00114633538419	0,0298790115676	0,00283085887143	0,00226763375993
160200	-0,00838363454792	-0,00786035104575	0	-0,00819022146466	-0,00819022146466	-0,00868263102214	-0,00680548687619	-0,00786035104575	0	-0,00526265740082	-0,00548854328822	-0,00628825406608	-0,00554333694086	-0,00628825406608	0,0403212848121	-0,00587315606676	-0,00765614278629
161100	0,000766591112721	0,00115555583887	0	0,000942816204172	0,000942816204172	0,00151001353915	0,000880682335242	0,00115555583887	0	0,00135111267718	0,000941189996989	0,00125547879772	0,00110947266637	0,00125547879772	0,0321954449876	0,0005431618488	0,00129960272608
162000	0,0141674112331	0,015555969636	0	0,0155697916218	0,0155697916218	0,0159209903933	0,0159312451659	0,015555969636	0	0,0162360328828	0,0160647168034	0,0163524921483	0,0164395101684	0,0163524921483	0,0151225316355	0,0164456102514	0,0164331276161
162900	-0,102790707771	-0,250141701395	0	-0,254912342976	-0,254912342976	-0,381810785762	-0,383221472927	-0,250141701395	0	-0,684682755642	-0,48732607123	-0,969864746186	-1,28430629287	-0,969864746186	0,225866288067	-1,42263248314	-1,32899965193
163800	-0,000807612940703	-0,00104238490932	0	-0,000895164963479	-0,000895164963479	-0,00107201640377	-0,00121683600711	-0,00104238490932	0	-0,000465268368752	0,000172014048289	0,000190406809252	-0,000341111647085	0,000190406809252	0,00123503371042	0,0011704430782	0,000861870735804
164700	0,0139865455357	0,0154547469058	0	0,0155078042698	0,0155078042698	0,0158782460652	0,0159030371001	0,0154547469058	0	0,016137049066	0,016007959935	0,0163033370762	0,016399161789	0,0163033370762	0,0872133960239	0,0164067113696	0,0164014091674
165600	-0,000755437112192	-0,000761124513162	0	-0,000752508192874	-0,000752508192874	-0,000681306744617	-0,000854823165002	-0,000761124513162	0	-0,0012335912029	-0,00336805961011	-0,000929027839049	-0,00225597158654	-0,000929027839049	0,0161547945568	2,81399812309e-05	-0,0011330615822
166500	0,000161367177399	0,00030116354374	0	8,88017196792e-05	8,88017196792e-05	1,14024298998e-05	0,000197880124863	0,00030116354374	0	0,000763081405858	-0,000796917449841	0,000284621700397	0,000414774357917	0,000284621700397	-0,123589584693	-0,0027550850013	0,00218448503533
167400	-0,00302626355197	-0,00304931119467	0	-0,00301427290079	-0,00301427290079	-0,00355032916867	-0,00229889837785	-0,00304931119467	0	-0,00230039702801	-0,00190203670532	-0,00249513880624	-0,00293036891033	-0,00249513880624	0,00970303451352	-0,00134417038373	-0,00394261165501
168300	-0,00345853571654	-0,00345033303387	0	-0,00346273224317	-0,00346273224317	-0,00379893727165	-0,00303075585953	-0,00345033303387	0	-0,0040592821994	-0,00366017137318	-0,00353032214265	-0,00415323344173	-0,00353032214265	-0,0280910560055	-0,00548551641595	-0,00135957397851
169200	0,00129382966592	0,00113594175862	0	0,00137442674129	0,00137442674129	0,00150884018483	0,001199155094	0,00113594175862	0	0,000983862835725	-0,00357692925052	0,000495874214722	0,000719012464242	0,000495874214722	0,013417537879	0,00199060433294	-0,000544252857453
170100	-0,000223602933862	-0,00026747459394	0	-0,000201272540685	-0,000201272540685	0,000322710366766	-0,000940788134661	-0,00026747459394	0	0,000192945750713	0,00063516480849	-0,00033094008556	0,000848977650124	-0,00033094008556	0,00707956769648	-0,00153142924214	-0,00100483172043
171000	-0,0064608082381	-0,00601729611281	0	-0,00669294384274	-0,00669294384274	-0,00578813038909	-0,00810378468628	-0,00601729611281	0	-0,00485424534981	-0,00166758660885	-0,00534627340057	-0,00414383682197	-0,00534627340057	-0,0118696305274	-0,00530290115473	-0,00503596885671
171900	7,41899460358e-05	0,000292383526591	0	-4,22070976414e-05	-4,22070976414e-05	-0,000481935120779	0,00059720725155	0,000292383526591	0	0,000774860807374	7,05768096718e-05	0,000531129021145	0,000253634567304	0,000531129021145	0,00656866512524	0,000122749215347	0,000408186525697
172800	-0,000484196630304	-0,000553848486222	0	-0,000447280715962	-0,000447280715962	-0,000587693976368	-0,000246085996572	-0,000553848486222	0	0,000382022962239	0,000681206708259	-0,000159878066569	0,000322122475718	-0,000159878066569	0,000863106618244	0,00091483295695	-0,00144941586804
173700	-0,0055551746013	-0,00565751558142	0	-0,00550122886381	-0,00550122886381	-0,00497786658516	-0,00629391352093	-0,00565751558142	0	-0,00723927492695	-0,00142515985477	-0,00481163414987	-0,00733392768899	-0,00481163414987	-0,0739187044703	-0,00384093375348	-0,00433127058419
174600	0,00268693033933	0,00268935575967	0	0,00268562596153	0,00268562596153	0,00323922456338	0,00175445416985	0,00268935575967	0	0,00212496651458	0,00355466895895	0,00216542822798	0,0037581300582	0,00216542822798	0,0146257069507	0,000938213413887	0,00138614023628
175500	-0,00880353588209	-0,0086465565778	0	-0,00888686148602	-0,00888686148602	-0,00965995043098	-0,00768536350657	-0,0086465565778	0	-0,00892625402168	-0,0155057288506	-0,00967138497436	-0,010009576152	-0,00967138497436	0,00161872429958	-0,0111480668032	-0,0116433082696
176400	-0,00536547798699	-0,00606273304629	0	-0,00501151443551	-0,00501151443551	-0,00496178756574	-0,00508450013698	-0,00606273304629	0	-0,00678181257675	-0,00909967590899	-0,00713751500924	-0,00585777860598	-0,00713751500924	-0,0139558162413	-0,00834029315188	-0,00449230549786
177300	-0,00037879030128	0,000328235665194	0	-0,000761369498515	-0,000761369498515	-0,00164898165638	0,000463557738961	0,000328235665194	0	0,00222524323718	0,00387282388165	0,000886526939189	0,00300555947109	0,000886526939189	0,00756166038878	0,000139893731837	-0,00125069483572
178200	-0,00279773602713	-0,0030629760391	0	-0,00265734330392	-0,00265734330392	-0,00280357705599	-0,00245640939439	-0,0030629760391	0	-0,003482017465	-0,00470034741849	-0,00208817815762	-0,00676498407224	-0,00208817815762	-0,0739594398585	0,00194401986492	-0,000950803829028
179100	0,00426310551381	0,0042742586064	0	0,00425716220304	0,00425716220304	0,00514645911137	0,00280064832878	0,0042742586064	0	0,0027904575749	0,00645896922557	0,00407205365048	0,00440297116871	0,00407205365048	0,00607686377906	0,00366318879001	0,00434945095976
180000	-0,00704525027313	-0,00709033204417	0	-0,00702134687662	-0,00702134687662	-0,00770745264948	-0,00597780090908	-0,00709033204417	0	-0,00653238767299	-0,0130378964589	-0,00697408369544	-0,0099310609503	-0,00697408369544	-0,378251813378	-0,00698229579079	-0,00472458702283
180900	-0,00646537332497	-0,00700945363601	0	-0,00618726516799	-0,00618726516799	-0,00667764090744	-0,00547586232725	-0,00700945363601	0	-0,00806387019369	-0,0254556442046	-0,00972318304451	-0,00766058562226	-0,00972318304451	0,0155010457053	-0,0132274356014	-0,00981483237937
181800	-0,00101793591422	-0,00110027490532	0	-0,00097608275114	-0,00097608275114	-0,000851590074214	-0,00115841430172	-0,00110027490532	0	-0,00214905307878	0,00520490512338	-0,00026560230795	-0,00138682990614	-0,00026560230795	-0,00674364558624	-0,000185452742247	0,000217586852624
182700	-1,4047615903e-05	0,000408100630666	0	-0,000236857584393	-0,000236857584393	-0,000822245979039	0,000552895109047	0,000408100630666	0	0,00274695944568	-0,000750450211664	0,00106428433669	0,00139681856934	0,00106428433669	-0,00247640783064	0,0019868766821	0,000393139560561
183600	0,000817199568673	0,000651335850033	0	0,000903288689531	0,000903288689531	0,00096510971985	0,000819877242255	0,000651335850033	0	0,000432476616092	0,00255124762707	0,00108852957861	0,000157269390238	0,00108852957861	-0,0153959961652	0,00206250058665	0,00169668542518
184500	-0,00307045062419	-0,00284020947241	0	-0,00319208605991	-0,00319208605991	-0,00248402937459	-0,00425032118985	-0,00284020947241	0	-0,00327448438665	-0,000717396798752	-0,00277641219143	-0,00238068686919	-0,00277641219143	0,00139013536599	-0,0026249640774	-0,00275320593457
185400	0,00311392057771	0,00287298203981	0	0,00323788979537	0,00323788979537	0,00327253595489	0,00318751574785	0,00287298203981	0	-0,000160769886115	0,000888475949609	0,00127670939249	0,00237206557683	0,00127670939249	0,0113026183179	-0,00086533899968	0,000636949450083
186300	-0,00786806860715	-0,00788158466159	0	-0,00786106841929	-0,00786106841929	-0,00898923251387	-0,00634154273861	-0,00788158466159	0	-0,00305374696257	-0,0102120153792	-0,00615027767778	-0,00686578692696	-0,00615027767778	-0,00655555319612	-0,00603312171929	-0,00620424510365
187200	0,00234856323718	0,0023879352588	0	0,00232820974526	0,00232820974526	0,00275586926473	0,00170849801829	0,0023879352588	0	0,0018555068968	0,00451377306173	0,00249599430671	0,00254570327224	0,00249599430671	-0,00659959057331	0,00328016189836	0,0024007268375
188100	-0,0012100268845	-0,00112822997789	0	-0,00125256407647	-0,00125256407647	-0,000830545074586	-0,00190136022	-0,00112822997789	0	-0,000788300904251	-0,00207392042282	-0,00110042254676	-0,00122388155437	-0,00110042254676	-0,00799685876141	-0,000908271616739	-0,000914425595159
189000	0,000252895866024	0,000340063262704	0	0,000207206321373	0,000207206321373	-8,43650802479e-05	0,000635136854583	0,000340063262704	0	-0,000748120942917	-0,00117936440442	-0,000571172205637	0,00050215073365	-0,000571172205637	0,00905425285573	-0,00144844964123	-0,000935558811277
189900	-0,000958635310119	-0,000891772736089	0	-0,000993868156806	-0,000993868156806	-0,00135987440537	-0,000482208303492	-0,000891772736089	0	3,01518257201e-06	0,00152804051976	-0,000297722829486	-1,6653161297e-06	-0,000297722829486	0,00675331105488	-0,0015915267311	-0,000650849650898
190800	-5,85155937234e-05	-0,000317936748234	0	7,50958984231e-05	7,50958984231e-05	-0,00017691114001	0,000417085301482	-0,000317936748234	0	-0,000430244174882	-0,00319058673153	-0,000395670326928	-0,00156988186295	-0,000395670326928	-0,00822877688579	0,00034378203919	6,16013865695e-05
191700	0,00331749570517	0,00319766853217	0	0,00337844517621	0,00337844517621	0,00378520177311	0,0027875288879	0,00319766853217	0	0,00269554148341	0,00129316814932	0,00289095212772	0,00253390379041	0,00289095212772	-0,0337877471259	0,00418950010641	0,00300626461061
192600	0,00331806439241	0,00346280239919	0	0,0032431940278	0,0032431940278	0,0034717265065	0,00289545259527	0,00346280239919	0	0,00450769721293	0,00660008370872	0,00456191157445	0,00360061187805	0,00456191157445	0,00986406489501	0,00385497665247	0,00633053766789
193500	-0,00438021157812	-0,00436895200262	0	-0,00438600885588	-0,00438600885588	-0,00513991512057	-0,0033365950067	-0,00436895200262	0	-0,00453743572266	-0,0151251310209	-0,00622049082828	-0,00379550761969	-0,00622049082828	-0,00466781562932	-0,00541797421777	-0,0105385890132
194400	0,00215542697965	0,00225350604097	0	0,00210417597444	0,00210417597444	0,00191075503586	0,00236466896404	0,00225350604097	0	0,00236361878024	0,00488330584897	0,00229615478091	0,00332765182626	0,00229615478091	0,0122976037642	0,000408826410791	0,00141387828154
195300	0,00184463449504	0,00159462930083	0	0,00197203480573	0,00197203480573	0,00141869864888	0,0026603571149	0,00159462930083	0	0,00130385514765	-0,0040675326493	0,00152503852594	-0,000472253229488	0,00152503852594	-0,0261833998088	0,00337399382568	0,00211074827042
196200	0,00262562601803	0,00271795758896	0	0,00257805929562	0,00257805929562	0,00328617643629	0,00158714266915	0,00271795758896	0	0,0016636935428	0,00803270768088	0,00316017181747	0,00295755796142	0,00316017181747	-0,0264965030984	0,00351019634494	0,0036228185026
197100	0,00159858522459	0,00160152161287	0	0,0015970596434	0,0015970596434	0,00204908890659	0,000916768407836	0,00160152161287	0	0,00233514279811	0,000881579225634	0,00172702931817	0,00189541929308	0,00172702931817	-0,0174833862636	0,00149721770614	0,00218998892527
198000	0,00118164951324	0,00122311945662	0	0,00116019906661	0,00116019906661	0,000927731428384	0,00149703470746	0,00122311945662	0	0,00163267217987	-0,000386709021046	0,000393866479662	0,00290030451846	0,000393866479662	0,0155450251166	-0,00120844775406	-0,000829540684472
198900	0,000909430332032	0,00112103621908	0	0,000797839870553	0,000797839870553	0,000265075170296	0,00151088373162	0,00112103621908	0	0,00175893847383	0,000439203094991	0,000833404234453	0,0022060486358	0,000833404234453	0,00661230478653	-0,00107308607564	0,000838018112092
199800	0,00109165909158	0,00119184802248	0	0,00103835040623	0,00103835040623	0,00100075194565	0,00108784689562	0,00119184802248	0	0,00185848958996	0,0058727739608	0,00312321737762	-0,000174632001809	0,00312321737762	-0,0243660172689	0,00583235173	0,00276799968952
200700	0,00620201449007	0,00619637830848	0	0,00620496468808	0,00620496468808	0,00632491386186	0,00604055725504	0,00619637830848	0	0,00589482638557	0,00840474101258	0,00650426704963	0,00652528778618	0,00650426704963	-0,0712522967943	0,00603193156508	0,00791586801718
201600	0,00759704658267	0,00721162864064	0	0,00778968027652	0,00778968027652	0,00877031330921	0,00597646104753	0,00721162864064	0	0,00526990926948	0,00645838479496	0,0060049495975	0,00737060912764	0,0060049495975	0,0163202539491	0,00462286348015	0,00323453872807
202500	-0,00528762795685	-0,00450023754553	0	-0,00570371677828	-0,00570371677828	-0,00827553576548	-0,0021217267791	-0,00450023754553	0	-0,00147327540903	-0,0056075429991	-0,00239342990544	-0,00679013773913	-0,00239342990544	-0,798659143904	-0,000624904851457	0,00183182175369
203400	0,00771286730032	0,00761673194223	0	0,00776271434588	0,00776271434588	0,00718519883224	0,00846219960131	0,00761673194223	0	0,00780132222846	-0,00233014282082	0,00685858563082	0,00659842790451	0,00685858563082	0,0142183092181	0,00790803553638	0,0059245659631
204300	0,0018201404681	0,00214857791413	0	0,0016437129717	0,0016437129717	0,00222712659474	0,000868748178428	0,00214857791413	0	0,00266046191907	0,00184863153784	0,00260046608321	0,00155617094801	0,00260046608321	0,0129965978075	0,00330278374169	0,00299748798289
205200	-0,0603576124379	-0,155874141332	0	-0,156527150084	-0,156527150084	-0,224551636185	-0,25411973153	-0,155874141332	0	-0,457288022896	-0,179592994533	-0,59342732345	-0,696820971161	-0,59342732345	-0,203367147776	-0,894665362122	-0,783349199666
206100	-0,00077777787755	-0,00173243318816	0	-0,00123555796935	-0,00123555796935	-0,00225192126127	-0,00192468799485	-0,00173243318816	0	-0,00110453744926	0,0010227723403	-0,000493329152144	-0,000973906265757	-0,000493329152144	-0,000295098168692	-0,00029661009942	-0,00103250283856
207000	0,0100635324427	0,014041725754	0	0,0138442804459	0,0138442804459	0,0149346275147	0,0148716151314	0,014041725754	0	0,0156907090023	0,0154981653734	0,0159219637023	0,0162066497182	0,0159219637023	0,0160780774582	0,0160595891453	0,015958624977
207900	0,000720164197966	-2,42318193946e-06	0	0,0015016868123	0,0015016868123	0,0029451546327	-0,000223684392511	-2,42318193946e-06	0	-0,00191856137895	-0,00311916624829	2,96953065207e-05	-0,0026833828411	2,96953065207e-05	-0,00417704559197	-0,00373808286363	0,00487079222867
208800	12,0785466982	5,2139776247	0	22,4130862387	22,4130862387	5,74440294342	1,8808756233	5,2139776247	0	10,0596124889	1,61326263444	2,2117634622	2,52588415095	2,2117634622	0,738070360073	1,90497595819	0,826032108572
209700	0,0166360631676	0,0165801278815	0	0,0166469498498	0,0166469498498	0,0165056973	0,0164236585103	0,0165801278815	0	0,0166457881609	0,0164890820444	0,0164820079745	0,0165281138787	0,0164820079745	0,0153891564104	0,0164535758995	0,0158916769542
210600	-94,5840395936	-15,3967902577	0	-22,5300360051	-22,5300360051	-2,97383904711	-7,16486674007	-15,3967902577	0	-22,5861462674	-8,71094436996	-22,2617707341	-17,5900860772	-22,2617707341	-2,5821946806	-82,9879997573	-7,76894753366
211500	0,01665320102	0,0162838045857	0	0,016589765901	0,016589765901	0,0162791605304	0,0164244794768	0,0162838045857	0	0,0163215768232	0,016129122696	0,0162535719116	0,0160860499634	0,0162535719116	0,0157393955747	0,0165680042203	0,0155482457915
212400	-0,00449841780729	0,0117061005008	0	-0,00183720632343	-0,00183720632343	0,00582517108442	0,00184847420123	0,0117061005008	0	0,0123428553164	0,0141861601746	0,0126601562491	0,0148890250686	0,0126601562491	0,00426669443827	0,0125580092808	0,0140356196488
213300	-0,000454170173083	-0,129632485293	0	-0,00507199469455	-0,00507199469455	-0,0219190749087	-0,0125651624859	-0,129632485293	0	-0,105386037331	-0,157613894022	-0,18349044352	-0,338347648237	-0,18349044352	-0,0363306540869	-0,187488708865	-0,287242092531
214200	0,00963473161248	0,00856324998444	0	0,00963710133371	0,00963710133371	0,00962863640122	0,00943910415536	0,00856324998444	0	0,00962079703439	0,00898562331936	0,0093630537919	0,00929686654983	0,0093630537919	0,00927491182446	0,0091679816147	0,00931660061719
215100	0,00947581643364	0,0159651006211	0	0,0119935874851	0,0119935874851	0,011527749347	0,0108765182491	0,0159651006211	0	0,0147420937681	0,0150784805597	0,0158620080548	0,0160164303621	0,0158620080548	0,0155857541225	0,0101182336165	0,0161295717165
216000	-0,0543113304554	-2,04541099129	0	-0,101052699461	-0,101052699461	-0,0971813376409	-0,0803709675505	-2,04541099129	0	-0,328724363045	-0,360710515619	-1,04458925015	-1,2528884383	-1,04458925015	-0,730138286682	-0,0859726785779	-2,04250285871
216900	0,00966537871839	0,0137186157072	0	0,0100077911884	0,0100077911884	0,0102532778754	0,0101077987949	0,0137186157072	0	0,0110133490058	0,0107659623062	0,0121733968788	0,0120745375393	0,0121733968788	0,0118378640378	0,0114293593503	0,0131874431908
217800	0,00415658505316	0,0155405831251	0	0,00899535472237	0,00899535472237	0,0103913338854	-0,00302793711195	0,0155405831251	0	0,0130940192964	0,0151263750356	0,0157902724008	0,0149173135362	0,0157902724008	0,0162024148511	0,0162126487727	0,015653650083
218700	-0,0422131785776	-0,398231445862	0	-0,0754521116511	-0,0754521116511	-0,0907391441797	-0,0175057409808	-0,398231445862	0	-0,183263449252	-0,384093855209	-0,566936557335	-0,343714531233	-0,566936557335	-1,13139732083	-0,979824497246	-0,488546930357
219600	0,0120666611299	0,0108619232071	0	0,0119850646405	0,0119850646405	0,0118229575155	0,0118544788863	0,0108619232071	0	0,0119758204832	0,0117535357601	0,011362984154	0,0117625083566	0,011362984154	0,011454229764	0,0112282593785	0,0117019916128
220500	0,00711040894914	0,00935702637083	0	0,00756195225099	0,00756195225099	0,00781987280526	0,00783527906672	0,00935702637083	0	0,0075903297642	0,00732818957533	0,00779017071438	0,00823328963843	0,00779017071438	0,00784911272547	0,00735330662917	0,00686397044109
221400	0,00380928907652	0,00414344025478	0	0,00381224909349	0,00381224909349	0,00381395780416	0,00369551195791	0,00414344025478	0	0,00386608398464	0,00457849850305	0,00456631924458	0,00444053329042	0,00456631924458	0,0043373828838	0,00416713668837	0,00550669700076
222300	-0,0110971047672	0,0132372708324	0	-0,00280998246603	-0,00280998246603	0,00241613866485	-0,110033336793	0,0132372708324	0	0,0123396980482	0,0111270323343	0,0139588740735	0,0146951046089	0,0139588740735	0,00849500275445	0,0121576960666	0,0143646789657
223200	0,0307091546128	0,02937193502	0	0,0278473103959	0,0278473103959	0,0320129696139	0,0176375381173	0,02937193502	0	0,0419662709067	0,04976098061	0,0274049018543	0,0479293458031	0,0274049018543	0,0287020823105	0,0204749548748	0,0274787737475
224100	0,0713608451568	0,0922398238785	0	0,089520867149	0,089520867149	0,12719479936	0,239601952781	0,0922398238785	0	0,0382556238024	0,0292799645885	0,0762264660102	0,0366876186773	0,0762264660102	0,0381384157822	0,226967236815	0,0669134671942
225000	0,00599156055099	0,00486491122869	0	0,00749604935862	0,00749604935862	0,010424822948	0,00842283143108	0,00486491122869	0	-0,0572277520425	-0,00976114449893	-0,0144094572811	-0,0285252715295	-0,0144094572811	0,00441959376483	0,00157588412727	-0,000609548203556
225900	-0,620518820138	-1,00473447437	0	-1,09919312015	-1,09919312015	-1,40437869146	-0,123943572233	-1,00473447437	0	-0,0709272648549	-0,0495915867782	-0,63205807842	-0,428006004814	-0,63205807842	-0,0535950088258	-0,802785689029	-0,298016141039
226800	0,0168217413375	0,0167282058201	0	0,0167499454276	0,0167499454276	0,0167217597528	0,0169714080044	0,0167282058201	0	0,0169501070106	0,0202902718382	0,0167304919377	0,0167720058765	0,0167304919377	0,0256381103035	0,0167117788059	0,0169106851281
227700	-0,0319572179007	-0,0319843638549	0	-0,0295499280089	-0,0295499280089	-0,0290372467871	-0,0258683328435	-0,0319843638549	0	-0,0586371257752	-0,00634998516081	-0,0436235612055	-0,0532568869726	-0,0436235612055	-0,00299293700851	-0,060749379194	-0,0314009818712
228600	0,00520389761761	0,00555400946803	0	0,00463757290528	0,00463757290528	0,0056077208555	0,00248122460792	0,00555400946803	0	0,00859857593362	-0,0157652760361	0,00841454036464	0,0107229136916	0,00841454036464	0,0116150766433	0,00854142836421	0,0053242190596
229500	0,0101276101795	0,00989420507843	0	0,00997482918529	0,00997482918529	0,0097161327769	0,0096878610403	0,00989420507843	0	0,0107469004627	0,0118801220334	0,0104203275399	0,00957582657857	0,0104203275399	0,00461261117239	0,0107805291889	0,0106690670654
230400	-0,0553980689423	-0,148669074506	0	-0,148641679366	-0,148641679366	-0,224477441018	-0,241536346249	-0,148669074506	0	-0,433996908779	-0,168651748632	-0,556600132966	-0,788442887487	-0,556600132966	0,451293760237	-0,70891986163	-0,731342700076
231300	0,0133113818523	0,0151934527809	0	0,0151916201725	0,0151916201725	0,0156425044605	0,015711681871	0,0151934527809	0	0,0161308432978	0,0158658042902	0,0162670403527	0,0163702580073	0,0162670403527	0,0171783864873	0,0163637924421	0,0163360737664
232200	-0,0757327513886	-0,189395060307	0	-0,191086589249	-0,191086589249	-0,276810213867	-0,300711199153	-0,189395060307	0	-0,54096544727	-0,357672358244	-0,711970985421	-0,985326603066	-0,711970985421	0,588186235597	-0,930033216441	-0,861339900968
233100	0,00295501200846	0,00228864563028	0	0,00265020902768	0,00265020902768	0,00239723107381	0,00173437744737	0,00228864563028	0	0,00163378551548	0,00133821016877	0,00163038135167	0,00145539147994	0,00163038135167	0,00190023305838	0,00216796471881	0,00160517314087
234000	0,0136422102471	0,0153352913944	0	0,0153706546136	0,0153706546136	0,0158365238589	0,0157617474387	0,0153352913944	0	0,016055084029	0,0161615886126	0,0163054903892	0,0163728213865	0,0163054903892	0,0211529849156	0,0164111694186	0,0164066607883
234900	-0,0823894638018	-0,22030770799	0	-0,221496093274	-0,221496093274	-0,380726209673	-0,331213278645	-0,22030770799	0	-0,512895504241	-0,569995063756	-0,910379385914	-1,04874157	-0,910379385914	0,0981052899611	-1,4721367305	-1,25285511718
235800	0,00183833626782	0,00110123012892	0	0,00141558309392	0,00141558309392	0,000206726410413	0,00165722033085	0,00110123012892	0	-0,00197831716059	-0,00312425157996	-0,00434507253441	-0,00223220608745	-0,00434507253441	-0,00820143699182	-0,00744681509777	-0,00654501844768
236700	-0,00287657580042	-0,00186724419345	0	-0,00235932821526	-0,00235932821526	-0,00144116965274	-0,00176450021867	-0,00186724419345	0	0,00143876254673	0,00127477767464	0,00190917775281	0,00130158243408	0,00190917775281	0,00428392766188	0,00607635817554	3,94674581568e-05
237600	-0,000272448054385	0,000195162640831	0	3,9000767518e-05	3,9000767518e-05	0,0006916519913	0,000132918076052	0,000195162640831	0	0,000687314098981	0,000941506850395	0,0018005505462	0,000658834271501	0,0018005505462	0,00344662888104	0,00247941037949	0,00331370998716
238500	0,00127787338418	0,000468448786724	0	0,000789153662455	0,000789153662455	0,000205291340623	-0,000162468444318	0,000468448786724	0	-0,00105305661595	-0,00250670787003	-0,00282225830568	-0,00132521362991	-0,00282225830568	-0,00554872314874	-0,00449167592208	-0,0046437132613
239400	0,00329936700796	0,0039105894181	0	0,00361769328487	0,00361769328487	0,00404173438679	0,00426215447113	0,0039105894181	0	0,00444159753284	0,00525652867605	0,00517926784497	0,00471924894671	0,00517926784497	0,00520607212025	0,00379483044703	0,00650316711428
240300	0,0023175682898	0,0027051368388	0	0,00242453465197	0,00242453465197	0,00272554195666	0,00280288754341	0,0027051368388	0	0,0020360510879	0,00138107789368	0,000851688157373	0,00219183854018	0,000851688157373	-0,0056463832373	-0,00254585982943	-0,00282670198192
241200	0,000846617080093	0,000902755252778	0	0,000988531065221	0,000988531065221	0,00100574872267	0,00113187200366	0,000902755252778	0	0,00177778181424	0,000964968598681	0,00287178023487	0,00061436098437	0,00287178023487	0,00747966371894	0,00629674472142	0,00506964853297
242100	-0,001117009835	-0,000856903731682	0	-0,0010245975705	-0,0010245975705	-0,000583356127595	-0,00130126253915	-0,000856903731682	0	-0,00021830034826	0,00104836466286	-2,09788915592e-05	0,000299208130578	-2,09788915592e-05	0,000348859065331	-5,51451860033e-05	-0,000273128728761
243000	0,00134440709801	0,00108048564811	0	0,00122895340227	0,00122895340227	0,00128677773326	0,00078073943526	0,00108048564811	0	-0,00121715511771	-0,000919600013949	-0,000504121336268	-0,000661511416777	-0,000504121336268	-0,000577800884716	-0,000465203328123	-0,000474897827527
243900	0,00398370594675	0,00386311374942	0	0,00384451264102	0,00384451264102	0,00356854000078	0,00386940701178	0,00386311374942	0	0,00433239110776	0,00472075870253	0,0031861210707	0,00448368481105	0,0031861210707	0,00114007516762	0,00226925764289	0,000509455940107
244800	-0,00216570989144	-0,00255972393923	0	-0,00228370570999	-0,00228370570999	-0,00263851567301	-0,00246109230841	-0,00255972393923	0	-0,00337120006633	-0,00308724319625	-0,00267397944929	-0,00241839314772	-0,00267397944929	-0,000121869385857	-0,000439875605155	0,000740719179461
245700	-0,00454374890917	-0,00586906387625	0	-0,00487053691014	-0,00487053691014	-0,00577930587559	-0,00620068507129	-0,00586906387625	0	-0,0062184376796	-0,00426713066106	-0,00281550542395	-0,00697156750891	-0,00281550542395	0,0341082507308	-0,000985808276289	-0,00115544640199
246600	-0,00749437824539	-0,00714001508852	0	-0,00744369675159	-0,00744369675159	-0,00785947871273	-0,00629042699998	-0,00714001508852	0	-0,00482795618941	-0,00752847954803	-0,00733915476484	-0,00669411516285	-0,00733915476484	-0,00885987577603	-0,00850261889109	-0,0100012491084
247500	0,00154184644157	0,00125216518583	0	0,00138079314856	0,00138079314856	0,00117953299778	0,000954967869308	0,00125216518583	0	0,00134549886506	0,00105573621222	0,000983197011634	0,0010016990777	0,000983197011634	0,00123816595625	0,000654764860219	0,00127102024317
248400	0,000437866522846	0,000525202806621	0	0,00046529392953	0,00046529392953	0,000408707271812	0,000884234819123	0,000525202806621	0	-0,000785852114874	-0,000307869008094	-0,000963749711971	-0,000332264924284	-0,000963749711971	-0,00138692053036	-0,00228262714543	-0,000456187811996
249300	-0,0018057188645	-0,00146462958379	0	-0,00162901217926	-0,00162901217926	-0,000970581648421	-0,00199323041878	-0,00146462958379	0	-0,000394530047467	-0,000242437825556	0,000308534515133	-0,000155999490705	0,000308534515133	0,000738454469409	0,0016180771242	1,49742816121e-05
250200	-0,00125147989697	-0,00125911936253	0	-0,00122707595734	-0,00122707595734	-0,00127016472333	-0,00111100922689	-0,00125911936253	0	-0,00144607580579	-0,00147244677106	-0,00125758737621	-0,00143103072871	-0,00125758737621	-0,00150340445116	-0,00155862665006	-0,000984612010572
251100	0,0138971932937	0,015544697759	0	0,0155094147644	0,0155094147644	0,0159217928447	0,0159740016428	0,015544697759	0	0,0162655939662	0,0160673459825	0,0163829042637	0,0164443777252	0,0163829042637	0,0133662080273	0,016479752431	0,0164405924863
252000	-0,00445514493693	-0,00438309663853	0	-0,00449320149914	-0,00449320149914	-0,00445668000684	-0,00454422237479	-0,00438309663853	0	-0,00434173240098	-0,003386032755	-0,00535782712129	-0,0017334372483	-0,00535782712129	0,00981175673458	-0,00845780066722	-0,00465431960529
252900	-1,94208654377e-05	0,000111016065503	0	-8,92672736193e-05	-8,92672736193e-05	-0,00036550943187	0,000278018222814	0,000111016065503	0	0,000127383858234	-0,00156821814166	0,00054599207932	-0,00174662922553	0,00054599207932	0,00354507753953	-0,000732383336485	0,00144240320476
253800	0,00182337494366	0,00180393108045	0	0,00183373344829	0,00183373344829	0,00173672587059	0,00196123030023	0,00180393108045	0	0,00248027880059	0,00431425592036	0,00256391340944	0,00214154497296	0,00256391340944	-0,0351616968609	0,0030091219085	0,00319556790131
254700	5,7270707617e-05	-0,000108816974027	0	0,000144709080822	0,000144709080822	-0,000272441200295	0,000663481831784	-0,000108816974027	0	-6,71703013916e-05	-0,00180810654615	-0,000480263660723	2,2453042581e-05	-0,000480263660723	0,00937067474009	0,000186269785197	-0,00187921291535
255600	-0,00481321375665	-0,00486386608412	0	-0,00478653791365	-0,00478653791365	-0,00463897063358	-0,00497224786601	-0,00486386608412	0	-0,00484225566357	-0,00357104634931	-0,00457213711671	-0,00488720366276	-0,00457213711671	-0,0075237407689	-0,00410549228329	-0,00489580978681
256500	-0,00520829166973	-0,00546647816627	0	-0,0050749870372	-0,0050749870372	-0,00530872517701	-0,00478564128898	-0,00546647816627	0	-0,00601796450008	-0,0115733759547	-0,00729409515052	-0,00449436799048	-0,00729409515052	0,00934346588171	-0,00942609189336	-0,00864950121486
257400	-0,000111959516112	0,000136787859084	0	-0,000243238486672	-0,000243238486672	0,000149605049768	-0,000754809472661	0,000136787859084	0	-0,000109207407928	0,00364830918254	0,000481992641669	0,000800729919289	0,000481992641669	0,00338858639368	-0,000213888071591	0,000424832387954
258300	-0,00185429555523	-0,00201578639894	0	-0,00177018639482	-0,00177018639482	-0,00278011133226	-0,000604420097049	-0,00201578639894	0	-0,00129996929569	-0,00692763412313	-0,0019897230995	-0,00316060847526	-0,0019897230995	-0,00597485063591	-0,0011865478603	-0,00197706294492
259200	-0,00256385123685	-0,00278342370356	0	-0,00245133330428	-0,00245133330428	-0,00240168763051	-0,00250762567631	-0,00278342370356	0	-0,00420878588871	-0,0022852788221	-0,00312061317201	-0,00354953201169	-0,00312061317201	-0,0105603918961	-0,00176963413251	-0,0034953864965
260100	-0,0048924828353	-0,00414935487256	0	-0,00529356279625	-0,00529356279625	-0,00307883550329	-0,00858022032785	-0,00414935487256	0	-0,00357973239601	0,00186894596621	-0,00264062223047	-0,00360913358036	-0,00264062223047	-0,0642956349233	-0,00172450543958	-0,0014508784653
261000	0,00158053888402	0,00157789981561	0	0,00158194403506	0,00158194403506	0,00125926825778	0,00203538609333	0,00157789981561	0	0,0021911671565	-0,0022888080127	0,00131196584606	0,00118533519181	0,00131196584606	-0,00246400949984	0,001650426612	0,00101744507461
261900	-0,000496811679266	-0,000540875544166	0	-0,000473159008905	-0,000473159008905	-0,000186216027226	-0,000892999523377	-0,000540875544166	0	-0,00114899970373	0,000638361706751	-0,00072168103332	-0,000264619881248	-0,00072168103332	0,0133638370147	-0,00269633714943	-0,000797274609265
262800	-0,0159141096488	-0,0160482975786	0	-0,0158423264383	-0,0158423264383	-0,0158188957739	-0,0158756723212	-0,0160482975786	0	-0,015317741825	-0,00908498856275	-0,0154468670972	-0,0124802619188	-0,0154468670972	0,000192787032679	-0,0199039120547	-0,0159970581131
263700	0,00299486926066	0,00310274309376	0	0,00293660760188	0,00293660760188	0,00305397549767	0,00276001804372	0,00310274309376	0	0,0027925501721	0,00429781618463	0,00354946587891	0,00245632457451	0,00354946587891	-0,0162188493218	0,00405388388326	0,00524200249659
264600	-0,00472786429645	-0,00460623551423	0	-0,00479402605803	-0,00479402605803	-0,00463374196872	-0,00503949503261	-0,00460623551423	0	-0,0032867508173	-0,00530211363074	-0,00419210854435	-0,00440377395447	-0,00419210854435	-0,00946054358581	-0,00278579015467	-0,00509055070967
265500	0,00132662870611	0,00127545166076	0	0,00135432905463	0,00135432905463	0,00123167616794	0,00153814896807	0,00127545166076	0	0,000923409451406	0,000235847766554	0,0012945019899	8,39482985012e-05	0,0012945019899	-0,115631303777	0,00182696511515	0,00223664820719
266400	-0,00459763151639	-0,00502472109405	0	-0,00437303641024	-0,00437303641024	-0,00548930042545	-0,00289483556768	-0,00502472109405	0	-0,00606551802158	-0,0123503350661	-0,00735889169889	-0,00436874903403	-0,00735889169889	0,0153874405759	-0,00979943446803	-0,0102311042318
267300	-0,0040116079461	-0,00427062749951	0	-0,00387772244364	-0,00387772244364	-0,00371411831791	-0,00409646757283	-0,00427062749951	0	-0,00437699450317	-0,00282712044822	-0,00394409240073	-0,00444119731308	-0,00394409240073	-0,00203487172197	-0,00520569727334	-0,00325260311856
