time	sensor_1	sensor_2	sensor_3	sensor_4	sensor_5	sensor_6	sensor_7	sensor_8	sensor_9	sensor_10	sensor_11	sensor_12	sensor_13	sensor_14	sensor_15	sensor_16	sensor_17
0	0	0	0	0	0	0	0	0	0	0	0	0	0	0	0	0	0
900	0,00226912471555	0,000732797452225	0,0	0,0015363224187	0,0015363224187	0,00104137189626	0,000494949686675	0,000732797452225	0,0	0,000329619654197	0,000264418408978	0,000960250251404	0,000366584266149	0,000960250251404	9,15106950367e-05	0,000460460471944	0,000408278885469
1800	-0,00392092045475	-0,00137267327282	0,0	-0,00254823985381	-0,00254823985381	-0,00164641831859	-0,000901820319468	-0,00137267327282	0,0	-0,00105405399955	-0,000613162185839	-0,00236189840375	-0,000867178625584	-0,00236189840375	5,21199603889e-05	-0,0010755491924	-0,00133846878503
2700	0,00518272364496	0,00181166355239	0,0	0,0033710492975	0,0033710492975	0,00208081155757	0,00129023595105	0,00181166355239	0,0	0,00139385714814	0,000556778439468	0,00285240570619	0,00109908025906	0,00285240570619	-2,79637373324e-05	0,00133788416813	0,00154248476191
3600	-5,61630772576e-05	-8,93276657488e-05	0,0	3,31648150861e-05	3,31648150861e-05	-8,95365272865e-05	0,000122701317984	-8,93276657488e-05	0,0	-5,72061262984e-05	1,62314758429e-05	-0,000122841045711	-7,46111043859e-06	-0,000122841045711	3,65975322462e-05	-0,000156701424315	-2,73711841514e-06
4500	-0,00100765813413	-0,000285576669004	0,0	-0,000722078728806	-0,000722078728806	-0,000621965504279	-0,000100112715782	-0,000285576669004	0,0	5,4179612932e-06	-0,000136548886595	-0,000333692931834	-8,30142078509e-05	-0,000333692931834	2,54515887517e-05	-0,000255855051231	-0,000103289384274
5400	-0,00119418888628	-0,000370523586231	0,0	-0,000823662467112	-0,000823662467112	-0,000364007483705	-0,000459654480517	-0,000370523586231	0,0	-0,000290024750691	0,000163023519757	-0,00027381231947	-0,000223711962945	-0,00027381231947	-7,31555323602e-05	-4,28602577663e-05	-0,000157796467371
6300	-0,000610973321153	-0,000185030472251	0,0	-0,000425941585693	-0,000425941585693	-0,000143290767026	-0,000282650594605	-0,000185030472251	0,0	-0,00014208931805	0,000124552534528	-0,00015320347983	-4,93635442901e-05	-0,00015320347983	8,76252487087e-05	-0,000130564054209	-0,000110264634879
7200	0,000833791205797	0,000278638683365	0,0	0,000555150749019	0,000555150749019	0,000348496246175	0,000206654206215	0,000278638683365	0,0	3,59862847714e-05	-0,000106990749805	0,00017145399403	3,61799007986e-05	0,00017145399403	-0,000177006515244	0,000144914714619	0,00020354574478
8100	-0,00132659767778	-0,000497915605083	0,0	-0,000828679329929	-0,000828679329929	-0,000437588983272	-0,000391089919535	-0,000497915605083	0,0	-0,000313542550494	-0,000202507300368	-0,00071271930119	-0,000301245481814	-0,00071271930119	-6,53860568895e-05	-0,000252356113488	-0,000394976985105
9000	-0,000283025804306	-0,000108526966505	0,0	-0,000174498330383	-0,000174498330383	-0,000117105999104	-5,73922522156e-05	-0,000108526966505	0,0	-8,89230303249e-05	-0,000129647101112	-0,000303111076484	-2,39858755569e-05	-0,000303111076484	8,91781832924e-05	-0,000234089132199	-0,000158200071197
9900	8,78406323934e-05	7,67183496791e-05	0,0	1,11221048709e-05	1,11221048709e-05	-0,000119658064133	0,000130780163793	7,67183496791e-05	0,0	0,000185148223975	-4,28800682949e-06	0,000193381151186	6,41973033396e-05	0,000193381151186	7,46041489265e-05	2,10414852243e-05	9,77354863076e-05
10800	-0,000504326639405	-0,000198749639632	0,0	-0,000305576143499	-0,000305576143499	-0,000177793936123	-0,000127782079124	-0,000198749639632	0,0	-0,000154970559467	4,1751834793e-05	-0,000193112783853	-0,000118855371567	-0,000193112783853	-2,20516341702e-05	-8,33287360774e-05	-8,77323800642e-05
11700	0,000255795914002	7,76376829227e-05	0,0	0,000178157819662	0,000178157819662	0,000175734982385	2,42276497502e-06	7,76376829227e-05	0,0	-9,28621659683e-05	0,000144583810426	0,000120354162581	9,00509151954e-06	0,000120354162581	-0,000148117977713	0,000245428324663	3,00084250594e-05
12600	0,00037078970679	0,000135163725113	0,0	0,000235625335074	0,000235625335074	0,000189143644004	4,6481586496e-05	0,000135163725113	0,0	0,000116957998931	-1,92858831904e-05	0,000173921581316	5,89141099847e-05	0,000173921581316	1,18719975081e-05	8,55784123987e-05	0,000100215134292
13500	0,000373944782287	0,000125464525782	0,0	0,000248479562752	0,000248479562752	0,000179658838987	6,8820606653e-05	0,000125464525782	0,0	2,02088118543e-05	1,77658152646e-05	7,98617033386e-05	8,35773164765e-05	7,98617033386e-05	8,43841209323e-05	-9,09909095347e-05	5,57598511387e-05
14400	-0,000680342963883	-0,000236921245566	0,0	-0,000443420486875	-0,000443420486875	-0,00031753552753	-0,000125884755841	-0,000236921245566	0,0	-9,48773254289e-05	-9,4412291186e-05	-0,000352582980462	-7,36276103106e-05	-0,000352582980462	0,000112341312088	-0,000273410756554	-0,00019151347032
15300	-0,00056071338562	-0,000182241834068	0,0	-0,000378470660983	-0,000378470660983	-0,000300722791101	-7,77477165367e-05	-0,000182241834068	0,0	-2,08199443251e-05	-3,36791196392e-05	-0,000144852942017	-9,18877887414e-05	-0,000144852942017	2,86454681046e-06	-7,26018596503e-05	-7,51156069133e-05
16200	0,000793550277242	0,00030234547052	0,0	0,000491203490959	0,000491203490959	0,000318882375135	0,000172320914142	0,00030234547052	0,0	0,000214914468435	0,000222599752004	0,000467812042645	0,000272047298908	0,000467812042645	-0,00018605619794	0,000556800938107	9,70672179118e-05
17100	-0,000284498290758	-0,000127368005023	0,0	-0,000157129778868	-0,000157129778868	-5,61425211736e-05	-0,000100987190471	-0,000127368005023	0,0	-0,000178904642972	-5,83321674802e-05	-0,00014879608381	-0,000215808568711	-0,00014879608381	-1,94028950291e-05	-0,000156944315013	4,65215554203e-05
18000	8,2461959592e-06	-9,45510607018e-06	0,0	1,77012944212e-05	1,77012944212e-05	1,34898668602e-05	4,21141994936e-06	-9,45510607018e-06	0,0	-5,90335497608e-05	-0,000308764188205	-0,000301004041887	-7,62487393411e-05	-0,000301004041887	2,8478699564e-05	-0,000194731274051	-0,000153721819346
18900	0,000146276081073	4,96996788729e-05	0,0	9,65761535431e-05	9,65761535431e-05	3,9668441534e-05	5,69076707149e-05	4,96996788729e-05	0,0	9,25049763364e-05	7,39493245496e-05	0,000142425349805	7,37285581113e-05	0,000142425349805	7,29631039469e-05	-3,40111601457e-05	0,000103473384016
19800	-0,000367153059773	-0,000137247253008	0,0	-0,000229905189992	-0,000229905189992	-0,000164328091769	-6,55770016816e-05	-0,000137247253008	0,0	-9,16707615931e-05	2,3774614036e-05	-0,000147554048604	-5,75892132911e-05	-0,000147554048604	8,99987576462e-05	-0,00012931935706	-0,000108233421848
20700	0,000430505316082	0,000164172562725	0,0	0,000266332023654	0,000266332023654	0,000165069400671	0,0001012625108	0,000164172562725	0,0	0,000156102328014	5,26808588855e-05	0,000297083230442	7,5872329172e-05	0,000297083230442	-0,000139131274079	0,000298251707191	0,000137962744334
21600	0,000442089030485	0,000178646465466	0,0	0,000263441743103	0,000263441743103	0,00021680464462	4,66369762977e-05	0,000178646465466	0,0	0,00017803733137	0,000136703223453	0,000393518668565	9,98681060501e-05	0,000393518668565	-7,73643242802e-06	0,000420834983208	8,85361522588e-05
22500	0,000350187023825	0,000104902565503	0,0	0,000245283781471	0,000245283781471	0,000100500413174	0,000144783247947	0,000104902565503	0,0	7,2805457121e-06	-3,31990861344e-05	-1,70425930229e-05	9,60265151546e-05	-1,70425930229e-05	8,9970676669e-05	-0,000280262093893	6,51327237775e-05
23400	0,000244987990432	7,80974930431e-05	0,0	0,000166889996855	0,000166889996855	5,48049110067e-05	0,0001120849989	7,80974930431e-05	0,0	-2,20640741201e-06	-5,95177624053e-05	1,1748938568e-05	4,62430594219e-06	1,1748938568e-05	4,66034226145e-05	-0,000123011777005	8,81572912724e-05
24300	-0,000210175248857	-9,3493553795e-05	0,0	-0,000116681248036	-0,000116681248036	-8,56837463724e-05	-3,09974405077e-05	-9,3493553795e-05	0,0	-1,45371587993e-05	-4,76802500889e-06	-0,000119038213019	6,23958764812e-06	-0,000119038213019	6,11271442497e-05	-8,86964185753e-05	-9,14689121986e-05
25200	0,000755842341544	0,000268979108367	0,0	0,000486861597772	0,000486861597772	0,000369849202345	0,00011701212896	0,000268979108367	0,0	0,000157689983192	0,000238852410551	0,000540265465835	0,000125255632508	0,000540265465835	-0,000189526895765	0,000380395771714	0,000349396465587
26100	0,000170194585364	9,72811605963e-05	0,0	7,291300352e-05	7,291300352e-05	3,13360155513e-05	4,15769447155e-05	9,72811605963e-05	0,0	0,00018800603356	-3,55351292298e-05	0,000186064092064	6,36878013374e-05	0,000186064092064	-1,80985265231e-05	0,000116845001334	8,7317572157e-05
27000	-6,57762184903e-05	-2,8232058933e-05	0,0	-3,75440021181e-05	-3,75440021181e-05	-5,96754373374e-05	2,2131457623e-05	-2,8232058933e-05	0,0	-2,77585866723e-05	-8,63308479662e-05	-0,000149924324243	7,60289637791e-06	-0,000149924324243	3,33112768949e-05	-6,21904198956e-05	-0,000121045142062
27900	0,000873408681818	0,000327209399154	0,0	0,000546197102691	0,000546197102691	0,000292053633817	0,000254143129873	0,000327209399154	0,0	0,000308471407186	0,000156346792466	0,000606958002684	0,000185069013222	0,000606958002684	-5,51836761255e-05	0,000265491467327	0,000396650050845
28800	0,00172836559543	0,000620145247664	0,0	0,00110821528536	0,00110821528536	0,000648339639595	0,000459874838396	0,000620145247664	0,0	0,000548398532535	0,000231616737977	0,000948107078426	0,000452052166745	0,000948107078426	0,000499086925083	0,000122160701345	0,000326859196479
29700	0,00149960654742	0,000358506505692	0,0	0,00114109502639	0,00114109502639	0,000560146152546	0,00058094787191	0,000358506505692	0,0	-9,14004209055e-05	-0,000179074181626	9,54432642379e-05	-7,41195590356e-06	9,54432642379e-05	-0,000179069234868	0,00032745968885	-5,29472276931e-05
30600	0,00450088841295	0,00183508655613	0,0	0,002665781305	0,002665781305	0,00184049485096	0,000825283452274	0,00183508655613	0,0	0,00206694995453	0,00143297527752	0,00366965069709	0,00166535476794	0,00366965069709	0,000658549960473	0,00137687206005	0,00163422704317
31500	-0,00183579354657	-0,00072529562653	0,0	-0,00111048870578	-0,00111048870578	-0,000861022841675	-0,0002494644987	-0,00072529562653	0,0	-0,000665857284496	-0,00119713694112	-0,00150026764747	-0,00108801925763	-0,00150026764747	-0,000498853395067	-0,000218372016958	0,000220909811333
32400	-0,00260656574604	-0,000872054788546	0,0	-0,00173450008768	-0,00173450008768	-0,000979734086083	-0,000754764195296	-0,000872054788546	0,0	-0,000665668342858	0,000320547242055	-0,00124812550181	3,09520070976e-05	-0,00124812550181	0,000213844043097	-0,000955477213652	-0,00151044305655
33300	0,000848289446219	0,000293007404092	0,0	0,00055527874356	0,00055527874356	0,000300122888506	0,000255155319886	0,000293007404092	0,0	0,000202460908101	0,00031532686036	0,000537356846992	0,000273437455108	0,000537356846992	6,90777957716e-05	0,000288583430283	0,000179695405474
34200	-0,00121564835933	-0,000570185989496	0,0	-0,000421262124778	-0,000421262124778	-0,000633788207297	0,000436721833166	-0,000570185989496	0,0	-0,00128464040622	-0,000388487004779	-0,00122621781217	-0,000792898524256	-0,00122621781217	-0,000439473988422	-0,000327083714894	-0,000235464561943
35100	0,00476981806278	0,00156921095431	0,0	0,00297639075966	0,00297639075966	0,00287298753125	-0,000120795542497	0,00156921095431	0,0	0,00114815390985	0,000834743090276	0,00247248153853	0,000855426614033	0,00247248153853	-0,000294351336673	0,00164948082655	0,000995300299398
36000	-0,00837867493704	-0,00265112611462	0,0	-0,00518482225662	-0,00518482225662	-0,00276629273558	-0,00187582950292	-0,00265112611462	0,0	-0,00152877866336	-0,000979540215368	-0,00318056674515	-0,00143617716952	-0,00318056674515	0,000671692785721	-0,00192311257723	-0,0014885956724
36900	0,00155736707715	0,000920316652778	0,0	0,000633514582631	0,000633514582631	-0,000455136184417	0,00108511906151	0,000920316652778	0,0	0,00148329990566	-0,000100162490791	0,00158103274395	0,000718887709921	0,00158103274395	0,000179008302428	0,000449817217074	0,000948675126079
37800	0,00304656389321	0,00104257648702	0,0	0,00197221778307	0,00197221778307	0,00126061185773	0,000679845158702	0,00104257648702	0,0	0,000103941168307	0,0010809019627	0,00202035930369	0,000175298262613	0,00202035930369	-0,000566695248315	0,00114608185442	0,00207936845765
38700	-0,0102298370388	-0,00449222980261	0,0	-0,00704390198614	-0,00704390198614	-0,00458833583006	-0,00300008207483	-0,00449222980261	0,0	-0,0033081160051	-0,00135187264197	-0,00763685837798	-0,00219999220975	-0,00763685837798	0,000262538626461	-0,00301083372275	-0,00515765607218
39600	0,00293386860635	0,000485694803366	0,0	0,00194225773759	0,00194225773759	0,000636895947307	3,76445659893e-05	0,000485694803366	0,0	-1,13667452181e-06	-0,000642957574753	0,000187413127241	-0,000176473322527	0,000187413127241	0,000459080781632	-0,000245770226006	0,000370470678204
40500	0,00297284209016	0,00138689917412	0,0	0,00156283948841	0,00156283948841	0,000888031514674	0,000651699465365	0,00138689917412	0,0	0,00259008165869	0,000449429157377	0,00132540050794	0,00178096467009	0,00132540050794	-0,000996993962049	-0,000457859311863	0,000147478502623
41400	0,00277481778843	0,000708873013726	0,0	0,00199248425493	0,00199248425493	0,00157338357136	0,000345633556497	0,000708873013726	0,0	-0,00145355227302	0,00046471444106	-0,000196449953584	-0,000156982943426	-0,000196449953584	0,000242153851448	0,000144518484218	-5,28761401594e-05
42300	0,0380057472756	0,0123927607349	0,0	0,0237906948144	0,0237906948144	0,0133902375481	0,00857828130702	0,0123927607349	0,0	0,00954437999736	0,00439744845279	0,0167391073624	0,00777346093287	0,0167391073624	-0,000290245763018	0,00767417664163	0,0069294743734
43200	-0,00493235188521	-0,00177323604375	0,0	-0,00301343013136	-0,00301343013136	-0,00196859501571	-0,00089916375081	-0,00177323604375	0,0	-0,00148956011446	-0,000289910761933	-0,00258914617777	-0,000817915301959	-0,00258914617777	0,000527861305414	-0,00308116162837	0,000109793963704
44100	-0,0218674660167	-0,00672861429466	0,0	-0,0141596376997	-0,0141596376997	-0,00789342988343	-0,00528705282157	-0,00672861429466	0,0	-0,00417452303102	-0,00308113520792	-0,00891950146194	-0,00408569987177	-0,00891950146194	-0,000215551460982	-0,00267555491028	-0,00504934201666
45000	0,0135859107823	0,00418018031592	0,0	0,00822209776008	0,00822209776008	0,00400918500007	0,00302932433838	0,00418018031592	0,0	0,00473415104681	0,00228426086134	0,00745758839039	0,00255748419008	0,00745758839039	0,0012739059764	0,00406308052158	0,00413275446317
45900	-0,000829311017374	0,00012212043399	0,0	-0,00084936273499	-0,00084936273499	-0,000366656537052	-0,00038064257935	0,00012212043399	0,0	-0,000441205523143	0,00041743265856	-0,000433761050272	0,000634173629442	-0,000433761050272	-0,00131182081083	-0,00133212265635	-0,000883408972479
46800	-0,00941419208239	-0,00333035846952	0,0	-0,00581972610567	-0,00581972610567	-0,00290645098097	-0,00264919109443	-0,00333035846952	0,0	-0,00333142192361	-0,00149692847609	-0,00493239809585	-0,00296226953984	-0,00493239809585	-0,00027788078076	-0,00129943862174	-0,00307479530032
47700	0,028229555902	0,00855914523802	0,0	0,0184981295533	0,0184981295533	0,0102433014708	0,00708264423406	0,00855914523802	0,0	0,00504551935622	0,00378673736763	0,0111621284821	0,00505722299873	0,0111621284821	0,000479664628836	0,00594591083983	0,00452386149282
48600	-0,0184338305078	-0,00611097693887	0,0	-0,0115196907636	-0,0115196907636	-0,00632987891896	-0,00438671658619	-0,00611097693887	0,0	-0,00497714289368	-0,0021662897413	-0,00752862232844	-0,00492279809294	-0,00752862232844	0,00180399315552	-0,00415035411534	-0,000771307529117
49500	-0,0108096189256	-0,00293126670347	0,0	-0,00671657466935	-0,00671657466935	-0,00369595643984	-0,00185888170615	-0,00293126670347	0,0	-0,000869126988898	-0,00136620657502	-0,00414403073876	0,000139114291524	-0,00414403073876	-0,00214755728612	-0,00242969444201	-0,00298867495051
50400	0,0363573057142	0,0119279032619	0,0	0,0227062557844	0,0227062557844	0,0129435495717	0,00803967785049	0,0119279032619	0,0	0,00907494536258	0,00473063980036	0,0166080610517	0,00740258601287	0,0166080610517	-0,000114406470532	0,00811043763055	0,00694886980306
51300	-0,0361472644182	-0,0115804576697	0,0	-0,0227116202184	-0,0227116202184	-0,0124141252492	-0,00844242877668	-0,0115804576697	0,0	-0,0087899002438	-0,00388899121815	-0,0150975840526	-0,00730688509206	-0,0150975840526	0,000112182070455	-0,00687703633923	-0,00625352618428
52200	-0,020703842673	-0,00681184198763	0,0	-0,0130147550543	-0,0130147550543	-0,00776562676345	-0,00420880687126	-0,00681184198763	0,0	-0,00454517638342	-0,00374067632112	-0,0100153536272	-0,0042051742577	-0,0100153536272	0,000179071130592	-0,00373945391126	-0,00329933492115
53100	0,00491930740651	0,00251908208196	0,0	0,00395617124055	0,00395617124055	0,00301013858	0,00233888154753	0,00251908208196	0,0	0,0005752589561	0,000354607706804	0,0044794566424	0,000525447337693	0,0044794566424	-0,000247419925428	0,00219437978305	0,00167327670638
54000	-0,000287145036944	-7,78431106659e-05	0,0	-9,73621451111e-05	-9,73621451111e-05	9,45801159921e-06	5,11890983125e-06	-7,78431106659e-05	0,0	3,15455025917e-05	-0,000414501046787	-0,000337749231453	-1,11102868219e-05	-0,000337749231453	0,000139411366174	-0,00110761056772	0,000595082650562
54900	0,00522102920176	0,000885160728605	0,0	0,00217719642652	0,00217719642652	0,000392629200568	-0,000374137702271	0,000885160728605	0,0	0,00250467144948	0,00134875501045	0,00168059886535	0,000899285017333	0,00168059886535	0,00111113896605	0,00169133764917	-0,000632180717468
55800	-0,00811934167286	-0,00186997604928	0,0	-0,00420711147522	-0,00420711147522	-0,00193799279981	-0,00022683672201	-0,00186997604928	0,0	-0,00235504277252	-0,00129596042414	-0,00243692898113	-0,00104176959382	-0,00243692898113	-0,00109465932256	-0,00209484960493	0,000146459237582
56700	0,0105521973819	0,00353673592572	0,0	0,00657825053547	0,00657825053547	0,00387544457921	0,00226562583739	0,00353673592572	0,0	0,00284637967323	0,00177936104773	0,00556274921124	0,00216254387892	0,00556274921124	-0,000125835646909	0,00260131322949	0,00285751205554
57600	-0,00561994926776	-0,00201303107388	0,0	-0,00347956084148	-0,00347956084148	-0,0020383983153	-0,00131382569956	-0,00201303107388	0,0	-0,00182495436459	-0,00148748399007	-0,00396249356172	-0,00123563617136	-0,00396249356172	0,000659943712271	-0,00139862336831	-0,00330389586882
58500	0,00696662430054	0,00234938788779	0,0	0,00448991968069	0,00448991968069	0,00229094695262	0,00207164229943	0,00234938788779	0,0	0,00190133029988	0,000152832295347	0,00264891953844	0,00162730205259	0,00264891953844	0,000142035108168	0,00142233792071	0,000957214393406
59400	0,00184242089483	0,000660349954854	0,0	0,00118207094174	0,00118207094174	0,000732246834207	0,000449824108105	0,000660349954854	0,0	0,000473444376595	0,000478615345622	0,00149896751756	0,000113442157613	0,00149896751756	-4,52396385407e-05	0,000859939409725	0,000684267748645
60300	-0,000486452118582	-0,000379610141532	0,0	-0,000106841977829	-0,000106841977829	-0,000113884625341	7,04264645511e-06	-0,000379610141532	0,0	-0,00135579183473	2,30568190187e-05	-0,00122396804536	-0,00048837711166	-0,00122396804536	-0,000226964742568	-0,000741306242648	-0,000255697061567
61200	0,00220183357886	0,000915665928079	0,0	0,0012861676531	0,0012861676531	0,00104749443583	0,000238673219471	0,000915665928079	0,0	0,000904535412362	0,000434469983461	0,00182615782752	0,000428513499632	0,00182615782752	-0,000414630055684	0,0011801277253	0,0010606601568
62100	-0,00255676585507	-0,000943092457395	0,0	-0,00161367339985	-0,00161367339985	-0,00105034024336	-0,00056333315812	-0,000943092457395	0,0	-0,000447866355543	-0,000256447765533	-0,00108260917845	-0,000564797402347	-0,00108260917845	2,81615585039e-05	-0,000429035153999	-0,000187706659515
63000	0,000349490620795	0,000109805763325	0,0	0,000239684857622	0,000239684857622	0,00015019064029	8,94942177804e-05	0,000109805763325	0,0	-0,000273866484744	8,54703945142e-05	2,9735964044e-05	-0,000108326290716	2,9735964044e-05	7,90876797215e-06	-0,000204273259221	0,000241917990674
63900	-0,000956013724178	-0,000190448935283	0,0	-0,000765564789496	-0,000765564789496	-2,6491246266e-05	-0,000739073543284	-0,000190448935283	0,0	-0,000177660702479	0,000572650255626	2,60947324072e-05	0,00017844588564	2,60947324072e-05	-0,000156254087036	5,5637913547e-05	-0,00018579726733
64800	-0,00183249600683	-0,000633621554791	0,0	-0,00119891443945	-0,00119891443945	-0,00100559428653	-0,000193326594095	-0,000633621554791	0,0	4,44745842292e-05	-0,000857650813241	-0,00111886102712	-0,000327946208967	-0,00111886102712	-6,75667227232e-05	-0,000730398824056	-0,000456031008967
65700	0,0034621088221	0,00122730770075	0,0	0,00223484110997	0,00223484110997	0,00120746334948	0,00102738420079	0,00122730770075	0,0	0,00105867704446	0,000249292765371	0,00171898399877	0,000816302965	0,00171898399877	0,000296192815087	0,000905503726445	0,000455084701114
66600	-0,000287334895107	-0,000223832582244	0,0	-6,35023132595e-05	-6,35023132595e-05	0,000356702612752	-0,000420204924644	-0,000223832582244	0,0	-0,000953417508964	-0,000171740544047	-0,000772647403809	-0,000576343234242	-0,000772647403809	-0,000318774196087	-0,000535372979631	9,85418469622e-05
67500	-0,00165691158738	-0,000627812903548	0,0	-0,00102909868518	-0,00102909868518	-0,00100637480899	-2,27238767486e-05	-0,000627812903548	0,0	0,000190560870588	-0,00104380323034	-0,00143881033465	-4,22449251668e-05	-0,00143881033465	0,000877650700295	-0,00115403700692	-0,00117946610254
68400	0,0068794993812	0,00223285243931	0,0	0,00464664694891	0,00464664694891	0,00301720472617	0,00162944222305	0,00223285243931	0,0	0,00174060422026	0,000679526578095	0,00318818001025	0,00146480322433	0,00318818001025	0,000770890102057	0,00177647340536	0,000640816505392
69300	-0,00233052276483	-0,000769228150165	0,0	-0,00156129461716	-0,00156129461716	-0,00110331207923	-0,000457982538312	-0,000769228150165	0,0	-0,000742705260609	-0,00048566723571	-0,00112285237239	-0,000874748272881	-0,00112285237239	-0,000836679416186	-0,000578122989355	0,000291950029478
70200	0,00283753101807	0,000980362148924	0,0	0,00185716887271	0,00185716887271	0,00140317638991	0,000453992482993	0,000980362148924	0,0	0,000479437954106	0,00105803546914	0,00183734613811	0,000680489436078	0,00183734613811	1,55113087553e-05	0,00132471740421	0,000497117424605
71100	0,00220917228563	0,00106218600394	0,0	0,00114698628598	0,00114698628598	0,000193975603478	0,000953010682204	0,00106218600394	0,0	0,00142078844604	0,000588520226551	0,00226723293677	0,000804261740824	0,00226723293677	0,000165845517447	0,00104468468851	0,00105670273058
72000	0,00108266317775	0,000355662478055	0,0	0,000727000701309	0,000727000701309	0,000536182757684	0,000190817944923	0,000355662478055	0,0	-6,69111655133e-05	-0,000281660979152	0,000249296693396	-0,000242206360766	0,000249296693396	-0,000861819585862	0,00142396333913	-3,30077275535e-05
72900	-0,00456712406985	-0,00158916768699	0,0	-0,00297795639003	-0,00297795639003	-0,00186817983132	-0,00110977655989	-0,00158916768699	0,0	-0,000804592360488	0,000318172975419	-0,00164928986675	-0,000426297206823	-0,00164928986675	7,98004952397e-05	-0,00237093845198	0,000362008760204
73800	-0,000515691079346	-0,000259527822802	0,0	-0,000256163257695	-0,000256163257695	3,42572569101e-06	-0,000259588982658	-0,000259527822802	0,0	-0,000755905333194	-0,00057072292419	-0,00143492002104	-0,000151236057335	-0,00143492002104	0,000706064485459	-0,000970357962939	-0,00117062654472
74700	-0,00118542753534	-0,000448513454997	0,0	-0,000736914081454	-0,000736914081454	-0,000327540333778	-0,000409373748221	-0,000448513454997	0,0	-0,000396720108145	-0,000719069585589	-0,000725293891031	-0,000839009259707	-0,000725293891031	-0,000612943939584	0,000398602426269	0,000114729033147
75600	-0,00343829227112	-0,00128346495287	0,0	-0,00215482732235	-0,00215482732235	-0,00103720889334	-0,00111761842919	-0,00128346495287	0,0	-0,00160738613349	0,000771646769622	-0,00169385361013	-0,000425350708436	-0,00169385361013	-0,000199971856353	-0,000912629175516	-0,00120693398859
76500	4,4881309217e-05	9,50434103477e-05	0,0	-5,01621008546e-05	-5,01621008546e-05	8,15026228101e-05	-0,000131664723085	9,50434103477e-05	0,0	9,9866934818e-05	9,47812021986e-06	0,000302365153269	-9,79766860897e-05	0,000302365153269	0,000149583159992	0,000527699520099	0,000149986490765
77400	-0,00244151235277	-0,000738711921892	0,0	-0,00170284087291	-0,00170284087291	-0,00129358047345	-0,000409266946955	-0,000738711921892	0,0	0,000518806152716	-0,000677710629018	-0,000805477064756	-9,21488179375e-05	-0,000805477064756	1,64064359338e-05	-0,000737141708223	-0,000609647788364
78300	0,0012331387574	0,000376052563665	0,0	0,00085712663468	0,00085712663468	0,000757138732697	9,99944488444e-05	0,000376052563665	0,0	0,000203849811693	0,000643932170345	0,00096077673975	0,000263067289911	0,00096077673975	-9,80136488073e-06	0,000335807696718	0,00063477238792
79200	-0,0019187840961	-0,000613258958251	0,0	-0,00130556206855	-0,00130556206855	-0,000963713849806	-0,000341854192509	-0,000613258958251	0,0	-0,000382679511555	-0,000140953136598	-0,00101810386427	-0,0001187966264	-0,00101810386427	0,000125361302798	-0,000631573225265	-0,000511893884168
80100	-0,00057517417852	-0,000173157401469	0,0	-0,000402013995028	-0,000402013995028	-0,000225387819016	-0,000176625683105	-0,000173157401469	0,0	-3,75029502997e-05	-0,000127432616699	-0,000122488830714	-0,000215603606072	-0,000122488830714	-0,00015414175009	0,000204905876869	-0,000173252907164
81000	-0,00109828325919	-0,000420295217059	0,0	-0,000677982905955	-0,000677982905955	-0,000412884423246	-0,000265097700033	-0,000420295217059	0,0	-0,000510948408369	-0,00014104865681	-0,00080234155879	-0,000269949267764	-0,00080234155879	-0,00012532863989	-0,000732605844636	5,55932805369e-05
81900	0,000657038975743	0,00023138631655	0,0	0,000425649666314	0,000425649666314	0,00024766335173	0,000177985830509	0,00023138631655	0,0	-6,34312761749e-05	0,000263779860975	0,000278382492595	0,000153351753148	0,000278382492595	0,000184334487646	0,000158186234007	-6,41383303768e-05
82800	-0,00246419103647	-0,000837270403361	0,0	-0,00162691020335	-0,00162691020335	-0,00111093991451	-0,000515968563967	-0,000837270403361	0,0	-0,000380024917446	-0,000246305840917	-0,00100728793919	-0,000456310944963	-0,00100728793919	-0,000239537511169	-0,000413771215933	-0,000353978795111
83700	-0,000445236820766	-0,000193308769871	0,0	-0,000251926336386	-0,000251926336386	-9,70134910443e-05	-0,000154912609591	-0,000193308769871	0,0	-0,000343851340767	-0,000374164188888	-0,000552746724532	-0,000358576901004	-0,000552746724532	1,65635908612e-05	-0,000205238954623	-0,000364071140448
84600	-0,000238995209524	-8,49837664468e-05	0,0	-0,000154010573205	-0,000154010573205	-3,45332957474e-05	-0,000119477138164	-8,49837664468e-05	0,0	0,000141444250625	-1,86745829601e-06	-2,98712030749e-05	8,44643497229e-05	-2,98712030749e-05	-1,15940923023e-05	0,000182360486741	-0,000200637583159
85500	-0,00111914264618	-0,000413189682937	0,0	-0,000705949134216	-0,000705949134216	-0,000500724834777	-0,000205223696864	-0,000413189682937	0,0	-0,000332900415689	-0,000378457818966	-0,000741747108301	-0,000382799797468	-0,000741747108301	-1,21125648699e-05	-0,000369213632022	-0,000360420657856
86400	-0,00223301993498	-0,000864285104835	0,0	-0,0013687284489	-0,0013687284489	-0,00078463340044	-0,000584094067804	-0,000864285104835	0,0	-0,000676873677652	-0,000339886446671	-0,00137436078477	-0,000506682822942	-0,00137436078477	6,67797391826e-05	-0,000809992074406	-0,000631148075344
87300	-0,000363298715984	-7,04655982465e-05	0,0	-0,000292832292264	-0,000292832292264	-0,000183402600845	-0,000109429513308	-7,04655982465e-05	0,0	6,19633805828e-05	0,000409265530778	0,000311267391111	8,94959158889e-05	0,000311267391111	4,95090404461e-05	0,000157689021202	0,000104069261805
88200	-2,60757159316e-06	-2,7212982665e-05	0,0	2,46054357788e-05	2,46054357788e-05	0,000108722113971	-8,4116693838e-05	-2,7212982665e-05	0,0	-0,000229490463335	-7,94787233409e-05	-0,000237037303466	-9,91447525158e-05	-0,000237037303466	-9,74281586677e-05	-0,000126603194194	-1,30059024066e-05
89100	-0,000960118844353	-0,000334350950415	0,0	-0,000625765823301	-0,000625765823301	-0,000434227775134	-0,000191537702223	-0,000334350950415	0,0	-7,88134162583e-05	-0,000426469347844	-0,00063110522513	-0,000208528008691	-0,00063110522513	2,52573225991e-05	-0,000317941866989	-0,000338420548273
90000	-0,000690425946948	-0,000236963577726	0,0	-0,000453461075375	-0,000453461075375	-0,000314006208994	-0,000139454648366	-0,000236963577726	0,0	-0,000168336050542	-0,000172443097375	-0,000425984101851	-0,000151758328286	-0,000425984101851	-3,67877619666e-05	-0,000242664744536	-0,000146531526011
90900	0,00025105125215	0,000128833222975	0,0	0,000122217553745	0,000122217553745	7,24705660633e-05	4,97469314538e-05	0,000128833222975	0,0	0,000156069726196	0,00030319956851	0,000432621736857	0,000155480582836	0,000432621736857	2,15784321058e-05	8,51305237401e-05	0,000325912706308
91800	-0,000846548040806	-0,000299843281276	0,0	-0,000546703313357	-0,000546703313357	-0,000381642528137	-0,000165060549998	-0,000299843281276	0,0	-0,000186618819922	-6,74258950985e-05	-0,000396327386378	-0,000157560279417	-0,000396327386378	5,11506652255e-05	-0,000125939448194	-0,000321538531251
92700	0,000487853772082	0,000175725043292	0,0	0,000312127923711	0,000312127923711	0,000229836299763	8,22914941429e-05	0,000175725043292	0,0	3,69576151955e-05	0,000192689984639	0,000343656640917	6,17158043416e-05	0,000343656640917	-5,76436903622e-05	0,000288020773583	0,000263314471408
93600	0,000129600757691	6,18937646704e-05	0,0	6,77067569053e-05	6,77067569053e-05	0,000130806781977	-6,31000542431e-05	6,18937646704e-05	0,0	5,87358955322e-05	-2,70833321571e-05	7,06677872411e-05	2,28784705866e-05	7,06677872411e-05	1,14668684501e-05	0,000108566947347	-2,64323032113e-05
94500	-0,000270738611052	-0,000116833377694	0,0	-0,000153904753799	-0,000153904753799	-0,000105968566702	-4,7936120578e-05	-0,000116833377694	0,0	-8,6637947369e-05	-0,000207600060734	-0,000364650834957	-4,64203865033e-05	-0,000364650834957	-1,60831348635e-05	-0,000319341175155	-0,000202195174141
95400	-0,000215286496637	-6,82880252762e-05	0,0	-0,000146998121009	-0,000146998121009	-0,00012632562311	-2,067243673e-05	-6,82880252762e-05	0,0	-1,30809118114e-05	1,11863457335e-05	-6,80399435346e-05	-2,14258394885e-06	-6,80399435346e-05	7,8227180802e-05	-0,000164981728676	1,87146170232e-05
96300	-0,000442601746066	-0,000143145033214	0,0	-0,000299456039924	-0,000299456039924	-0,000248378155699	-5,10777692134e-05	-0,000143145033214	0,0	-3,82846758757e-05	-1,36002186993e-05	-0,000125539324322	-6,94904730039e-05	-0,000125539324322	3,63337449748e-05	-7,97197886161e-05	-8,21532609516e-05
97200	0,000245279556299	8,22015577542e-05	0,0	0,000163077632247	0,000163077632247	0,000149275802576	1,38017687828e-05	8,22015577542e-05	0,0	-2,7851924821e-05	0,00012390134094	0,000161351538247	1,68993549751e-05	0,000161351538247	-0,000172464661587	0,000275190223448	5,86259459383e-05
98100	0,000150808562397	5,51258896238e-05	0,0	9,56824355913e-05	9,56824355913e-05	0,000139212897192	-4,35305003603e-05	5,51258896238e-05	0,0	1,66342546351e-05	7,87024157758e-05	0,00013028691849	2,01755774527e-05	0,00013028691849	4,41780336497e-05	0,000149750566516	4,97093391486e-05
99000	7,28687767323e-05	1,99120918591e-05	0,0	5,29565703195e-05	5,29565703195e-05	-4,54701081337e-06	5,75035604145e-05	1,99120918591e-05	0,0	-1,31299517054e-05	-0,000133124239564	-0,00012756387381	1,22177895621e-06	-0,00012756387381	-3,75463363785e-05	-0,000185717042113	-1,76515161396e-05
99900	5,55776918028e-05	5,19986539295e-06	0,0	5,03777434664e-05	5,03777434664e-05	-1,72394326647e-05	6,76171554118e-05	5,19986539295e-06	0,0	4,05427903797e-05	-7,69677723966e-05	-5,34933931952e-05	2,22682764367e-05	-5,34933931952e-05	0,000112896331805	-0,000105574808518	-6,08149043567e-05
100800	-0,000735424735295	-0,00025947005479	0,0	-0,000475953569389	-0,000475953569389	-0,00028943795792	-0,000186515429932	-0,00025947005479	0,0	-0,000145566038615	3,5132870798e-05	-0,00025727698618	-0,000112626001073	-0,00025727698618	5,98023343771e-05	-0,000187610162193	-0,000129469118619
101700	0,000496400090797	0,000192427960365	0,0	0,0003039713924	0,0003039713924	0,000197318633859	0,000106652646066	0,000192427960365	0,0	6,97368254038e-05	0,000126504872913	0,000303211271198	8,54582027115e-05	0,000303211271198	-0,000127480899558	0,000250159077928	0,000180533044341
102600	0,000261482798415	9,39591914824e-05	0,0	0,000167523187297	0,000167523187297	0,000161422721175	6,10039889313e-06	9,39591914824e-05	0,0	4,40500854078e-05	-3,31483614034e-05	6,81241996948e-05	3,67366291595e-05	6,81241996948e-05	1,38603077085e-06	9,07709883374e-05	-2,40328298409e-05
103500	-0,000274867266643	-9,56957105786e-05	0,0	-0,000179171117261	-0,000179171117261	-0,000118609223891	-6,05618216313e-05	-9,56957105786e-05	0,0	-3,17779264635e-05	2,21413888949e-05	-5,90747589095e-05	-4,6257402959e-05	-5,90747589095e-05	-4,71205021362e-05	7,35603370197e-05	-4,82896247679e-05
104400	0,00106198769072	0,000346552261603	0,0	0,000715433605095	0,000715433605095	0,000306699584019	0,000408733709749	0,000346552261603	0,0	0,000270185234833	-0,000320268184829	0,00016213195685	0,00013433701386	0,00016213195685	0,000157641985668	-0,000160756111943	0,000128021100864
105300	-0,000130071867914	-6,79472994279e-05	0,0	-6,21243103231e-05	-6,21243103231e-05	-2,85423182187e-06	-5,92700491909e-05	-6,79472994279e-05	0,0	-1,62680036363e-05	0,00011665382636	7,18134622538e-05	-3,93748824933e-05	7,18134622538e-05	-5,32680014241e-05	4,27300463334e-05	8,2351401272e-05
106200	0,000131717250228	6,29544066502e-05	0,0	6,87625857688e-05	6,87625857688e-05	0,000167688304916	-9,89257525459e-05	6,29544066502e-05	0,0	-8,8806096301e-06	0,000368516446956	0,000278085894128	0,000144504234167	0,000278085894128	5,70149192485e-05	0,000197584289208	2,34866400067e-05
107100	0,00119520644124	0,000489201598135	0,0	0,000706002267122	0,000706002267122	0,000423606565375	0,000282395327622	0,000489201598135	0,0	0,000477908320893	0,000220758405963	0,000845480973727	0,000342386604152	0,000845480973727	8,72599755603e-05	0,000393825370448	0,000364395444524
108000	0,00220532476095	0,000690021080075	0,0	0,00151529781032	0,00151529781032	0,000833487221169	0,000681809565582	0,000690021080075	0,0	9,79549098093e-05	-0,000214537451218	0,000439957915727	0,000133479608498	0,000439957915727	-7,01420970855e-05	0,000218561362156	0,000291538530391
108900	0,000246849273547	0,000100472544039	0,0	0,000146375949193	0,000146375949193	1,81279916213e-06	0,000144563034944	0,000100472544039	0,0	0,000358940726817	0,000200065147006	0,000447113737895	0,000212364337775	0,000447113737895	0,000114315867189	0,000157193534569	0,000175604210458
109800	0,00165366245348	0,000534820957452	0,0	0,00111883587374	0,00111883587374	0,000654594657201	0,00046424024675	0,000534820957452	0,0	0,000274075876727	-0,000176158377392	0,000515245405987	0,000117491979213	0,000515245405987	-2,46715980755e-05	0,000392953308981	0,000146963527792
110700	0,000521960050801	0,000107385920111	0,0	0,000414572236516	0,000414572236516	0,000401286568842	1,32852642869e-05	0,000107385920111	0,0	-0,00012854106538	2,5971706891e-05	1,05675136132e-05	-5,75112515138e-06	1,05675136132e-05	-0,000172261756443	5,41941124565e-05	0,000128635137899
111600	0,00107042192275	0,00049900833296	0,0	0,000571409088076	0,000571409088076	0,000408483772147	0,000162924724247	0,00049900833296	0,0	0,0005776564706	0,000552222238587	0,00123772066787	0,000391164827929	0,00123772066787	-6,97694016032e-05	0,000990129282134	0,000406825035344
112500	-0,000166002372784	-8,77677933939e-06	0,0	-0,000157224956816	-0,000157224956816	-0,000209125036872	5,19002489221e-05	-8,77677933939e-06	0,0	0,000288968906939	9,96147191265e-05	3,29377493151e-05	0,000346868975379	3,29377493151e-05	0,000217043029469	-0,000269325271076	-4,24473598749e-06
113400	0,00157718299811	0,000488692701385	0,0	0,00108848334124	0,00108848334124	0,000424243700116	0,00066423842031	0,000488692701385	0,0	0,000413282222991	-2,58404908984e-05	0,000773987262534	0,00010214570628	0,000773987262534	-0,000104867280375	4,03869453436e-05	0,000838467212034
114300	0,000147132670004	0,000103181698911	0,0	4,39501945057e-05	4,39501945057e-05	0,000352327834997	-0,000308377694807	0,000103181698911	0,0	-4,97361751594e-05	0,000554331098264	0,000522639107146	8,51370140054e-05	0,000522639107146	-0,000112282344532	0,00103200323542	-0,000397082046283
115200	0,00326224019877	0,00113128573534	0,0	0,00213098817127	0,00213098817127	0,000951859456924	0,00117913419051	0,00113128573534	0,0	0,00118146970127	-0,000402600362388	0,0014966945445	0,000413468743491	0,0014966945445	0,000301383226112	0,000640209611719	0,00124712172844
116100	0,000783965253836	0,00028315073948	0,0	0,00050081451522	0,00050081451522	0,000766951731521	-0,000266137216123	0,00028315073948	0,0	-0,000585908951188	0,000523716656361	-0,000214498572132	0,000435457016348	-0,000214498572132	0,000404129894177	-0,00125301963143	-5,76268457029e-05
117000	0,00192013470816	0,000597017975312	0,0	0,00132311673453	0,00132311673453	0,000215813017982	0,00110730371743	0,000597017975312	0,0	0,00131881316741	0,000310747104632	0,00170791858198	0,000518659665027	0,00170791858198	-0,000400155410213	0,00115582526364	0,00095224872745
117900	-0,00570923359889	-0,0018552653026	0,0	-0,00385400335052	-0,00385400335052	-0,00195408493286	-0,00189992401451	-0,0018552653026	0,0	-0,00152749704741	-0,000286102579551	-0,00275613436028	-0,000912739464405	-0,00275613436028	0,000283382658262	-0,00118839909834	-0,00185111998009
118800	0,00316687504182	0,00117539797854	0,0	0,00205217682341	0,00205217682341	0,00105710769343	0,00105574015783	0,00117539797854	0,0	0,000731903979202	0,000713065147488	0,00240395720336	0,000277085519009	0,00240395720336	-0,000266216285976	0,00174786965582	0,00171727266763
119700	-0,00983860686813	-0,00339565536075	0,0	-0,00593591489188	-0,00593591489188	-0,00273326660897	-0,00269560425174	-0,00339565536075	0,0	-0,00247854899971	-0,0016532890045	-0,00478636529471	-0,00223408687341	-0,00478636529471	0,000165387431823	-0,0022445783986	-0,00186935689621
120600	0,0131998796284	0,00353920942777	0,0	0,00722553303757	0,00722553303757	0,00347196841178	0,00131844412593	0,00353920942777	0,0	0,00223532607301	0,00161156376526	0,00192448879387	0,00302652999143	0,00192448879387	-0,00036471284461	-0,000571976173315	-0,000638971616918
121500	-0,0110733323946	-0,00280690839439	0,0	-0,00611130230968	-0,00611130230968	-0,00364432177325	-0,000311869972234	-0,00280690839439	0,0	-0,00139286866241	-0,00257197967014	-0,00216963577063	-0,00244705069601	-0,00216963577063	0,000259675143105	0,000256509644968	-0,000530754331242
122400	0,00862500624709	0,00197839114981	0,0	0,00426278398193	0,00426278398193	0,00173107925402	0,000147883686195	0,00197839114981	0,0	0,00207460498296	0,00434731180439	0,00326722297826	0,00274930386363	0,00326722297826	0,000170482132003	0,000131637997571	0,00177729134543
123300	0,00644874376782	0,0018030369384	0,0	0,00466227421747	0,00466227421747	0,00292034093734	0,00175851070893	0,0018030369384	0,0	-0,000435547962411	-0,00209614500031	-0,000847754496223	0,000135685140661	-0,000847754496223	0,000115780630186	-0,000252423398128	-0,00189048951027
124200	-0,000111644223984	0,000157333251045	0,0	-0,00042471557457	-0,00042471557457	-0,000863257222737	0,000282805076602	0,000157333251045	0,0	0,00105767870679	0,000531016570062	0,00125726975859	0,000333028602507	0,00125726975859	-0,000580961028265	0,000667432262064	0,00128067312468
125100	0,0118819566488	0,00366987361192	0,0	0,00776444896951	0,00776444896951	0,00484847633036	0,00246836759761	0,00366987361192	0,0	0,00205425948706	0,0015141189194	0,00478078898849	0,00200989868378	0,00478078898849	0,000215204110622	0,00167270830553	0,00287572932215
126000	-0,00445183766416	-0,00131836812745	0,0	-0,00281361849229	-0,00281361849229	-0,00144170362695	-0,00105207849512	-0,00131836812745	0,0	-0,0008021085873	-0,000114252415975	-0,000526217706938	-0,00138869572085	-0,000526217706938	0,000945315416466	0,00133494931323	-0,000596038870843
126900	0,000837298786654	6,53118167281e-05	0,0	0,00050363660408	0,00050363660408	5,74806437462e-05	0,000177812630167	6,53118167281e-05	0,0	0,000144090447192	-0,000293590876364	0,000256603717559	-0,000609127774078	0,000256603717559	-2,59083906071e-06	0,000575094808307	-0,00058941515009
127800	-0,00493288246641	-0,00136596180869	0,0	-0,00310865168453	-0,00310865168453	-0,00137576111032	-0,00127463859418	-0,00136596180869	0,0	-0,00127513147184	0,000135734939259	-0,00196041664584	-8,67124599903e-05	-0,00196041664584	-0,00038432702695	-0,00187657241298	-9,94752291835e-06
128700	0,00783829934535	0,00272449884003	0,0	0,00464527079902	0,00464527079902	0,00214495079901	0,0020318117823	0,00272449884003	0,0	0,00282224848712	0,000201415923302	0,00391507954274	0,00136461319348	0,00391507954274	0,000534838883407	0,00218997776433	0,00179147843879
129600	-0,001507861588	-0,000429918640608	0,0	-0,000911545473483	-0,000911545473483	-0,000650481940389	-9,46722897329e-05	-0,000429918640608	0,0	0,000227760218662	0,000352345496855	-0,000168705603014	0,000485274605838	-0,000168705603014	-0,000790837238991	-0,000301961863123	-0,00049120062266
130500	-0,00606062272924	-0,00194091897352	0,0	-0,00399984567023	-0,00399984567023	-0,00161878585829	-0,0022612143174	-0,00194091897352	0,0	-0,00149731769368	-0,000710811300467	-0,00230317018247	-0,00172605067767	-0,00230317018247	0,000657613804471	-0,000632668391464	-0,000893064700632
131400	0,000857554764384	3,58597341442e-05	0,0	0,000706763151071	0,000706763151071	0,000391566945602	0,000200268235822	3,58597341442e-05	0,0	-0,000311225271239	0,000379308700673	-0,000431405101764	0,000420422279808	-0,000431405101764	-0,00111495751132	-0,000624865755733	-0,00103642261863
132300	-0,000251765751209	-9,48658474905e-05	0,0	-4,383265001e-05	-4,383265001e-05	-0,000292508619062	0,000361740996146	-9,48658474905e-05	0,0	-4,35986046139e-05	-0,000607729699432	-0,000622220354716	-1,09130864226e-05	-0,000622220354716	0,000185274532442	-3,53737196235e-05	-0,000288512916038
133200	-0,00237497267268	-0,000781501881182	0,0	-0,00139472495701	-0,00139472495701	-0,00072238521732	-0,000473600793086	-0,000781501881182	0,0	-0,00135321105588	0,000418263108416	-0,00150382338994	-1,38988263867e-05	-0,00150382338994	-6,54074562808e-05	-0,00167943248773	-0,00031692970147
134100	-0,0106503840726	-0,00346223280948	0,0	-0,0065721155671	-0,0065721155671	-0,00362672427838	-0,00232942873407	-0,00346223280948	0,0	-0,00280568640879	-0,00172638730062	-0,00420988617254	-0,00316851390488	-0,00420988617254	0,000529811466998	-0,00151202706646	-0,000926303140706
135000	0,0080415191547	0,00261901759234	0,0	0,00505906515005	0,00505906515005	0,00279232934633	0,00190336514307	0,00261901759234	0,0	0,00206526473646	0,000780835015678	0,00361359220297	0,00148819869302	0,00361359220297	0,000266827482259	0,00181999065863	0,00169711854041
135900	0,0046540148028	0,00153345436622	0,0	0,00284827592326	0,00284827592326	0,0017095172426	0,000866484959749	0,00153345436622	0,0	0,00126193011844	0,000143760793408	0,00153297287017	0,00113391595345	0,00153297287017	-8,46097198388e-05	0,000533811717024	0,000642298143142
136800	-0,00939689617064	-0,0028107969465	0,0	-0,00600008905612	-0,00600008905612	-0,00297139102697	-0,00244270884926	-0,0028107969465	0,0	-0,0018026280678	-0,000639418135816	-0,00304919973404	-0,00161768407127	-0,00304919973404	0,000224971179697	-0,000617456432583	-0,00162081883619
137700	0,0163974841505	0,00529135260446	0,0	0,0102520148131	0,0102520148131	0,00557482863412	0,00382310638923	0,00529135260446	0,0	0,00412621095633	0,00258059666085	0,00740944624904	0,00373469249471	0,00740944624904	-0,000317449397444	0,00314526675194	0,0030927219086
138600	0,00890134311482	0,00274764001757	0,0	0,00555489671665	0,00555489671665	0,00272410566491	0,00223201631861	0,00274764001757	0,0	0,00240674025406	0,00055449459536	0,00352250372752	0,00158764446059	0,00352250372752	0,000398200308292	0,00145415731149	0,00186783064096
139500	-0,0274999195898	-0,00886379701753	0,0	-0,0172147529419	-0,0172147529419	-0,00961950934201	-0,0061739445834	-0,00886379701753	0,0	-0,00679577831253	-0,00278681414457	-0,0114315179854	-0,00559368288181	-0,0114315179854	-0,00063759273233	-0,00530331765394	-0,00534462862541
140400	-0,00899173912961	-0,00281913948868	0,0	-0,00567625780536	-0,00567625780536	-0,00287758892485	-0,00230235397712	-0,00281913948868	0,0	-0,00192771423374	-0,00149295031203	-0,00432969231034	-0,00141382354467	-0,00432969231034	-0,000478907882874	-0,00187627658389	-0,00243604396829
141300	-0,00482750864186	-0,00100171101435	0,0	-0,00234263180381	-0,00234263180381	-0,00114183381327	0,000282378690117	-0,00100171101435	0,0	-0,00119150408689	-0,00134578159556	-0,00159820464385	-0,000986837132797	-0,00159820464385	0,000131387226222	-0,00101667591086	0,00034190519178
142200	-0,00254966866201	-0,00075931335652	0,0	-0,00158154237224	-0,00158154237224	-0,000793531084748	-0,000579199765099	-0,00075931335652	0,0	-0,00059748405525	0,000156209703894	-0,000595060062127	-0,000709135357797	-0,000595060062127	-0,000180811954595	0,000462949095257	-0,000338877960132
143100	0,00323064248339	0,00104177521642	0,0	0,00207691769711	0,00207691769711	0,00117530567512	0,000789664546043	0,00104177521642	0,0	0,000793232988852	0,000275928575571	0,000731608633847	0,000715523187297	0,000731608633847	-0,000146943152881	0,000273463373159	0,000163633269794
144000	0,0093625549947	0,00312171572657	0,0	0,00578824008088	0,00578824008088	0,00335957313531	0,00197609087455	0,00312171572657	0,0	0,00250641937638	0,0010592759417	0,0057348859449	0,00189344442751	0,0057348859449	0,000401729963713	0,00324118046287	0,00247848355802
144900	-0,000432510663993	-0,000144400473908	0,0	-0,00028810827796	-0,00028810827796	-0,000267990543546	-2,01174168869e-05	-0,000144400473908	0,0	-0,000107150243644	-1,07577533773e-05	-0,000514164174876	0,000251856215432	-0,000514164174876	0,000249394939782	-0,000826748985581	-0,000775891285927
145800	-0,00139823126452	-0,000556332345415	0,0	-0,000841893054912	-0,000841893054912	-0,000457678284229	-0,000384213909445	-0,000556332345415	0,0	-0,000611164644813	-0,000270479180445	-0,00101330390434	-0,000424670511181	-0,00101330390434	-0,000131090905284	-0,000537246377404	-0,000344966180321
146700	0,00358672039024	0,00129415084876	0,0	0,00229255334326	0,00229255334326	0,00138632394529	0,000906226833539	0,00129415084876	0,0	0,000754993123592	0,000289122603742	0,00190733608052	0,000430926597916	0,00190733608052	-0,000451964637948	0,00109588049102	0,00143517958343
147600	-2,16868087554e-05	-6,77188771048e-05	0,0	4,60322765048e-05	4,60322765048e-05	-0,000155811595883	0,000201843815616	-6,77188771048e-05	0,0	0,000161260755109	-0,000670367073735	-0,000554284739907	-2,25400455032e-05	-0,000554284739907	0,000248724420666	-0,00062561803409	-0,000349151135656
148500	0,00251575126684	0,000779098735423	0,0	0,00173669078314	0,00173669078314	0,000896032458501	0,000840664515539	0,000779098735423	0,0	0,000478754755575	-0,000194089774996	0,000896175884504	0,000167596850836	0,000896175884504	-0,000263391101286	0,000281584111067	0,00102041179039
149400	0,00355492000236	0,000836288204632	0,0	0,00271863180072	0,00271863180072	0,00250295116329	0,000215680637094	0,000836288204632	0,0	-0,000347485610299	0,000181333741636	0,00033685781283	0,000333278523179	0,00033685781283	2,44797261827e-05	0,000475997894335	-0,000306046813141
150300	-0,00283055976099	-0,000760670592946	0,0	-0,00206988917062	-0,00206988917062	-0,00145409001569	-0,000615799154285	-0,000760670592946	0,0	-0,000212466610554	0,000490108862041	-0,00055198716279	6,89588207082e-05	-0,00055198716279	0,000299942946392	-0,000498533340086	-0,000353396769668
151200	0,00306144444135	0,000898153178247	0,0	0,00216329126598	0,00216329126598	0,00168537389111	0,0004779173737	0,000898153178247	0,0	0,000396916536531	0,000851729035515	0,00153438804128	0,000612410711184	0,00153438804128	6,88535741991e-05	0,000802756884005	0,000662777582809
152100	-0,000170029898906	3,82293233286e-05	0,0	-0,000208259222268	-0,000208259222268	-0,000324589395073	0,000116330173506	3,82293233286e-05	0,0	-0,000314405947658	-0,000321482108864	-0,000372946128681	-0,000224712604513	-0,000372946128681	7,15177946533e-05	-0,000353906824566	-9,05570987712e-05
153000	0,000172917679468	0,000398476967113	0,0	-0,000225559287349	-0,000225559287349	-0,00095174116093	0,00072618187494	0,000398476967113	0,0	0,00143576875784	0,000518138891867	0,00186571209807	0,000486672516632	0,00186571209807	-0,000483903964683	0,00142842190872	0,000921194154911
153900	0,00166991898628	0,000633035797646	0,0	0,00103688319165	0,00103688319165	0,000787018947077	0,000249864243676	0,000633035797646	0,0	0,000538195944601	0,000463162596456	0,00125697809297	0,000377416246073	0,00125697809297	-4,9272268983e-07	0,000599347239978	0,000658123576276
154800	0,000586224347919	0,000309544732907	0,0	0,000276679616075	0,000276679616075	0,000192042290917	8,4637325145e-05	0,000309544732907	0,0	0,000757366637305	0,000384945892107	0,00107643440457	0,000375422859956	0,00107643440457	0,000159940297644	0,000555550967141	0,000784045450079
155700	-0,000380207502496	-0,000194178224403	0,0	-0,000186029278495	-0,000186029278495	-0,000176529509231	-9,49976876145e-06	-0,000194178224403	0,0	-0,000365771753512	4,58068605882e-05	-0,000295166970425	-0,000218976147067	-0,000295166970425	6,52683393201e-05	-0,000114425985574	-0,000115472644974
156600	-0,00156389498106	-0,000456067873533	0,0	-0,00110782711004	-0,00110782711004	-0,000652820845945	-0,000455006263969	-0,000456067873533	0,0	0,000167574139766	-0,000469834471435	-0,000486995989486	-0,000271332216446	-0,000486995989486	0,000370788513537	0,000425351241743	-0,000541558718536
157500	0,00190925185713	0,000411241545545	0,0	0,00149801031359	0,00149801031359	0,00118480526118	0,000313205052384	0,000411241545545	0,0	-0,00146217007177	-0,000601322678331	-0,0014146699454	-0,000237581260277	-0,0014146699454	-0,000556767286718	-0,000963323227315	-0,00100811400485
158400	-0,00131803773032	-0,00047940283847	0,0	-0,00083863489393	-0,00083863489393	-0,000656568356346	-0,000182066537922	-0,00047940283847	0,0	-0,000126434124548	-0,000604604410904	-0,00102926516175	-0,000181176211116	-0,00102926516175	0,000561663319596	-0,00144935458193	-0,000323255343965
159300	-0,000860900842524	-0,000351396529611	0,0	-0,000509504314232	-0,000509504314232	-0,000250768523211	-0,000258735791383	-0,000351396529611	0,0	-0,000590781637824	0,000342361151679	-0,000148205075352	-0,000451611940838	-0,000148205075352	-0,000453669866264	0,000529115977086	0,000174017163883
160200	-0,00401829736702	-0,00135408856227	0,0	-0,00266420880822	-0,00266420880822	-0,00208294644482	-0,000581262363876	-0,00135408856227	0,0	0,00010774630308	-0,000528170988558	-0,00142627720577	-0,000348236040941	-0,00142627720577	-0,000120352514941	-0,000803972765118	-0,000899620273529
161100	0,000297171123883	0,000201127365809	0,0	9,60437583765e-05	9,60437583765e-05	0,00039233052183	-0,000296286762857	0,000201127365809	0,0	0,000173331480732	0,000326500732651	0,000510940129748	0,00019001944925	0,000510940129748	2,51911138135e-05	0,000398827623484	0,000294266942227
162000	-0,00116370534113	-0,000382435733264	0,0	-0,000781315702917	-0,000781315702917	-0,00039181958862	-0,000389503555049	-0,000382435733264	0,0	-0,000179778693134	-0,000193929266512	-0,000728886417327	-2,72684465394e-05	-0,000728886417327	0,000151034076834	-0,000553283663575	-0,000533984860447
162900	0,000510832903498	0,000201226288177	0,0	0,000309652709812	0,000309652709812	2,5822394328e-05	0,000283837756331	0,000201226288177	0,0	0,000147432317611	0,000116889170175	0,000315205910119	0,00015035303559	0,000315205910119	5,15076695121e-05	0,000164843163075	9,88575576144e-05
163800	-0,000341654295489	-0,000210769645426	0,0	-0,0001308846503	-0,0001308846503	-0,000120831542558	-1,00531081915e-05	-0,000210769645426	0,0	-0,000309673425115	7,48630338039e-05	-0,000222289507363	-0,00022329052772	-0,000222289507363	-0,00020014230875	-7,40764357818e-05	5,19292346306e-05
164700	-0,00165527555642	-0,000630890602564	0,0	-0,00102442291682	-0,00102442291682	-0,000453665160457	-0,00057076406188	-0,000630890602564	0,0	-0,000743887473982	-0,000316127281011	-0,00126752430377	-0,000423389677882	-0,00126752430377	-0,000100371688964	-0,000640299945608	-0,000515453501434
165600	-0,000328112066358	-0,000114782394569	0,0	-0,00021332802387	-0,00021332802387	-0,000102340476267	-0,000110987276042	-0,000114782394569	0,0	-0,000174680805623	-0,000248045287966	-0,000232831019723	-0,000304676977853	-0,000232831019723	0,000184076271596	9,61648339927e-05	-0,000144919492043
166500	7,139152419e-05	6,60808605884e-05	0,0	5,31024555799e-06	5,31024555799e-06	-2,28686952683e-05	2,81789336741e-05	6,60808605884e-05	0,0	0,000147219231793	-7,14270177889e-05	8,61783892648e-05	5,56944503319e-05	8,61783892648e-05	-0,0001673446456	-0,000596846909179	0,00047081632877
167400	-0,00117750295321	-0,000414714908089	0,0	-0,000762782393936	-0,000762782393936	-0,000584491676056	-0,000178289796418	-0,000414714908089	0,0	-0,000161689470204	-3,25661250921e-05	-0,000396056321619	-0,000212912989637	-0,000396056321619	3,59195103793e-05	1,93562817373e-05	-0,000451331906817
168300	-0,00121771211728	-0,000421291997914	0,0	-0,000796414781381	-0,000796414781381	-0,000530248046088	-0,000266165855099	-0,000421291997914	0,0	-0,000401193952434	-0,00012948590671	-0,000638401712366	-0,000313568875215	-0,000638401712366	-3,44721467452e-05	-0,000607446223906	5,12759461642e-05
169200	0,000507830340993	0,000133108935729	0,0	0,000374719296507	0,000374719296507	0,000252251973327	0,000122466919586	0,000133108935729	0,0	6,42496035679e-05	-0,000246196883487	-5,84946851611e-05	9,65608524605e-06	-5,84946851611e-05	9,38435851637e-05	0,000265130903081	-0,000229781979079
170100	-8,51706596681e-05	-4,01747995675e-05	0,0	-4,49954773179e-05	-4,49954773179e-05	0,000125624441389	-0,000170619867738	-4,01747995675e-05	0,0	5,77981367368e-05	4,35081872693e-05	-7,85820373428e-05	0,000139713634483	-7,85820373428e-05	8,82860163306e-05	-0,000246280724255	-0,000156033452483
171000	-0,0019248110251	-0,000591278102909	0,0	-0,00133352532781	-0,00133352532781	-0,000615481224078	-0,000718042758807	-0,000591278102909	0,0	-0,000280335598705	6,82583938642e-05	-0,000662671716976	-0,000140682167819	-0,000662671716976	-6,44222944093e-05	-0,000313857255221	-0,000284391914207
171900	2,41506249771e-05	5,67093336169e-05	0,0	-3,25588534241e-05	-3,25588534241e-05	-0,000128243159432	9,56843377174e-05	5,67093336169e-05	0,0	0,00013237168233	1,52246289453e-06	0,000161597738099	2,90055591456e-05	0,000161597738099	9,13858802601e-05	1,15899329532e-05	5,86218716347e-05
172800	-0,000154092604171	-6,91945685207e-05	0,0	-8,48974539641e-05	-8,48974539641e-05	-8,35909186525e-05	-1,30645728891e-06	-6,91945685207e-05	0,0	0,000115942280847	6,04472333765e-05	2,68894340637e-05	8,03055854408e-05	2,68894340637e-05	1,62730453686e-05	0,000191649412601	-0,000181033026732
173700	-0,00143139992028	-0,000519221037927	0,0	-0,000912174010045	-0,000912174010045	-0,000451947944792	-0,000460225293649	-0,000519221037927	0,0	-0,000611054682759	7,06783274852e-05	-0,00058255429457	-0,000477041885986	-0,00058255429457	-0,000196282973516	-0,000173734530859	-0,000212536598121
174600	0,00085019554211	0,000299173929544	0,0	0,000551018813169	0,000551018813169	0,000493780900174	5,72374543481e-05	0,000299173929544	0,0	0,000125496715323	0,000193086402324	0,000265279602678	0,000352476806712	0,000265279602678	0,000343061879004	-7,64723827584e-05	-1,30995577058e-06
175500	-0,00193054333594	-0,000661094301411	0,0	-0,00126944304884	-0,00126944304884	-0,000892925075562	-0,000376516983517	-0,000661094301411	0,0	-0,000517418575292	-0,000492693101239	-0,00115037798812	-0,00052082650561	-0,00115037798812	0,000145994341468	-0,000663623749935	-0,000632748209165
176400	-0,00106452788258	-0,000449878367612	0,0	-0,00061464668996	-0,00061464668996	-0,000368062410877	-0,000246583877268	-0,000449878367612	0,0	-0,000387734114584	-0,00022388947862	-0,000799932157742	-0,000261568986559	-0,000799932157742	-0,000202165326848	-0,000440496806485	-0,000157269836453
177300	-7,94297775847e-05	7,24193388637e-05	0,0	-0,000151849000737	-0,000151849000737	-0,000225174004223	7,33250963577e-05	7,24193388637e-05	0,0	0,000288124360045	0,000205736373594	0,000219055537185	0,000347224327067	0,000219055537185	0,000287545876011	2,55661318167e-05	-9,40565084096e-05
178200	-0,000524766872207	-0,000217268664898	0,0	-0,000307496973711	-0,000307496973711	-0,000197005470583	-0,000110491326856	-0,000217268664898	0,0	-0,000214730614122	-0,0001344430541	-0,000139721006021	-0,000426720976265	-0,000139721006021	-0,000502553578197	0,000330523858758	3,2308724949e-05
179100	0,00103538746233	0,00036731243432	0,0	0,000668072551009	0,000668072551009	0,000600982885465	6,70892646715e-05	0,00036731243432	0,0	6,57772495397e-05	0,000295842422719	0,000483374195559	0,000245557338987	0,000483374195559	4,4662011522e-05	0,00019199316544	0,000246718901092
180000	-0,00121859158468	-0,000434030015782	0,0	-0,00078455869038	-0,00078455869038	-0,000558200779622	-0,000226357446897	-0,000434030015782	0,0	-0,00026963360969	-0,00033734426566	-0,000619535550589	-0,000421471630589	-0,000619535550589	-0,000160971097425	-0,000319460860451	-0,00012202970001
180900	-0,000955638527561	-0,000378144288552	0,0	-0,000577492315265	-0,000577492315265	-0,000392945886076	-0,00018454614016	-0,000378144288552	0,0	-0,000331625660128	-0,000364197804774	-0,000834134411068	-0,000239832787477	-0,000834134411068	0,000135450811248	-0,000575822659755	-0,000410836146378
181800	-0,000156715832394	-6,19421240938e-05	0,0	-9,47734234267e-05	-9,47734234267e-05	-4,17431676375e-05	-5,30302130879e-05	-6,19421240938e-05	0,0	-0,000112198167266	0,000158698513595	3,38258269877e-05	-4,92675473002e-05	3,38258269877e-05	-3,83910080897e-05	2,06228561742e-05	5,15939701602e-05
182700	-2,19384964197e-06	4,35702317533e-05	0,0	-4,57641016315e-05	-4,57641016315e-05	-9,39269839225e-05	4,81629027301e-05	4,35702317533e-05	0,0	0,000230287211411	-2,08579840577e-05	0,000166078160693	8,6921211865e-05	0,000166078160693	-1,37531700619e-05	0,000151283510167	2,85477935248e-05
183600	0,000132545024295	2,79954692931e-05	0,0	0,000104549327602	0,000104549327602	6,79205379173e-05	3,66287430345e-05	2,79954692931e-05	0,0	2,23890564465e-06	6,93450578772e-05	0,000115291217718	-1,57118261925e-05	0,000115291217718	-4,52585609536e-05	0,000144842859768	0,000108876787938
184500	-0,00043286220224	-0,000131359585167	0,0	-0,000301501874108	-0,000301501874108	-0,000106593589168	-0,000194908153165	-0,000131359585167	0,0	-0,000127677004502	2,24971744254e-05	-0,000186688680618	-4,98505827167e-05	-0,000186688680618	8,68999624425e-06	-8,62171219303e-05	-9,17815283391e-05
185400	0,000534548927971	0,000156110434124	0,0	0,00037843757112	0,00037843757112	0,000231947918334	0,000146489485073	0,000156110434124	0,0	-0,00013552674807	-2,5632904086e-05	-5,63808717931e-05	5,13315378847e-05	-5,63808717931e-05	9,97663196082e-05	-0,00018890320825	-7,77938542464e-05
186300	-0,000956529758155	-0,000331792202022	0,0	-0,000624735946247	-0,000624735946247	-0,000451936600354	-0,000172799080086	-0,000331792202022	0,0	2,8965349296e-05	-0,000129434313498	-0,00028689084661	-0,000145370003992	-0,00028689084661	-2,00913492598e-05	-0,000126263380943	-0,000140536070751
187200	0,000353836616884	0,000126782030404	0,0	0,000227054024908	0,000227054024908	0,000185758057736	4,12958769701e-05	0,000126782030404	0,0	5,01704357873e-05	0,000106545971636	0,000200265921019	8,32323833802e-05	0,000200265921019	-4,53506810228e-05	0,00015743223413	8,81843335201e-05
188100	-0,000166617648121	-5,06528656401e-05	0,0	-0,000115964517433	-0,000115964517433	-2,54166533267e-05	-9,05478170321e-05	-5,06528656401e-05	0,0	-1,37932578142e-05	-3,95402913262e-05	-6,96626818861e-05	-3,43236799065e-05	-6,96626818861e-05	-2,69025355076e-05	-2,14195990633e-05	-2,13405382968e-05
189000	3,58522548929e-05	2,08565952613e-05	0,0	1,49955987408e-05	1,49955987408e-05	-2,29391626436e-05	3,79347556065e-05	2,08565952613e-05	0,0	-6,08606887106e-05	-3,37803930639e-05	-9,52662045303e-05	2,14817182349e-05	-9,52662045303e-05	7,35097754078e-05	-0,000100641845259	-6,81341149424e-05
189900	-0,000129812918129	-3,96071781284e-05	0,0	-9,0205537847e-05	-9,0205537847e-05	-8,93425806967e-05	-8,62921491528e-07	-3,96071781284e-05	0,0	3,24951454568e-05	5,62741155992e-05	2,24081716434e-05	2,67539334378e-05	2,24081716434e-05	9,91259824418e-05	-6,52887572137e-05	-1,14290547136e-05
190800	-8,01528526474e-06	-2,62749533265e-05	0,0	1,82596916049e-05	1,82596916049e-05	-1,5331922068e-05	3,35916064831e-05	-2,62749533265e-05	0,0	-2,68883421182e-05	-7,65841627146e-05	-4,73624770495e-05	-8,23849470678e-05	-4,73624770495e-05	-7,73553779537e-05	2,3451946274e-05	6,54095970421e-06
191700	0,000536359174317	0,00017063218664	0,0	0,000365726115654	0,000365726115654	0,000270529442622	9,51965210986e-05	0,00017063218664	0,0	7,83246671188e-05	-1,19366620198e-05	0,000186543694837	5,04763304752e-05	0,000186543694837	-0,000111233799728	0,000199558394203	9,82190671009e-05
192600	0,000599430096074	0,000226284242709	0,0	0,000373144744648	0,000373144744648	0,000259178591522	0,000113965978797	0,000226284242709	0,0	0,000278049428758	0,000189608930952	0,000559641331376	0,000134300947716	0,000559641331376	5,56542651108e-05	0,000198415971779	0,000510366067099
193500	-0,000628306185402	-0,000217021005515	0,0	-0,000411284031429	-0,000411284031429	-0,000316565594398	-9,47182462116e-05	-0,000217021005515	0,0	-0,000175994704025	-0,000239872932966	-0,00054074430055	-9,2144040619e-05	-0,00054074430055	-1,24803744962e-05	-0,000214482666005	-0,000518576234072
194400	0,000364024962013	0,000138610673212	0,0	0,000225413632269	0,000225413632269	0,000104398240834	0,000121015290106	0,000138610673212	0,0	0,000115830256831	0,000109854770141	0,000199876793599	0,000164418734268	0,000199876793599	0,000229863190178	-5,23111562203e-05	2,23247339961e-05
195300	0,000328662771429	8,28050429712e-05	0,0	0,000245857121924	0,000245857121924	6,2682306009e-05	0,000183174696546	8,28050429712e-05	0,0	3,44415569517e-05	-0,000109553438289	0,000102710313136	-9,50172367727e-05	0,000102710313136	-0,00020233261592	0,000210478789461	9,45641125351e-05
196200	0,000516369546083	0,000191176635231	0,0	0,000325191848045	0,000325191848045	0,000299852977159	2,53387036162e-05	0,000191176635231	0,0	2,87175469371e-05	0,000265493940876	0,000362472197501	0,000122915661472	0,000362472197501	-7,58362356608e-05	0,000220328004272	0,000217980353634
197100	0,000325052525104	0,000112865400165	0,0	0,000212186414239	0,000212186414239	0,000201110071378	1,10762247762e-05	0,000112865400165	0,0	0,0001597256727	2,39826448893e-06	0,000188593340909	8,63958198579e-05	0,000188593340909	-2,23034850578e-05	7,05410557623e-05	0,000140355726238
198000	0,000247613659304	9,17635630521e-05	0,0	0,0001558495261	0,0001558495261	5,41556506766e-05	0,00010169378623	9,17635630521e-05	0,0	0,000114334002832	-3,55377982527e-05	-4,14418451096e-05	0,000212001488625	-4,14418451096e-05	0,000257178162715	-0,00016642956039	-0,00013219042459
198900	0,000195153972199	9,95323953125e-05	0,0	9,56210926927e-05	9,56210926927e-05	-3,07335868346e-05	0,000126354622889	9,95323953125e-05	0,0	0,000154245022343	-1,10079903021e-06	7,47815696596e-05	0,000177894882279	7,47815696596e-05	0,000168783526873	-0,000128789243079	3,4787275726e-05
199800	0,000243023182488	0,000101259211858	0,0	0,000141763365411	0,000141763365411	7,48166676448e-05	6,69466111144e-05	0,000101259211858	0,0	0,000170058075255	0,000283255643437	0,000626706336464	-7,21336791629e-05	0,000626706336464	-0,000270544887952	0,000656464424286	0,000240786636649
200700	0,0019118600773	0,000674266560308	0,0	0,00123758814414	0,00123758814414	0,000746548354449	0,000491038923117	0,000674266560308	0,0	0,000476736528786	0,000513918599558	0,00118414622317	0,000480774076915	0,00118414622317	-0,000148475088296	0,000486272436633	0,000898847953581
201600	0,00327452601227	0,00098495672285	0,0	0,00228955741691	0,00228955741691	0,00191073128248	0,000378823980614	0,00098495672285	0,0	0,000208696140356	0,000283425086298	0,000803828717629	0,000673247083595	0,000803828717629	0,000907011162971	6,06523698166e-05	-0,000216334502796
202500	-0,00160664183331	-0,000414243067161	0,0	-0,00119239257654	-0,00119239257654	-0,00124298258742	5,05912285741e-05	-0,000414243067161	0,0	0,000147724203236	-0,000236010450106	6,95124586952e-06	-0,000509479704385	6,95124586952e-06	-0,000911396122974	0,000263680017979	0,000698396803851
203400	0,00396258877914	0,00134044933823	0,0	0,0026221221912	0,0026221221912	0,0011867790222	0,00143534028423	0,00134044933823	0,0	0,00111372488718	-0,000506427082736	0,00146883316883	0,000478910272135	0,00146883316883	8,73400471608e-05	0,00111805880066	0,000438113734536
204300	0,000883288312505	0,000425755964452	0,0	0,000457527568009	0,000457527568009	0,000473636312256	-1,61093314471e-05	0,000425755964452	0,0	0,000494884478228	5,53351054291e-05	0,000867155528441	0,000108818393167	0,000867155528441	0,000358256349848	0,000690646874251	0,000534764467793
205200	0,00441251042533	0,00153763900508	0,0	0,00287491358205	0,00287491358205	0,0019571122809	0,000917808035635	0,00153763900508	0,0	0,000628309255291	0,000690722111573	0,00193252833878	0,000924152299427	0,00193252833878	-0,000336971723629	0,000477703342631	0,00111785572416
206100	-0,000165499368144	-0,000343280433164	0,0	0,000177781064645	0,000177781064645	-0,000458255234975	0,000636036300134	-0,000343280433164	0,0	-0,000424651128747	0,000494730104366	-5,05978108814e-05	-0,000222603647436	-5,05978108814e-05	0,000456698550359	0,000320861898577	8,52388392058e-05
207000	-0,00861202871242	-0,00249757913747	0,0	-0,00576583130598	-0,00576583130598	-0,00259496276417	-0,00282223165231	-0,00249757913747	0,0	-0,00121609163854	-0,000428284396786	-0,00338135396166	-0,000411967498412	-0,00338135396166	0,00076969963346	-0,00227795880366	-0,00269883227681
207900	0,000253622068576	-8,57065204803e-05	0,0	0,000549409704978	0,000549409704978	0,000868548203145	-0,000109057274996	-8,57065204803e-05	0,0	-0,000428375355711	-0,000301067390211	-0,000121518536497	-0,000483548651268	-0,000121518536497	-0,000292873128588	-0,000626642778325	0,00100807891022
208800	-0,0111635202586	-0,00378129702879	0,0	-0,00780986391403	-0,00780986391403	-0,00510273281933	-0,00223880558216	-0,00378129702879	0,0	-0,00295012512897	-0,000950937473165	-0,00499019647633	-0,00208690205901	-0,00499019647633	-0,000250515623603	-0,00177238024411	-0,000871979794829
209700	0,0100071001121	0,00261087267419	0,0	0,00551831312069	0,00551831312069	0,00143668197081	0,00130771590104	0,00261087267419	0,0	0,00450756343474	0,00109641611133	0,00348442447617	0,00181957981288	0,00348442447617	-0,000453108305237	0,00120716773348	-0,000949769356426
210600	-0,0103163167318	-0,0024459108134	0,0	-0,00533781476678	-0,00533781476678	-0,00089668958101	-0,00163096635107	-0,0024459108134	0,0	-0,0037444315201	-0,00104415240899	-0,00433894771784	-0,0019312936178	-0,00433894771784	0,000219321156841	-0,00187519180574	-0,000593696645671
211500	0,0212445193841	0,00625493854075	0,0	0,0121601884737	0,0121601884737	0,00672184879933	0,00233142260042	0,00625493854075	0,0	0,00550894900514	0,00302714243423	0,00992867793761	0,00360138664735	0,00992867793761	0,00192890391914	0,00566134057187	0,00424880642768
212400	-0,0170509748273	-0,00568392408083	0,0	-0,0105223743222	-0,0105223743222	-0,00602905047725	-0,00185697216623	-0,00568392408083	0,0	-0,0048844813155	-0,00203429244036	-0,00918234950363	-0,00257574850686	-0,00918234950363	-0,00237332629001	-0,00509171317153	-0,00458040788065
213300	0,0159857615714	0,00505376860338	0,0	0,0103231069357	0,0103231069357	0,00497552370386	0,00294701845458	0,00505376860338	0,0	0,00390964053422	0,00124182667521	0,00678361763668	0,00281279421829	0,00678361763668	0,000395757026526	0,00279291142372	0,00273868073997
214200	0,0107092193732	0,00338697396239	0,0	0,00671308410236	0,00671308410236	0,00389634479161	0,00220760302022	0,00338697396239	0,0	0,00159135624796	0,00164982505355	0,00405357561739	0,00196548146739	0,00405357561739	0,000251409321363	0,00178119586674	0,00191469874309
215100	-0,0210085730267	-0,00681267549507	0,0	-0,013470873787	-0,013470873787	-0,00815097033235	-0,00459494276727	-0,00681267549507	0,0	-0,00518665368026	-0,00298918385379	-0,00974031368779	-0,00452331332799	-0,00974031368779	-0,000142367370838	-0,00509833731821	-0,00405947586457
216000	0,0143467416195	0,00437434509997	0,0	0,00951332387743	0,00951332387743	0,00559015637092	0,00346414361214	0,00437434509997	0,0	0,0028273991301	0,000984144683987	0,00509468824701	0,00263222463607	0,00509468824701	-0,000240070223847	0,00253307629927	0,00186257682248
216900	0,0116338990696	0,00377496839664	0,0	0,0071537148628	0,0071537148628	0,00411711553866	0,00233141625631	0,00377496839664	0,0	0,00329045096237	0,00202290081359	0,0060975313467	0,00228565648811	0,0060975313467	0,000161940958194	0,00390583544519	0,00164851658914
217800	-0,0273536194983	-0,00875211063413	0,0	-0,0172646468964	-0,0172646468964	-0,00929937557538	-0,00662848687577	-0,00875211063413	0,0	-0,00654385846218	-0,0021917026994	-0,0104247720676	-0,00572621366334	-0,0104247720676	0,00149713280464	-0,00369495951556	-0,00389601599514
218700	0,0131073466144	0,00447458480117	0,0	0,00805889341296	0,00805889341296	0,00380022258647	0,00368484175863	0,00447458480117	0,0	0,00453488839191	0,000545634009928	0,0053157063086	0,00366561719558	0,0053157063086	-0,000931853318481	0,00229896895905	0,00151111143631
219600	0,0195285738992	0,00606952411661	0,0	0,0123646015585	0,0123646015585	0,0068071904291	0,00446301946385	0,00606952411661	0,0	0,00431101933086	0,00186887107261	0,00740746181499	0,00374764488425	0,00740746181499	-0,000220133470213	0,00328665675067	0,00280638126536
220500	0,0110413878466	0,00403136218106	0,0	0,00638410257979	0,00638410257979	0,00399880651216	0,00175941534535	0,00403136218106	0,0	0,00372418891309	0,00231457850662	0,00664297801989	0,00280135142334	0,00664297801989	0,00043092131965	0,00232225932071	0,00412585853536
221400	0,00692944887378	0,00226882650698	0,0	0,00446041860164	0,00446041860164	0,00190147030814	0,00235877005257	0,00226882650698	0,0	0,00209054604378	0,000561343658075	0,00324312826785	0,00147744974184	0,00324312826785	-9,86277571997e-05	0,00123179301983	0,00171257853638
222300	-0,0490523907875	-0,0158791524667	0,0	-0,0307301204579	-0,0307301204579	-0,0156831105583	-0,0126040605295	-0,0158791524667	0,0	-0,0127882702813	-0,00556411827538	-0,0219148066963	-0,00987403402686	-0,0219148066963	-0,000821295177376	-0,0109206231938	-0,00937283684242
223200	0,000505862724192	0,000597841288079	0,0	0,00214781604627	0,00214781604627	8,57271542344e-05	0,00430191416903	0,000597841288079	0,0	-0,00125871847718	-0,00103058203695	0,00189727695469	-0,00134891221984	0,00189727695469	0,000129225138636	0,00341437165418	0,000851960664368
224100	-0,00457182210822	-0,00223177609705	0,0	-0,0045214500719	-0,0045214500719	-0,00272421478275	-0,00397866018588	-0,00223177609705	0,0	0,000779239919901	0,00126529324517	-0,00302027541377	0,000651608950966	-0,00302027541377	0,000205792573745	-0,00387302131909	-0,00112288925643
225000	0,00153055053205	0,000196820437299	0,0	0,00141327306761	0,00141327306761	0,00111922909334	0,000373584215796	0,000196820437299	0,0	-0,00232122890535	-0,00109089468128	-0,00171092098275	-0,00142484307058	-0,00171092098275	7,27595531739e-05	-6,93638751145e-05	-0,000358185032778
225900	-0,00642512096962	-0,00153449054332	0,0	-0,00410425251758	-0,00410425251758	-0,0019536261693	-0,000247203050722	-0,00153449054332	0,0	0,00011792586735	0,000761273053454	-0,00107755598642	-0,000453257870626	-0,00107755598642	0,000460852547042	-0,000491025391927	-0,000821776613292
226800	0,0111415457535	0,00427582173436	0,0	0,00779278585634	0,00779278585634	0,00443602198539	0,00316681022033	0,00427582173436	0,0	0,00282240708074	-0,00109282600052	0,00503243837262	0,00201064491357	0,00503243837262	-0,00106636091741	0,00249582473897	0,00230800808495
227700	-0,00513225644805	-0,00184665341577	0,0	-0,00315760458443	-0,00315760458443	-0,00173451174167	-0,00129510886801	-0,00184665341577	0,0	-0,00214418819495	0,000182204007765	-0,00276719349681	-0,00127786668335	-0,00276719349681	9,89589653373e-05	-0,00162346447884	-0,00111470594371
228600	0,00149184272407	0,000630482276652	0,0	0,000758075829686	0,000758075829686	0,000715426788039	-6,06319208541e-05	0,000630482276652	0,0	0,00092645229792	-0,000548972859801	0,00166160997747	0,00115878836459	0,00166160997747	0,0005511845392	0,000658249775586	0,000348894876929
229500	0,00521342066669	0,00175969130955	0,0	0,00325773519125	0,00325773519125	0,00179654690457	0,00126521107436	0,00175969130955	0,0	0,00170843904244	0,000484231014166	0,00278901034246	0,000967372290163	0,00278901034246	-0,000115233751355	0,00124457392903	0,00146369523589
230400	0,00462414573729	0,00153779202697	0,0	0,00297701688033	0,00297701688033	0,00183134785763	0,00103630436133	0,00153779202697	0,0	0,000707680824772	0,00125830933862	0,00256031271547	0,000834107605196	0,00256031271547	-0,000481303084872	0,00136263127182	0,00156961624053
231300	-0,00362200407724	-0,00121638762321	0,0	-0,00240565460092	-0,00240565460092	-0,00156485143569	-0,000840809260317	-0,00121638762321	0,0	-0,00041788815982	-0,000591437073417	-0,00165089761295	-0,000574824623805	-0,00165089761295	0,000606043232663	-0,000852475645368	-0,00140446721042
232200	0,00252002555954	0,000888846660993	0,0	0,00163121704432	0,00163121704432	0,00109292574548	0,000538297394561	0,000888846660993	0,0	0,000168491052936	0,00050050420383	0,00135669115785	0,000201160139723	0,00135669115785	-0,000629320948759	0,000899401657734	0,00108661245736
233100	0,00203834863636	0,000550377776007	0,0	0,00148797086218	0,00148797086218	0,00128893782946	0,000199033032867	0,000550377776007	0,0	-0,000213044886125	0,000139622276709	0,00038367719801	9,32779689468e-05	0,00038367719801	-7,16191342846e-06	0,00023769382991	0,000153145282664
234000	-0,00307508655302	-0,00107171155698	0,0	-0,00200342080434	-0,00200342080434	-0,00119609539069	-0,000807333023571	-0,00107171155698	0,0	-0,000705520804437	6,96719697983e-05	-0,00122366350931	-0,000483907277607	-0,00122366350931	-0,000145429302258	-0,000456906112452	-0,000425110322936
234900	0,00262572756723	0,000723802159802	0,0	0,00190197121524	0,00190197121524	0,000447268792573	0,00145471003181	0,000723802159802	0,0	0,000554533704184	3,09775425852e-06	0,000607995042145	0,000673448971919	0,000607995042145	0,000579796294409	-0,000333350913565	0,000165331888219
235800	0,00140603934595	0,000404573911764	0,0	0,00100146543515	0,00100146543515	0,000178277972696	0,000823187463098	0,000404573911764	0,0	0,000315200758212	-0,000989895084	-0,000503521490022	0,00023340107505	-0,000503521490022	0,000465116625827	-0,000595678449805	-0,000372959664643
236700	-0,00181066727116	-0,000498992639483	0,0	-0,00131167463337	-0,00131167463337	-0,000615906970037	-0,000695767663868	-0,000498992639483	0,0	0,000355604801181	0,000362503008535	0,000141195166986	7,79200038146e-05	0,000141195166986	-0,000373377276528	0,00110439213371	-0,000589819692169
237600	-0,000304195324738	-3,15197808755e-05	0,0	-0,000272675543902	-0,000272675543902	0,000118237986616	-0,0003909135301	-3,15197808755e-05	0,0	-0,000235607039092	0,000173771926093	0,000140205944538	-0,000233560839563	0,000140205944538	-0,000486536355692	0,000174269795985	0,000452472505941
238500	0,00102326943886	0,000224764208173	0,0	0,000798505231444	0,000798505231444	0,000782464087765	1,60411434435e-05	0,000224764208173	0,0	-6,40621720561e-05	-0,000244130831113	-0,000271068487501	0,000187639694456	-0,000271068487501	0,000492087491911	-0,000340550622665	-0,000422605356754
239400	0,00200114630383	0,000829872623616	0,0	0,00117127368257	0,00117127368257	0,000422125485928	0,000749148196859	0,000829872623616	0,0	0,000774483980479	0,000557700932	0,00170035807739	0,000461699458895	0,00170035807739	9,80199860181e-05	0,000262409975461	0,00133992811565
240300	0,00153065231003	0,000723296923875	0,0	0,000807355387937	0,000807355387937	0,000362180757569	0,000445174630973	0,000723296923875	0,0	0,000881509261418	0,000215979966925	0,00118996896942	0,00063081718342	0,00118996896942	0,000801553647714	0,000606486343235	-0,000218071021524
241200	0,00053935081714	0,000145678747291	0,0	0,000393672070829	0,000393672070829	0,000280587661065	0,000113084409849	0,000145678747291	0,0	4,22688949125e-05	-0,000685611553923	3,36033651602e-06	-0,000501024248318	3,36033651602e-06	-0,00135049511629	0,000767757953491	0,000586097500459
242100	-0,000826877746472	-0,000246993396271	0,0	-0,000579884351366	-0,000579884351366	-0,000109544447981	-0,000470339902911	-0,000246993396271	0,0	-0,00017966466585	0,00107872950596	0,000106680932424	0,000545390510221	0,000106680932424	-0,000171668788654	0,000285140032922	-6,7903121258e-06
243000	0,00107517920236	0,000361771161384	0,0	0,000713408042695	0,000713408042695	0,000747684804562	-3,42767628784e-05	0,000361771161384	0,0	-0,000783946320061	-5,46094465455e-05	-0,000194209381134	-0,000282575224072	-0,000194209381134	2,1668093749e-05	0,000123272776385	-0,000339150249015
243900	0,00357751273719	0,00121258116004	0,0	0,00236493158299	0,00236493158299	0,00115102146552	0,00121391011798	0,00121258116004	0,0	0,00152360802538	0,00100506155721	0,00205053350903	0,00169071723346	0,00205053350903	0,000744528463595	0,0012129269715	9,30780733958e-05
244800	-0,00150201245684	-0,000635828430166	0,0	-0,000866184029806	-0,000866184029806	-0,000614184633764	-0,000251999396159	-0,000635828430166	0,0	-0,000960377775139	-0,000738021751602	-0,00200683463396	-0,000327393321629	-0,00200683463396	0,000128032397754	-0,00204459000315	-9,02770308355e-05
245700	-0,00265874006693	-0,00127130808193	0,0	-0,0013874319895	-0,0013874319895	-0,000903477054358	-0,000483954935523	-0,00127130808193	0,0	-0,00212226332802	-0,000684846076353	-0,00151475928256	-0,00256365820537	-0,00151475928256	-0,000910949170921	-9,34250979633e-05	-0,000238612215781
246600	-0,00396094936489	-0,00125008238106	0,0	-0,002710866988	-0,002710866988	-0,00183157177091	-0,000879295217752	-0,00125008238106	0,0	0,000598549954867	-0,000785363317967	-0,00114640195018	-0,00029049379461	-0,00114640195018	-1,66993775068e-05	-0,00038315795174	-0,000779943374559
247500	0,00105073122609	0,000278748646299	0,0	0,000771982580777	0,000771982580777	0,000619311429253	0,00015267115174	0,000278748646299	0,0	0,000196070405077	0,00010618995161	0,000305920183569	0,000275088821771	0,000305920183569	0,000151826570325	0,000298674135718	0,000159072617898
248400	0,000248798635521	0,000151354634326	0,0	9,74440019722e-05	9,74440019722e-05	-0,000225895814935	0,00032333981693	0,000151354634326	0,0	4,08144294687e-06	-4,19598313437e-05	-0,000120205017162	0,000233681260787	-0,000120205017162	-0,000226295981774	-0,000522460338597	0,000175959339095
249300	-0,00111491654226	-0,000346800724913	0,0	-0,000768115818961	-0,000768115818961	-0,000208149840896	-0,000559965977583	-0,000346800724913	0,0	-0,000355275021535	0,000317526518684	-0,000123246450972	-0,000261302775306	-0,000123246450972	7,74823967611e-05	0,000226977013369	-0,000272741066451
250200	-0,000692384666024	-0,000230758356157	0,0	-0,000461626310298	-0,000461626310298	-0,000343300072485	-0,000118326238571	-0,000230758356157	0,0	-0,000195527178485	-0,000216719023059	-0,000323060615969	-0,000319943942281	-0,000323060615969	-4,43818628922e-05	-0,000412785326197	4,53428478961e-05
251100	-0,00251401879062	-0,000560930675699	0,0	-0,00195313238227	-0,00195313238227	-0,001010157825	-0,000942981741618	-0,000560930675699	0,0	0,00038608856563	-4,1647477255e-05	-7,68190539187e-05	-0,000139681012529	-7,68190539187e-05	3,12230367429e-05	0,000351871547041	-0,000397469963016
252000	-0,00180198421904	-0,00061652618363	0,0	-0,00118544872614	-0,00118544872614	-0,000677846122941	-0,000507601068356	-0,00061652618363	0,0	-0,000450971054009	-0,00010365006986	-0,00123180325595	6,0658148057e-05	-0,00123180325595	0,000189370279127	-0,00119523420401	-0,000444020986047
252900	-8,34186067121e-06	3,50624009202e-05	0,0	-4,34042792674e-05	-4,34042792674e-05	-0,000111542195059	6,81379677656e-05	3,50624009202e-05	0,0	2,99200765829e-05	-0,000128978003496	0,000240411286312	-0,00030440693134	0,000240411286312	8,06095005552e-05	-0,000148236225968	0,000308037894816
253800	0,000854186633773	0,000296567317753	0,0	0,00055761503165	0,00055761503165	0,000282409143091	0,000275205192119	0,000296567317753	0,0	0,000412434623193	0,000375848918892	0,000842853890163	0,000241995686865	0,000842853890163	-0,000264002232808	0,000511405377598	0,000595450257565
254700	2,61415177356e-05	-4,17620159631e-05	0,0	6,7903481861e-05	6,7903481861e-05	-9,86399737174e-05	0,000166543363328	-4,17620159631e-05	0,0	-2,23183629255e-05	-0,000173380519048	-0,000237617263423	1,56596878129e-07	-0,000237617263423	0,00014740519282	3,96193835564e-05	-0,00042464167413
255600	-0,00181114627936	-0,000646799522425	0,0	-0,00116433793514	-0,00116433793514	-0,000611565438178	-0,000552771077419	-0,000646799522425	0,0	-0,000502882545365	-0,000102498560469	-0,000866080497893	-0,000386098023958	-0,000866080497893	-5,71543134431e-05	-0,000350980993169	-0,00045794475406
256500	-0,00170240585045	-0,000642391193703	0,0	-0,00106000734336	-0,00106000734336	-0,000636113157541	-0,000423893050033	-0,000642391193703	0,0	-0,000580859850455	-0,00047714644683	-0,00143013936453	-0,000270256090471	-0,00143013936453	0,000330288508187	-0,000957664489308	-0,000802762733572
257400	-3,90641229259e-05	4,45474958197e-05	0,0	-8,36115353008e-05	-8,36115353008e-05	5,25520398731e-05	-0,000136163488958	4,45474958197e-05	0,0	-1,17718347293e-05	0,000283060373113	0,000182553978259	0,000133281879102	0,000182553978259	0,000138262953868	-2,6716340404e-05	7,1007303655e-05
258300	-0,000598567636982	-0,000242553471666	0,0	-0,000356011816314	-0,000356011816314	-0,000410979942031	5,49684627115e-05	-0,000242553471666	0,0	-6,71844958669e-05	-0,000326686793914	-0,000337082082205	-0,000299342040654	-0,000337082082205	-0,000150665963517	-4,05178052783e-05	-0,000145898197378
259200	-0,000763045136571	-0,000304786889737	0,0	-0,000458255440792	-0,000458255440792	-0,000236151261131	-0,000222103758687	-0,000304786889737	0,0	-0,00042874004545	-5,23952853892e-05	-0,000519315664207	-0,000266605750468	-0,000519315664207	-0,000178880411923	-7,27429531375e-05	-0,000267692127597
260100	-0,00124242038948	-0,000322087409188	0,0	-0,000920329013446	-0,000920329013446	-0,000145560855291	-0,000774767393662	-0,000322087409188	0,0	-0,000168774065927	0,000251629354131	-0,000101045841909	-0,00013818570392	-0,000101045841909	-0,000263817020133	6,98531225814e-05	9,29180659785e-05
261000	0,000462071017151	0,000164232186231	0,0	0,000297837368661	0,000297837368661	0,000101751469003	0,000196085666522	0,000164232186231	0,0	0,000231113342499	-0,000188509931312	0,000159739237309	4,70960240022e-05	0,000159739237309	-1,37588556045e-05	0,000143413910734	3,00841272527e-05
261900	-0,000138622107683	-5,76072231233e-05	0,0	-8,1014429942e-05	-8,1014429942e-05	1,23116388514e-05	-9,33260044206e-05	-5,76072231233e-05	0,0	-0,000134099570843	5,33726886957e-05	-0,000136362479118	-1,97147599332e-06	-0,000136362479118	0,000274789538505	-0,000340458162824	-7,06937860308e-05
262800	-0,00266824484643	-0,00095849295648	0,0	-0,00170974456976	-0,00170974456976	-0,00101412459296	-0,000695618814203	-0,00095849295648	0,0	-0,000683513357364	-9,6695087739e-05	-0,00134124628755	-0,000397453359573	-0,00134124628755	0,000141371288299	-0,000855672837581	-0,000626944353669
263700	0,000697683162967	0,000267127084583	0,0	0,00043055438591	0,00043055438591	0,00028031755577	0,000150236572994	0,000267127084583	0,0	0,000160897662631	0,000202718227474	0,000532507657115	9,82348463107e-05	0,000532507657115	-0,000261231340314	0,00029464287031	0,000499095973517
264600	-0,000868532306306	-0,000297347663651	0,0	-0,000571182586799	-0,000571182586799	-0,000323741107506	-0,000247441143655	-0,000297347663651	0,0	-0,000107589048657	-0,000158129612374	-0,000388052147801	-0,000175013703578	-0,000388052147801	-6,15047457606e-05	-5,37717233228e-05	-0,000272775577278
265500	0,000276537651015	9,15058197287e-05	0,0	0,000185031207057	0,000185031207057	9,09191354009e-05	9,41119676632e-05	9,15058197287e-05	0,0	2,98472646406e-05	-2,57999091334e-05	0,00014891628332	-5,33632383679e-05	0,00014891628332	-0,000140759742414	0,000135351874183	0,000193051732932
266400	-0,000780676619343	-0,000319943014105	0,0	-0,000460731867796	-0,000460731867796	-0,000393697387152	-6,7034230388e-05	-0,000319943014105	0,0	-0,000328402274961	-0,000329715138273	-0,000826428181763	-0,000151631680155	-0,000826428181763	0,000265864133655	-0,000539998478552	-0,000591021257299
267300	-0,000616075016827	-0,000238778033256	0,0	-0,000377295772394	-0,000377295772394	-0,000198850835009	-0,000178444752493	-0,000238778033256	0,0	-0,000186651031253	-2,88106483117e-05	-0,000298031143626	-0,000156208264327	-0,000298031143626	-1,96900213853e-06	-0,000202040999389	-9,40210860135e-05
