time	I_real	d/dt
0	0,158193941102	0
900	0,215808956187	0,000960250251404
1800	0,0740950519619	-0,00236189840375
2700	0,245239394333	0,00285240570619
3600	0,23786893159	-0,000122841045711
4500	0,21784735568	-0,000333692931834
5400	0,201418616512	-0,00027381231947
6300	0,192226407722	-0,00015320347983
7200	0,202513647364	0,00017145399403
8100	0,159750489293	-0,00071271930119
9000	0,141563824704	-0,000303111076484
9900	0,153166693775	0,000193381151186
10800	0,141579926744	-0,000193112783853
11700	0,148801176499	0,000120354162581
12600	0,159236471378	0,000173921581316
13500	0,164028173578	7,98617033386e-05
14400	0,14287319475	-0,000352582980462
15300	0,134182018229	-0,000144852942017
16200	0,162250740788	0,000467812042645
17100	0,153322975759	-0,00014879608381
18000	0,135262733246	-0,000301004041887
18900	0,143808254234	0,000142425349805
19800	0,134955011318	-0,000147554048604
20700	0,152780005145	0,000297083230442
21600	0,176391125258	0,000393518668565
22500	0,175368569677	-1,70425930229e-05
23400	0,176073505991	1,1748938568e-05
24300	0,16893121321	-0,000119038213019
25200	0,20134714116	0,000540265465835
26100	0,212510986684	0,000186064092064
27000	0,203515527229	-0,000149924324243
27900	0,23993300739	0,000606958002684
28800	0,296819432096	0,000948107078426
29700	0,30254602795	9,54432642379e-05
30600	0,522725069775	0,00366965069709
31500	0,432709010927	-0,00150026764747
32400	0,357821480819	-0,00124812550181
33300	0,390062891638	0,000537356846992
34200	0,316489822908	-0,00122621781217
35100	0,46483871522	0,00247248153853
36000	0,27400471051	-0,00318056674515
36900	0,368866675147	0,00158103274395
37800	0,490088233369	0,00202035930369
38700	0,0318767306902	-0,00763685837798
39600	0,0431215183246	0,000187413127241
40500	0,122645548801	0,00132540050794
41400	0,110858551586	-0,000196449953584
42300	1,11520499333	0,0167391073624
43200	0,959856222663	-0,00258914617777
44100	0,424686134946	-0,00891950146194
45000	0,872141438369	0,00745758839039
45900	0,846115775353	-0,000433761050272
46800	0,550171889602	-0,00493239809585
47700	1,21989959853	0,0111621284821
48600	0,768182258825	-0,00752862232844
49500	0,519540414499	-0,00414403073876
50400	1,5160240776	0,0166080610517
51300	0,610169034449	-0,0150975840526
52200	0,00924781681548	-0,0100153536272
53100	0,278015215359	0,0044794566424
54000	0,257750261472	-0,000337749231453
54900	0,358586193393	0,00168059886535
55800	0,212370454525	-0,00243692898113
56700	0,5461354072	0,00556274921124
57600	0,308385793496	-0,00396249356172
58500	0,467320965803	0,00264891953844
59400	0,557259016856	0,00149896751756
60300	0,483820934135	-0,00122396804536
61200	0,593390403786	0,00182615782752
62100	0,528433853079	-0,00108260917845
63000	0,530218010921	2,9735964044e-05
63900	0,531783694866	2,60947324072e-05
64800	0,464652033239	-0,00111886102712
65700	0,567791073165	0,00171898399877
66600	0,521432228937	-0,000772647403809
67500	0,435103608858	-0,00143881033465
68400	0,626394409473	0,00318818001025
69300	0,559023267129	-0,00112285237239
70200	0,669264035416	0,00183734613811
71100	0,805298011622	0,00226723293677
72000	0,820255813226	0,000249296693396
72900	0,72129842122	-0,00164928986675
73800	0,635203219958	-0,00143492002104
74700	0,591685586496	-0,000725293891031
75600	0,490054369888	-0,00169385361013
76500	0,508196279085	0,000302365153269
77400	0,459867655199	-0,000805477064756
78300	0,517514259584	0,00096077673975
79200	0,456428027728	-0,00101810386427
80100	0,449078697885	-0,000122488830714
81000	0,400938204357	-0,00080234155879
81900	0,417641153913	0,000278382492595
82800	0,357203877562	-0,00100728793919
83700	0,32403907409	-0,000552746724532
84600	0,322246801905	-2,98712030749e-05
85500	0,277741975407	-0,000741747108301
86400	0,195280328321	-0,00137436078477
87300	0,213956371788	0,000311267391111
88200	0,19973413358	-0,000237037303466
89100	0,161867820072	-0,00063110522513
90000	0,136308773961	-0,000425984101851
90900	0,162266078172	0,000432621736857
91800	0,13848643499	-0,000396327386378
92700	0,159105833445	0,000343656640917
93600	0,163345900679	7,06677872411e-05
94500	0,141466850582	-0,000364650834957
95400	0,13738445397	-6,80399435346e-05
96300	0,12985209451	-0,000125539324322
97200	0,139533186805	0,000161351538247
98100	0,147350401914	0,00013028691849
99000	0,139696569486	-0,00012756387381
99900	0,136486965894	-5,34933931952e-05
100800	0,121050346723	-0,00025727698618
101700	0,139243022995	0,000303211271198
102600	0,143330474977	6,81241996948e-05
103500	0,139785989442	-5,90747589095e-05
104400	0,149513906853	0,00016213195685
105300	0,153822714589	7,18134622538e-05
106200	0,170507868236	0,000278085894128
107100	0,22123672666	0,000845480973727
108000	0,247634201603	0,000439957915727
108900	0,274461025877	0,000447113737895
109800	0,305375750236	0,000515245405987
110700	0,306009801053	1,05675136132e-05
111600	0,380273041125	0,00123772066787
112500	0,382249306084	3,29377493151e-05
113400	0,428688541836	0,000773987262534
114300	0,460046888265	0,000522639107146
115200	0,549848560935	0,0014966945445
116100	0,536978646607	-0,000214498572132
117000	0,639453761526	0,00170791858198
117900	0,474085699909	-0,00275613436028
118800	0,61832313211	0,00240395720336
119700	0,331141214428	-0,00478636529471
120600	0,44661054206	0,00192448879387
121500	0,316432395822	-0,00216963577063
122400	0,512465774518	0,00326722297826
123300	0,461600504744	-0,000847754496223
124200	0,53703669026	0,00125726975859
125100	0,823884029569	0,00478078898849
126000	0,792310967153	-0,000526217706938
126900	0,807707190207	0,000256603717559
127800	0,690082191456	-0,00196041664584
128700	0,92498696402	0,00391507954274
129600	0,914864627839	-0,000168705603014
130500	0,776674416891	-0,00230317018247
131400	0,750790110786	-0,000431405101764
132300	0,713456889503	-0,000622220354716
133200	0,623227486106	-0,00150382338994
134100	0,370634315754	-0,00420988617254
135000	0,587449847932	0,00361359220297
135900	0,679428220142	0,00153297287017
136800	0,496476236099	-0,00304919973404
137700	0,941043011042	0,00740944624904
138600	1,15239323469	0,00352250372752
139500	0,466502155566	-0,0114315179854
140400	0,206720616946	-0,00432969231034
141300	0,110828338315	-0,00159820464385
142200	0,0751247345869	-0,000595060062127
143100	0,119021252618	0,000731608633847
144000	0,463114409312	0,0057348859449
144900	0,432264558819	-0,000514164174876
145800	0,371466324559	-0,00101330390434
146700	0,48590648939	0,00190733608052
147600	0,452649404995	-0,000554284739907
148500	0,506419958066	0,000896175884504
149400	0,526631426835	0,00033685781283
150300	0,493512197068	-0,00055198716279
151200	0,585575479545	0,00153438804128
152100	0,563198711824	-0,000372946128681
153000	0,675141437708	0,00186571209807
153900	0,750560123286	0,00125697809297
154800	0,81514618756	0,00107643440457
155700	0,797436169335	-0,000295166970425
156600	0,768216409966	-0,000486995989486
157500	0,683336213242	-0,0014146699454
158400	0,621580303537	-0,00102926516175
159300	0,612687999016	-0,000148205075352
160200	0,527111366669	-0,00142627720577
161100	0,557767774454	0,000510940129748
162000	0,514034589415	-0,000728886417327
162900	0,532946944022	0,000315205910119
163800	0,51960957358	-0,000222289507363
164700	0,443558115354	-0,00126752430377
165600	0,42958825417	-0,000232831019723
166500	0,434758957526	8,61783892648e-05
167400	0,410995578229	-0,000396056321619
168300	0,372691475487	-0,000638401712366
169200	0,369181794377	-5,84946851611e-05
170100	0,364466872137	-7,85820373428e-05
171000	0,324706569118	-0,000662671716976
171900	0,334402433404	0,000161597738099
172800	0,336015799448	2,68894340637e-05
173700	0,301062541774	-0,00058255429457
174600	0,316979317934	0,000265279602678
175500	0,247956638647	-0,00115037798812
176400	0,199960709183	-0,000799932157742
177300	0,213104041414	0,000219055537185
178200	0,204720781052	-0,000139721006021
179100	0,233723232786	0,000483374195559
180000	0,196551099751	-0,000619535550589
180900	0,146503035087	-0,000834134411068
181800	0,148532584706	3,38258269877e-05
182700	0,158497274347	0,000166078160693
183600	0,16541474741	0,000115291217718
184500	0,154213426573	-0,000186688680618
185400	0,150830574266	-5,63808717931e-05
186300	0,133617123469	-0,00028689084661
187200	0,14563307873	0,000200265921019
188100	0,141453317817	-6,96626818861e-05
189000	0,135737345545	-9,52662045303e-05
189900	0,137081835844	2,24081716434e-05
190800	0,134240087221	-4,73624770495e-05
191700	0,145432708911	0,000186543694837
192600	0,179011188794	0,000559641331376
193500	0,146566530761	-0,00054074430055
194400	0,158559138377	0,000199876793599
195300	0,164721757165	0,000102710313136
196200	0,186470089015	0,000362472197501
197100	0,19778568947	0,000188593340909
198000	0,195299178763	-4,14418451096e-05
198900	0,199786072943	7,47815696596e-05
199800	0,23738845313	0,000626706336464
200700	0,308437226521	0,00118414622317
201600	0,356666949579	0,000803828717629
202500	0,357084024331	6,95124586952e-06
203400	0,44521401446	0,00146883316883
204300	0,497243346167	0,000867155528441
205200	0,613195046494	0,00193252833878
206100	0,610159177841	-5,05978108814e-05
207000	0,407277940141	-0,00338135396166
207900	0,399986827951	-0,000121518536497
208800	0,100575039372	-0,00499019647633
209700	0,309640507942	0,00348442447617
210600	0,0493036448715	-0,00433894771784
211500	0,645024321128	0,00992867793761
212400	0,0940833509101	-0,00918234950363
213300	0,501100409111	0,00678361763668
214200	0,744314946154	0,00405357561739
215100	0,159896124887	-0,00974031368779
216000	0,465577419708	0,00509468824701
216900	0,83142930051	0,0060975313467
217800	0,205942976452	-0,0104247720676
218700	0,524885354968	0,0053157063086
219600	0,969333063867	0,00740746181499
220500	1,36791174506	0,00664297801989
221400	1,56249944113	0,00324312826785
222300	0,247611039356	-0,0219148066963
223200	0,361447656637	0,00189727695469
224100	0,180231131811	-0,00302027541377
225000	0,077575872846	-0,00171092098275
225900	0,0129225136609	-0,00107755598642
226800	0,314868816018	0,00503243837262
227700	0,148837206209	-0,00276719349681
228600	0,248533804858	0,00166160997747
229500	0,415874425405	0,00278901034246
230400	0,569493188334	0,00256031271547
231300	0,470439331557	-0,00165089761295
232200	0,551840801028	0,00135669115785
233100	0,574861432908	0,00038367719801
234000	0,50144162235	-0,00122366350931
234900	0,537921324879	0,000607995042145
235800	0,507710035477	-0,000503521490022
236700	0,516181745497	0,000141195166986
237600	0,524594102169	0,000140205944538
238500	0,508329992919	-0,000271068487501
239400	0,610351477562	0,00170035807739
240300	0,681749615728	0,00118996896942
241200	0,681951235919	3,36033651602e-06
242100	0,688352091864	0,000106680932424
243000	0,676699528996	-0,000194209381134
243900	0,799731539538	0,00205053350903
244800	0,6793214615	-0,00200683463396
245700	0,588435904547	-0,00151475928256
246600	0,519651787536	-0,00114640195018
247500	0,53800699855	0,000305920183569
248400	0,53079469752	-0,000120205017162
249300	0,523399910462	-0,000123246450972
250200	0,504016273504	-0,000323060615969
251100	0,499407130269	-7,68190539187e-05
252000	0,425498934912	-0,00123180325595
252900	0,43992361209	0,000240411286312
253800	0,4904948455	0,000842853890163
254700	0,476237809695	-0,000237617263423
255600	0,424272979821	-0,000866080497893
256500	0,338464617949	-0,00143013936453
257400	0,349417856645	0,000182553978259
258300	0,329192931712	-0,000337082082205
259200	0,29803399186	-0,000519315664207
260100	0,291971241345	-0,000101045841909
261000	0,301555595584	0,000159739237309
261900	0,293373846837	-0,000136362479118
262800	0,212899069584	-0,00134124628755
263700	0,244849529011	0,000532507657115
264600	0,221566400143	-0,000388052147801
265500	0,230501377142	0,00014891628332
266400	0,180915686236	-0,000826428181763
267300	0,163033817619	-0,000298031143626
