time	I_real	d/dt
0	0,312334358411	0
900	0,448481841344	0,00226912471555
1800	0,213226614059	-0,00392092045475
2700	0,524190032757	0,00518272364496
3600	0,520820248122	-5,61630772576e-05
4500	0,460360760074	-0,00100765813413
5400	0,388709426898	-0,00119418888628
6300	0,352051027628	-0,000610973321153
7200	0,402078499976	0,000833791205797
8100	0,322482639309	-0,00132659767778
9000	0,305501091051	-0,000283025804306
9900	0,310771528995	8,78406323934e-05
10800	0,28051193063	-0,000504326639405
11700	0,29585968547	0,000255795914002
12600	0,318107067878	0,00037078970679
13500	0,340543754815	0,000373944782287
14400	0,299723176982	-0,000680342963883
15300	0,266080373845	-0,00056071338562
16200	0,313693390479	0,000793550277242
17100	0,296623493034	-0,000284498290758
18000	0,297118264792	8,2461959592e-06
18900	0,305894829656	0,000146276081073
19800	0,28386564607	-0,000367153059773
20700	0,309695965034	0,000430505316082
21600	0,336221306864	0,000442089030485
22500	0,357232528293	0,000350187023825
23400	0,371931807719	0,000244987990432
24300	0,359321292788	-0,000210175248857
25200	0,40467183328	0,000755842341544
26100	0,414883508402	0,000170194585364
27000	0,410936935293	-6,57762184903e-05
27900	0,463341456202	0,000873408681818
28800	0,567043391927	0,00172836559543
29700	0,657019784773	0,00149960654742
30600	0,927073089549	0,00450088841295
31500	0,816925476755	-0,00183579354657
32400	0,660531531993	-0,00260656574604
33300	0,711428898766	0,000848289446219
34200	0,638489997206	-0,00121564835933
35100	0,924679080973	0,00476981806278
36000	0,42195858475	-0,00837867493704
36900	0,515400609379	0,00155736707715
37800	0,698194442972	0,00304656389321
38700	0,0844042206444	-0,0102298370388
39600	0,260436337026	0,00293386860635
40500	0,438806862435	0,00297284209016
41400	0,605295929741	0,00277481778843
42300	2,88564076628	0,0380057472756
43200	2,58969965317	-0,00493235188521
44100	1,27765169217	-0,0218674660167
45000	2,0928063391	0,0135859107823
45900	2,04304767806	-0,000829311017374
46800	1,47819615312	-0,00941419208239
47700	3,17196950723	0,028229555902
48600	2,06593967677	-0,0184338305078
49500	1,41736254123	-0,0108096189256
50400	3,59880088409	0,0363573057142
51300	1,42996501899	-0,0361472644182
52200	0,187734458614	-0,020703842673
53100	0,482892903005	0,00491930740651
54000	0,465664200788	-0,000287145036944
54900	0,778925952894	0,00522102920176
55800	0,291765452522	-0,00811934167286
56700	0,924897295434	0,0105521973819
57600	0,587700339369	-0,00561994926776
58500	1,0056977974	0,00696662430054
59400	1,11624305109	0,00184242089483
60300	1,08705592398	-0,000486452118582
61200	1,21916593871	0,00220183357886
62100	1,0657599874	-0,00255676585507
63000	1,08672942465	0,000349490620795
63900	1,0293686012	-0,000956013724178
64800	0,91941884079	-0,00183249600683
65700	1,12714537012	0,0034621088221
66600	1,10990527641	-0,000287334895107
67500	1,01049058117	-0,00165691158738
68400	1,42326054404	0,0068794993812
69300	1,28342917815	-0,00233052276483
70200	1,45368103923	0,00283753101807
71100	1,58623137637	0,00220917228563
72000	1,65119116704	0,00108266317775
72900	1,37716372285	-0,00456712406985
73800	1,34622225808	-0,000515691079346
74700	1,27509660596	-0,00118542753534
75600	1,0687990697	-0,00343829227112
76500	1,07149194825	4,4881309217e-05
77400	0,925001207083	-0,00244151235277
78300	0,998989532528	0,0012331387574
79200	0,883862486762	-0,0019187840961
80100	0,84935203605	-0,00057517417852
81000	0,783455040499	-0,00109828325919
81900	0,822877379043	0,000657038975743
82800	0,675025916855	-0,00246419103647
83700	0,648311707609	-0,000445236820766
84600	0,633971995038	-0,000238995209524
85500	0,566823436267	-0,00111914264618
86400	0,432842240168	-0,00223301993498
87300	0,411044317209	-0,000363298715984
88200	0,410887862913	-2,60757159316e-06
89100	0,353280732252	-0,000960118844353
90000	0,311855175435	-0,000690425946948
90900	0,326918250564	0,00025105125215
91800	0,276125368116	-0,000846548040806
92700	0,305396594441	0,000487853772082
93600	0,313172639902	0,000129600757691
94500	0,296928323239	-0,000270738611052
95400	0,284011133441	-0,000215286496637
96300	0,257455028677	-0,000442601746066
97200	0,272171802055	0,000245279556299
98100	0,281220315799	0,000150808562397
99000	0,285592442403	7,28687767323e-05
99900	0,288927103911	5,55776918028e-05
100800	0,244801619793	-0,000735424735295
101700	0,274585625241	0,000496400090797
102600	0,290274593146	0,000261482798415
103500	0,273782557147	-0,000274867266643
104400	0,33750181859	0,00106198769072
105300	0,329697506515	-0,000130071867914
106200	0,337600541529	0,000131717250228
107100	0,409312928003	0,00119520644124
108000	0,541632413661	0,00220532476095
108900	0,556443370073	0,000246849273547
109800	0,655663117282	0,00165366245348
110700	0,68698072033	0,000521960050801
111600	0,751206035695	0,00107042192275
112500	0,741245893328	-0,000166002372784
113400	0,835876873215	0,00157718299811
114300	0,844704833415	0,000147132670004
115200	1,04043924534	0,00326224019877
116100	1,08747716057	0,000783965253836
117000	1,20268524306	0,00192013470816
117900	0,860131227128	-0,00570923359889
118800	1,05014372964	0,00316687504182
119700	0,459827317549	-0,00983860686813
120600	1,25182009525	0,0131998796284
121500	0,587420151574	-0,0110733323946
122400	1,1049205264	0,00862500624709
123300	1,49184515247	0,00644874376782
124200	1,48514649903	-0,000111644223984
125100	2,19806389796	0,0118819566488
126000	1,93095363811	-0,00445183766416
126900	1,98119156531	0,000837298786654
127800	1,68521861732	-0,00493288246641
128700	2,15551657804	0,00783829934535
129600	2,06504488276	-0,001507861588
130500	1,70140751901	-0,00606062272924
131400	1,75286080487	0,000857554764384
132300	1,7377548598	-0,000251765751209
133200	1,59525649944	-0,00237497267268
134100	0,956233455079	-0,0106503840726
135000	1,43872460436	0,0080415191547
135900	1,71796549253	0,0046540148028
136800	1,15415172229	-0,00939689617064
137700	2,13800077132	0,0163974841505
138600	2,67208135821	0,00890134311482
139500	1,02208618282	-0,0274999195898
140400	0,482581835045	-0,00899173912961
141300	0,192931316534	-0,00482750864186
142200	0,0399511968132	-0,00254966866201
143100	0,233789745817	0,00323064248339
144000	0,795543045498	0,0093625549947
144900	0,769592405659	-0,000432510663993
145800	0,685698529788	-0,00139823126452
146700	0,900901753202	0,00358672039024
147600	0,899600544677	-2,16868087554e-05
148500	1,05054562069	0,00251575126684
149400	1,26384082083	0,00355492000236
150300	1,09400723517	-0,00283055976099
151200	1,27769390165	0,00306144444135
152100	1,26749210772	-0,000170029898906
153000	1,27786716848	0,000172917679468
153900	1,37806230766	0,00166991898628
154800	1,41323576854	0,000586224347919
155700	1,39042331839	-0,000380207502496
156600	1,29658961952	-0,00156389498106
157500	1,41114473095	0,00190925185713
158400	1,33206246713	-0,00131803773032
159300	1,28040841658	-0,000860900842524
160200	1,03931057456	-0,00401829736702
161100	1,05714084199	0,000297171123883
162000	0,987318521523	-0,00116370534113
162900	1,01796849573	0,000510832903498
163800	0,997469238003	-0,000341654295489
164700	0,898152704618	-0,00165527555642
165600	0,878465980636	-0,000328112066358
166500	0,882749472088	7,139152419e-05
167400	0,812099294896	-0,00117750295321
168300	0,739036567859	-0,00121771211728
169200	0,769506388318	0,000507830340993
170100	0,764396148738	-8,51706596681e-05
171000	0,648907487232	-0,0019248110251
171900	0,650356524731	2,41506249771e-05
172800	0,641110968481	-0,000154092604171
173700	0,555226973264	-0,00143139992028
174600	0,60623870579	0,00085019554211
175500	0,490406105634	-0,00193054333594
176400	0,426534432679	-0,00106452788258
177300	0,421768646024	-7,94297775847e-05
178200	0,390282633691	-0,000524766872207
179100	0,452405881431	0,00103538746233
180000	0,37929038635	-0,00121859158468
180900	0,321952074696	-0,000955638527561
181800	0,312549124753	-0,000156715832394
182700	0,312417493774	-2,19384964197e-06
183600	0,320370195232	0,000132545024295
184500	0,294398463098	-0,00043286220224
185400	0,326471398776	0,000534548927971
186300	0,269079613287	-0,000956529758155
187200	0,2903098103	0,000353836616884
188100	0,280312751412	-0,000166617648121
189000	0,282463886706	3,58522548929e-05
189900	0,274675111618	-0,000129812918129
190800	0,274194194502	-8,01528526474e-06
191700	0,306375744961	0,000536359174317
192600	0,342341550726	0,000599430096074
193500	0,304643179602	-0,000628306185402
194400	0,326484677322	0,000364024962013
195300	0,346204443608	0,000328662771429
196200	0,377186616373	0,000516369546083
197100	0,396689767879	0,000325052525104
198000	0,411546587438	0,000247613659304
198900	0,42325582577	0,000195153972199
199800	0,437837216719	0,000243023182488
200700	0,552548821357	0,0019118600773
201600	0,749020382093	0,00327452601227
202500	0,652621872094	-0,00160664183331
203400	0,890377198843	0,00396258877914
204300	0,943374497593	0,000883288312505
205200	1,20812512311	0,00441251042533
206100	1,19819516102	-0,000165499368144
207000	0,681473438279	-0,00861202871242
207900	0,696690762393	0,000253622068576
208800	0,0268795468751	-0,0111635202586
209700	0,6273055536	0,0100071001121
210600	0,00832654969061	-0,0103163167318
211500	1,28299771274	0,0212445193841
212400	0,259939223101	-0,0170509748273
213300	1,21908491738	0,0159857615714
214200	1,86163807978	0,0107092193732
215100	0,601123698171	-0,0210085730267
216000	1,46192819534	0,0143467416195
216900	2,15996213952	0,0116338990696
217800	0,518744969618	-0,0273536194983
218700	1,30518576648	0,0131073466144
219600	2,47690020044	0,0195285738992
220500	3,13938347123	0,0110413878466
221400	3,55515040366	0,00692944887378
222300	0,612006956413	-0,0490523907875
223200	0,642358719865	0,000505862724192
224100	0,368049393372	-0,00457182210822
225000	0,459882425295	0,00153055053205
225900	0,0743751671181	-0,00642512096962
226800	0,74286791233	0,0111415457535
227700	0,434932525447	-0,00513225644805
228600	0,524443088891	0,00149184272407
229500	0,837248328892	0,00521342066669
230400	1,11469707313	0,00462414573729
231300	0,897376828495	-0,00362200407724
232200	1,04857836207	0,00252002555954
233100	1,17087928025	0,00203834863636
234000	0,986374087068	-0,00307508655302
234900	1,1439177411	0,00262572756723
235800	1,22828010186	0,00140603934595
236700	1,11964006559	-0,00181066727116
237600	1,10138834611	-0,000304195324738
238500	1,16278451244	0,00102326943886
239400	1,28285329067	0,00200114630383
240300	1,37469242927	0,00153065231003
241200	1,4070534783	0,00053935081714
242100	1,35744081351	-0,000826877746472
243000	1,42195156565	0,00107517920236
243900	1,63660232988	0,00357751273719
244800	1,54648158247	-0,00150201245684
245700	1,38695717846	-0,00265874006693
246600	1,14930021656	-0,00396094936489
247500	1,21234409013	0,00105073122609
248400	1,22727200826	0,000248798635521
249300	1,16037701572	-0,00111491654226
250200	1,11883393576	-0,000692384666024
251100	0,967992808324	-0,00251401879062
252000	0,859873755182	-0,00180198421904
252900	0,859373243541	-8,34186067121e-06
253800	0,910624441568	0,000854186633773
254700	0,912192932632	2,61415177356e-05
255600	0,80352415587	-0,00181114627936
256500	0,701379804843	-0,00170240585045
257400	0,699035957468	-3,90641229259e-05
258300	0,663121899249	-0,000598567636982
259200	0,617339191055	-0,000763045136571
260100	0,542793967686	-0,00124242038948
261000	0,570518228715	0,000462071017151
261900	0,562200902254	-0,000138622107683
262800	0,402106211468	-0,00266824484643
263700	0,443967201246	0,000697683162967
264600	0,391855262867	-0,000868532306306
265500	0,408447521928	0,000276537651015
266400	0,361606924768	-0,000780676619343
267300	0,324642423758	-0,000616075016827
