time	I_real	d/dt
0	0,202261630657	0
900	0,29444097578	0,0015363224187
1800	0,141546584551	-0,00254823985381
2700	0,343809542401	0,0033710492975
3600	0,345799431306	3,31648150861e-05
4500	0,302474707577	-0,000722078728806
5400	0,253054959551	-0,000823662467112
6300	0,227498464409	-0,000425941585693
7200	0,26080750935	0,000555150749019
8100	0,211086749555	-0,000828679329929
9000	0,200616849732	-0,000174498330383
9900	0,201284176024	1,11221048709e-05
10800	0,182949607414	-0,000305576143499
11700	0,193639076594	0,000178157819662
12600	0,207776596698	0,000235625335074
13500	0,222685370463	0,000248479562752
14400	0,196080141251	-0,000443420486875
15300	0,173371901592	-0,000378470660983
16200	0,202844111049	0,000491203490959
17100	0,193416324317	-0,000157129778868
18000	0,194478401982	1,77012944212e-05
18900	0,200272971195	9,65761535431e-05
19800	0,186478659795	-0,000229905189992
20700	0,202458581215	0,000266332023654
21600	0,218265085801	0,000263441743103
22500	0,232982112689	0,000245283781471
23400	0,2429955125	0,000166889996855
24300	0,235994637618	-0,000116681248036
25200	0,265206333485	0,000486861597772
26100	0,269581113696	7,291300352e-05
27000	0,267328473569	-3,75440021181e-05
27900	0,30010029973	0,000546197102691
28800	0,366593216852	0,00110821528536
29700	0,435058918436	0,00114109502639
30600	0,595005796735	0,002665781305
31500	0,528376474388	-0,00111048870578
32400	0,424306469128	-0,00173450008768
33300	0,457623193741	0,00055527874356
34200	0,432347466255	-0,000421262124778
35100	0,610930911834	0,00297639075966
36000	0,299841576437	-0,00518482225662
36900	0,337852451395	0,000633514582631
37800	0,456185518379	0,00197221778307
38700	0,0335513992103	-0,00704390198614
39600	0,150086863466	0,00194225773759
40500	0,24385723277	0,00156283948841
41400	0,363406288066	0,00199248425493
42300	1,79084797693	0,0237906948144
43200	1,61004216905	-0,00301343013136
44100	0,760463907062	-0,0141596376997
45000	1,25378977267	0,00822209776008
45900	1,20282800857	-0,00084936273499
46800	0,853644442227	-0,00581972610567
47700	1,96353221542	0,0184981295533
48600	1,27235076961	-0,0115196907636
49500	0,869356289444	-0,00671657466935
50400	2,23173163651	0,0227062557844
51300	0,869034423399	-0,0227116202184
52200	0,088149120142	-0,0130147550543
53100	0,325519394575	0,00395617124055
54000	0,319677665868	-9,73621451111e-05
54900	0,450309451459	0,00217719642652
55800	0,197882762946	-0,00420711147522
56700	0,592577795074	0,00657825053547
57600	0,383804144585	-0,00347956084148
58500	0,653199325427	0,00448991968069
59400	0,724123581931	0,00118207094174
60300	0,717713063262	-0,000106841977829
61200	0,794883122448	0,0012861676531
62100	0,698062718457	-0,00161367339985
63000	0,712443809914	0,000239684857622
63900	0,666509922544	-0,000765564789496
64800	0,594575056177	-0,00119891443945
65700	0,728665522775	0,00223484110997
66600	0,72485538398	-6,35023132595e-05
67500	0,663109462869	-0,00102909868518
68400	0,941908279804	0,00464664694891
69300	0,848230602774	-0,00156129461716
70200	0,959660735136	0,00185716887271
71100	1,02847991229	0,00114698628598
72000	1,07209995437	0,000727000701309
72900	0,893422570972	-0,00297795639003
73800	0,87805277551	-0,000256163257695
74700	0,833837930623	-0,000736914081454
75600	0,704548291282	-0,00215482732235
76500	0,70153856523	-5,01621008546e-05
77400	0,599368112856	-0,00170284087291
78300	0,650795710937	0,00085712663468
79200	0,572461986824	-0,00130556206855
80100	0,548341147122	-0,000402013995028
81000	0,507662172765	-0,000677982905955
81900	0,533201152744	0,000425649666314
82800	0,435586540543	-0,00162691020335
83700	0,42047096036	-0,000251926336386
84600	0,411230325967	-0,000154010573205
85500	0,368873377914	-0,000705949134216
86400	0,28674967098	-0,0013687284489
87300	0,269179733444	-0,000292832292264
88200	0,270656059591	2,46054357788e-05
89100	0,233110110193	-0,000625765823301
90000	0,205902445671	-0,000453461075375
90900	0,213235498895	0,000122217553745
91800	0,180433300094	-0,000546703313357
92700	0,199160975517	0,000312127923711
93600	0,203223380931	6,77067569053e-05
94500	0,193989095703	-0,000153904753799
95400	0,185169208442	-0,000146998121009
96300	0,167201846047	-0,000299456039924
97200	0,176986503982	0,000163077632247
98100	0,182727450117	9,56824355913e-05
99000	0,185904844337	5,29565703195e-05
99900	0,188927508945	5,03777434664e-05
100800	0,160370294781	-0,000475953569389
101700	0,178608578325	0,0003039713924
102600	0,188659969563	0,000167523187297
103500	0,177909702527	-0,000179171117261
104400	0,220835718833	0,000715433605095
105300	0,217108260214	-6,21243103231e-05
106200	0,22123401536	6,87625857688e-05
107100	0,263594151387	0,000706002267122
108000	0,354512020006	0,00151529781032
108900	0,363294576958	0,000146375949193
109800	0,430424729383	0,00111883587374
110700	0,455299063573	0,000414572236516
111600	0,489583608858	0,000571409088076
112500	0,480150111449	-0,000157224956816
113400	0,545459111924	0,00108848334124
114300	0,548096123594	4,39501945057e-05
115200	0,67595541387	0,00213098817127
116100	0,706004284783	0,00050081451522
117000	0,785391288855	0,00132311673453
117900	0,554151087824	-0,00385400335052
118800	0,677281697228	0,00205217682341
119700	0,321126803715	-0,00593591489188
120600	0,75465878597	0,00722553303757
121500	0,387980647389	-0,00611130230968
122400	0,643747686305	0,00426278398193
123300	0,923484139353	0,00466227421747
124200	0,898001204879	-0,00042471557457
125100	1,36386814305	0,00776444896951
126000	1,19505103351	-0,00281361849229
126900	1,22526922976	0,00050363660408
127800	1,03875012868	-0,00310865168453
128700	1,31746637663	0,00464527079902
129600	1,26277364822	-0,000911545473483
130500	1,022782908	-0,00399984567023
131400	1,06518869707	0,000706763151071
132300	1,06255873807	-4,383265001e-05
133200	0,978875240647	-0,00139472495701
134100	0,584548306621	-0,0065721155671
135000	0,888092215624	0,00505906515005
135900	1,05898877102	0,00284827592326
136800	0,698983427652	-0,00600008905612
137700	1,31410431644	0,0102520148131
138600	1,64739811943	0,00555489671665
139500	0,614512942922	-0,0172147529419
140400	0,2739374746	-0,00567625780536
141300	0,133379566371	-0,00234263180381
142200	0,0384870240369	-0,00158154237224
143100	0,163102085864	0,00207691769711
144000	0,510396490716	0,00578824008088
144900	0,493109994039	-0,00028810827796
145800	0,442596410744	-0,000841893054912
146700	0,58014961134	0,00229255334326
147600	0,58291154793	4,60322765048e-05
148500	0,687112994918	0,00173669078314
149400	0,850230902962	0,00271863180072
150300	0,726037552725	-0,00206988917062
151200	0,855835028684	0,00216329126598
152100	0,843339475348	-0,000208259222268
153000	0,829805918107	-0,000225559287349
153900	0,892018909606	0,00103688319165
154800	0,90861968657	0,000276679616075
155700	0,897457929861	-0,000186029278495
156600	0,830988303258	-0,00110782711004
157500	0,920868922074	0,00149801031359
158400	0,870550828438	-0,00083863489393
159300	0,839980569584	-0,000509504314232
160200	0,680128041091	-0,00266420880822
161100	0,685890666593	9,60437583765e-05
162000	0,639011724418	-0,000781315702917
162900	0,657590887007	0,000309652709812
163800	0,649737807989	-0,0001308846503
164700	0,588272432979	-0,00102442291682
165600	0,575472751547	-0,00021332802387
166500	0,575791366281	5,31024555799e-06
167400	0,530024422645	-0,000762782393936
168300	0,482239535762	-0,000796414781381
169200	0,504722693552	0,000374719296507
170100	0,502022964913	-4,49954773179e-05
171000	0,422011445244	-0,00133352532781
171900	0,420057914039	-3,25588534241e-05
172800	0,414964066801	-8,48974539641e-05
173700	0,360233626198	-0,000912174010045
174600	0,393294754989	0,000551018813169
175500	0,317128172058	-0,00126944304884
176400	0,280249370661	-0,00061464668996
177300	0,271138430617	-0,000151849000737
178200	0,252688612194	-0,000307496973711
179100	0,292772965254	0,000668072551009
180000	0,245699443832	-0,00078455869038
180900	0,211049904916	-0,000577492315265
181800	0,20536349951	-9,47734234267e-05
182700	0,202617653412	-4,57641016315e-05
183600	0,208890613068	0,000104549327602
184500	0,190800500622	-0,000301501874108
185400	0,213506754889	0,00037843757112
186300	0,176022598114	-0,000624735946247
187200	0,189645839609	0,000227054024908
188100	0,182687968563	-0,000115964517433
189000	0,183587704487	1,49955987408e-05
189900	0,178175372216	-9,0205537847e-05
190800	0,179270953713	1,82596916049e-05
191700	0,201214520652	0,000365726115654
192600	0,223603205331	0,000373144744648
193500	0,198926163445	-0,000411284031429
194400	0,212450981381	0,000225413632269
195300	0,227202408697	0,000245857121924
196200	0,246713919579	0,000325191848045
197100	0,259445104434	0,000212186414239
198000	0,268796076	0,0001558495261
198900	0,274533341561	9,56210926927e-05
199800	0,283039143486	0,000141763365411
200700	0,357294432134	0,00123758814414
201600	0,494667877149	0,00228955741691
202500	0,423124322557	-0,00119239257654
203400	0,580451654029	0,0026221221912
204300	0,607903308109	0,000457527568009
205200	0,780398123032	0,00287491358205
206100	0,791064986911	0,000177781064645
207000	0,445115108553	-0,00576583130598
207900	0,478079690851	0,000549409704978
208800	0,00948785600947	-0,00780986391403
209700	0,340586643251	0,00551831312069
210600	0,020317757244	-0,00533781476678
211500	0,749929065665	0,0121601884737
212400	0,118586606334	-0,0105223743222
213300	0,737973022474	0,0103231069357
214200	1,14075806862	0,00671308410236
215100	0,332505641393	-0,013470873787
216000	0,903305074039	0,00951332387743
216900	1,33252796581	0,0071537148628
217800	0,296649152025	-0,0172646468964
218700	0,780182756803	0,00805889341296
219600	1,52205885031	0,0123646015585
220500	1,9051050051	0,00638410257979
221400	2,1727301212	0,00446041860164
222300	0,328922893726	-0,0307301204579
223200	0,457791856502	0,00214781604627
224100	0,186504852188	-0,0045214500719
225000	0,271301236245	0,00141327306761
225900	0,0250460851897	-0,00410425251758
226800	0,49261323657	0,00779278585634
227700	0,303156961504	-0,00315760458443
228600	0,348641511286	0,000758075829686
229500	0,54410562276	0,00325773519125
230400	0,72272663558	0,00297701688033
231300	0,578387359525	-0,00240565460092
232200	0,676260382184	0,00163121704432
233100	0,765538633915	0,00148797086218
234000	0,645333385655	-0,00200342080434
234900	0,759451658569	0,00190197121524
235800	0,819539584678	0,00100146543515
236700	0,740839106676	-0,00131167463337
237600	0,724478574042	-0,000272675543902
238500	0,772388887929	0,000798505231444
239400	0,842665308883	0,00117127368257
240300	0,891106632159	0,000807355387937
241200	0,914726956409	0,000393672070829
242100	0,879933895327	-0,000579884351366
243000	0,922738377889	0,000713408042695
243900	1,06463427287	0,00236493158299
244800	1,01266323108	-0,000866184029806
245700	0,92941731171	-0,0013874319895
246600	0,76676529243	-0,002710866988
247500	0,813084247277	0,000771982580777
248400	0,818930887395	9,74440019722e-05
249300	0,772843938258	-0,000768115818961
250200	0,74514635964	-0,000461626310298
251100	0,627958416704	-0,00195313238227
252000	0,556831493135	-0,00118544872614
252900	0,554227236379	-4,34042792674e-05
253800	0,587684138278	0,00055761503165
254700	0,59175834719	6,7903481861e-05
255600	0,521898071081	-0,00116433793514
256500	0,45829763048	-0,00106000734336
257400	0,453280938362	-8,36115353008e-05
258300	0,431920229383	-0,000356011816314
259200	0,404424902935	-0,000458255440792
260100	0,349205162129	-0,000920329013446
261000	0,367075404248	0,000297837368661
261900	0,362214538452	-8,1014429942e-05
262800	0,259629864266	-0,00170974456976
263700	0,285463127421	0,00043055438591
264600	0,251192172213	-0,000571182586799
265500	0,262294044636	0,000185031207057
266400	0,234650132569	-0,000460731867796
267300	0,212012386225	-0,000377295772394
