time	sensor_1	sensor_2	sensor_3	sensor_4	sensor_5	sensor_6	sensor_7	sensor_8	sensor_9	sensor_10	sensor_11	sensor_12	sensor_13	sensor_14	sensor_15	sensor_16	sensor_17
0	0	0	0	0	0	0	0	0	0	0	0	0	0	0	0	0	0
900	-4,93783338149e-06	-4,93783338149e-06	-4,93783338149e-06	-4,93783338149e-06	-5,42833083877e-06	-5,42833083877e-06	-5,42833083877e-06	-6,10762836712e-06	-6,10762836712e-06	-6,10762836712e-06	-6,10762836712e-06	-6,10762836712e-06	-6,10762836712e-06	-6,26091760822e-06	-6,26091760822e-06	-6,26091760822e-06	-6,26091760822e-06
1800	8,53224944185e-06	8,53224944185e-06	8,53224944185e-06	8,53224944185e-06	9,34581493366e-06	9,34581493366e-06	9,34581493366e-06	1,07234861322e-05	1,07234861322e-05	1,07234861322e-05	1,07234861322e-05	1,07234861322e-05	1,07234861322e-05	1,11005209806e-05	1,11005209806e-05	1,11005209806e-05	1,11005209806e-05
2700	-1,1278088916e-05	-1,1278088916e-05	-1,1278088916e-05	-1,1278088916e-05	-1,23543542395e-05	-1,23543542395e-05	-1,23543542395e-05	-1,41701118397e-05	-1,41701118397e-05	-1,41701118397e-05	-1,41701118397e-05	-1,41701118397e-05	-1,41701118397e-05	-1,4625449963e-05	-1,4625449963e-05	-1,4625449963e-05	-1,4625449963e-05
3600	1,22218312086e-07	1,22218312086e-07	1,22218312086e-07	1,22218312086e-07	1,11630395681e-07	1,11630395681e-07	1,11630395681e-07	2,64814468361e-07	2,64814468361e-07	2,64814468361e-07	2,64814468361e-07	2,64814468361e-07	2,64814468361e-07	2,8442394477e-07	2,8442394477e-07	2,8442394477e-07	2,8442394477e-07
4500	2,19278957225e-06	2,19278957225e-06	2,19278957225e-06	2,19278957225e-06	2,42332846809e-06	2,42332846809e-06	2,42332846809e-06	2,64867565469e-06	2,64867565469e-06	2,64867565469e-06	2,64867565469e-06	2,64867565469e-06	2,64867565469e-06	2,70194582175e-06	2,70194582175e-06	2,70194582175e-06	2,70194582175e-06
5400	2,59868334984e-06	2,59868334984e-06	2,59868334984e-06	2,59868334984e-06	2,8616531162e-06	2,8616531162e-06	2,8616531162e-06	3,19016952401e-06	3,19016952401e-06	3,19016952401e-06	3,19016952401e-06	3,19016952401e-06	3,19016952401e-06	3,23388090557e-06	3,23388090557e-06	3,23388090557e-06	3,23388090557e-06
6300	1,32953506297e-06	1,32953506297e-06	1,32953506297e-06	1,32953506297e-06	1,46552399805e-06	1,46552399805e-06	1,46552399805e-06	1,62490707337e-06	1,62490707337e-06	1,62490707337e-06	1,62490707337e-06	1,62490707337e-06	1,62490707337e-06	1,64936417953e-06	1,64936417953e-06	1,64936417953e-06	1,64936417953e-06
7200	-1,8144090484e-06	-1,8144090484e-06	-1,8144090484e-06	-1,8144090484e-06	-1,99165047112e-06	-1,99165047112e-06	-1,99165047112e-06	-2,25921114928e-06	-2,25921114928e-06	-2,25921114928e-06	-2,25921114928e-06	-2,25921114928e-06	-2,25921114928e-06	-2,2865820557e-06	-2,2865820557e-06	-2,2865820557e-06	-2,2865820557e-06
8100	2,88679778779e-06	2,88679778779e-06	2,88679778779e-06	2,88679778779e-06	3,15136784889e-06	3,15136784889e-06	3,15136784889e-06	3,68163668762e-06	3,68163668762e-06	3,68163668762e-06	3,68163668762e-06	3,68163668762e-06	3,68163668762e-06	3,79541052706e-06	3,79541052706e-06	3,79541052706e-06	3,79541052706e-06
9000	6,15886488215e-07	6,15886488215e-07	6,15886488215e-07	6,15886488215e-07	6,71597749682e-07	6,71597749682e-07	6,71597749682e-07	7,89130502089e-07	7,89130502089e-07	7,89130502089e-07	7,89130502089e-07	7,89130502089e-07	7,89130502089e-07	8,37516405701e-07	8,37516405701e-07	8,37516405701e-07	8,37516405701e-07
9900	-1,91148016282e-07	-1,91148016282e-07	-1,91148016282e-07	-1,91148016282e-07	-1,94699189947e-07	-1,94699189947e-07	-1,94699189947e-07	-3,13613985593e-07	-3,13613985593e-07	-3,13613985593e-07	-3,13613985593e-07	-3,13613985593e-07	-3,13613985593e-07	-3,44483449133e-07	-3,44483449133e-07	-3,44483449133e-07	-3,44483449133e-07
10800	1,09745218287e-06	1,09745218287e-06	1,09745218287e-06	1,09745218287e-06	1,19501182911e-06	1,19501182911e-06	1,19501182911e-06	1,41471991463e-06	1,41471991463e-06	1,41471991463e-06	1,41471991463e-06	1,41471991463e-06	1,41471991463e-06	1,44554713805e-06	1,44554713805e-06	1,44554713805e-06	1,44554713805e-06
11700	-5,56630393782e-07	-5,56630393782e-07	-5,56630393782e-07	-5,56630393782e-07	-6,13509690172e-07	-6,13509690172e-07	-6,13509690172e-07	-6,80565309769e-07	-6,80565309769e-07	-6,80565309769e-07	-6,80565309769e-07	-6,80565309769e-07	-6,80565309769e-07	-6,99777729052e-07	-6,99777729052e-07	-6,99777729052e-07	-6,99777729052e-07
12600	-8,06866996102e-07	-8,06866996102e-07	-8,06866996102e-07	-8,06866996102e-07	-8,82093872814e-07	-8,82093872814e-07	-8,82093872814e-07	-1,02263189104e-06	-1,02263189104e-06	-1,02263189104e-06	-1,02263189104e-06	-1,02263189104e-06	-1,02263189104e-06	-1,05039547697e-06	-1,05039547697e-06	-1,05039547697e-06	-1,05039547697e-06
13500	-8,13734840263e-07	-8,13734840263e-07	-8,13734840263e-07	-8,13734840263e-07	-8,93065769293e-07	-8,93065769293e-07	-8,93065769293e-07	-1,0140175679e-06	-1,0140175679e-06	-1,0140175679e-06	-1,0140175679e-06	-1,0140175679e-06	-1,0140175679e-06	-1,02676648085e-06	-1,02676648085e-06	-1,02676648085e-06	-1,02676648085e-06
14400	1,48048106465e-06	1,48048106465e-06	1,48048106465e-06	1,48048106465e-06	1,62204978326e-06	1,62204978326e-06	1,62204978326e-06	1,85868471141e-06	1,85868471141e-06	1,85868471141e-06	1,85868471141e-06	1,85868471141e-06	1,85868471141e-06	1,91496844222e-06	1,91496844222e-06	1,91496844222e-06	1,91496844222e-06
15300	1,22015208158e-06	1,22015208158e-06	1,22015208158e-06	1,22015208158e-06	1,34098394955e-06	1,34098394955e-06	1,34098394955e-06	1,51106856e-06	1,51106856e-06	1,51106856e-06	1,51106856e-06	1,51106856e-06	1,51106856e-06	1,53419210718e-06	1,53419210718e-06	1,53419210718e-06	1,53419210718e-06
16200	-1,72682309681e-06	-1,72682309681e-06	-1,72682309681e-06	-1,72682309681e-06	-1,88364680125e-06	-1,88364680125e-06	-1,88364680125e-06	-2,20946272685e-06	-2,20946272685e-06	-2,20946272685e-06	-2,20946272685e-06	-2,20946272685e-06	-2,20946272685e-06	-2,28414041702e-06	-2,28414041702e-06	-2,28414041702e-06	-2,28414041702e-06
17100	6,19090086253e-07	6,19090086253e-07	6,19090086253e-07	6,19090086253e-07	6,69256220675e-07	6,69256220675e-07	6,69256220675e-07	8,22409822015e-07	8,22409822015e-07	8,22409822015e-07	8,22409822015e-07	8,22409822015e-07	8,22409822015e-07	8,46162516572e-07	8,46162516572e-07	8,46162516572e-07	8,46162516572e-07
18000	-1,7944336724e-08	-1,7944336724e-08	-1,7944336724e-08	-1,7944336724e-08	-2,35956553572e-08	-2,35956553572e-08	-2,35956553572e-08	-2,85130088694e-09	-2,85130088694e-09	-2,85130088694e-09	-2,85130088694e-09	-2,85130088694e-09	-2,85130088694e-09	4,51977569699e-08	4,51977569699e-08	4,51977569699e-08	4,51977569699e-08
18900	-3,18307825996e-07	-3,18307825996e-07	-3,18307825996e-07	-3,18307825996e-07	-3,4914115042e-07	-3,4914115042e-07	-3,4914115042e-07	-3,97644586039e-07	-3,97644586039e-07	-3,97644586039e-07	-3,97644586039e-07	-3,97644586039e-07	-3,97644586039e-07	-4,20380061712e-07	-4,20380061712e-07	-4,20380061712e-07	-4,20380061712e-07
19800	7,98952224478e-07	7,98952224478e-07	7,98952224478e-07	7,98952224478e-07	8,72352773355e-07	8,72352773355e-07	8,72352773355e-07	1,01804266213e-06	1,01804266213e-06	1,01804266213e-06	1,01804266213e-06	1,01804266213e-06	1,01804266213e-06	1,04159713532e-06	1,04159713532e-06	1,04159713532e-06	1,04159713532e-06
20700	-9,36811632869e-07	-9,36811632869e-07	-9,36811632869e-07	-9,36811632869e-07	-1,02184201281e-06	-1,02184201281e-06	-1,02184201281e-06	-1,19888344196e-06	-1,19888344196e-06	-1,19888344196e-06	-1,19888344196e-06	-1,19888344196e-06	-1,19888344196e-06	-1,24630726924e-06	-1,24630726924e-06	-1,24630726924e-06	-1,24630726924e-06
21600	-9,6202164619e-07	-9,6202164619e-07	-9,6202164619e-07	-9,6202164619e-07	-1,04612959852e-06	-1,04612959852e-06	-1,04612959852e-06	-1,24719908582e-06	-1,24719908582e-06	-1,24719908582e-06	-1,24719908582e-06	-1,24719908582e-06	-1,24719908582e-06	-1,31001705596e-06	-1,31001705596e-06	-1,31001705596e-06	-1,31001705596e-06
22500	-7,62037562116e-07	-7,62037562116e-07	-7,62037562116e-07	-7,62037562116e-07	-8,40348265031e-07	-8,40348265031e-07	-8,40348265031e-07	-9,29497472786e-07	-9,29497472786e-07	-9,29497472786e-07	-9,29497472786e-07	-9,29497472786e-07	-9,29497472786e-07	-9,26777593073e-07	-9,26777593073e-07	-9,26777593073e-07	-9,26777593073e-07
23400	-5,33116402952e-07	-5,33116402952e-07	-5,33116402952e-07	-5,33116402952e-07	-5,86398806228e-07	-5,86398806228e-07	-5,86398806228e-07	-6,57786455599e-07	-6,57786455599e-07	-6,57786455599e-07	-6,57786455599e-07	-6,57786455599e-07	-6,57786455599e-07	-6,59662377719e-07	-6,59662377719e-07	-6,59662377719e-07	-6,59662377719e-07
24300	4,57360731695e-07	4,57360731695e-07	4,57360731695e-07	4,57360731695e-07	4,9461334791e-07	4,9461334791e-07	4,9461334791e-07	6,06607082051e-07	6,06607082051e-07	6,06607082051e-07	6,06607082051e-07	6,06607082051e-07	6,06607082051e-07	6,25609529538e-07	6,25609529538e-07	6,25609529538e-07	6,25609529538e-07
25200	-1,64478586077e-06	-1,64478586077e-06	-1,64478586077e-06	-1,64478586077e-06	-1,80022505939e-06	-1,80022505939e-06	-1,80022505939e-06	-2,07416736926e-06	-2,07416736926e-06	-2,07416736926e-06	-2,07416736926e-06	-2,07416736926e-06	-2,07416736926e-06	-2,16041147943e-06	-2,16041147943e-06	-2,16041147943e-06	-2,16041147943e-06
26100	-3,7036105948e-07	-3,7036105948e-07	-3,7036105948e-07	-3,7036105948e-07	-3,9364020462e-07	-3,9364020462e-07	-3,9364020462e-07	-5,25653784229e-07	-5,25653784229e-07	-5,25653784229e-07	-5,25653784229e-07	-5,25653784229e-07	-5,25653784229e-07	-5,55355654058e-07	-5,55355654058e-07	-5,55355654058e-07	-5,55355654058e-07
27000	1,43135922807e-07	1,43135922807e-07	1,43135922807e-07	1,43135922807e-07	1,55122594013e-07	1,55122594013e-07	1,55122594013e-07	1,88203824537e-07	1,88203824537e-07	1,88203824537e-07	1,88203824537e-07	1,88203824537e-07	1,88203824537e-07	2,12136462005e-07	2,12136462005e-07	2,12136462005e-07	2,12136462005e-07
27900	-1,9006339943e-06	-1,9006339943e-06	-1,9006339943e-06	-1,9006339943e-06	-2,07501839502e-06	-2,07501839502e-06	-2,07501839502e-06	-2,42297386453e-06	-2,42297386453e-06	-2,42297386453e-06	-2,42297386453e-06	-2,42297386453e-06	-2,42297386453e-06	-2,51986501929e-06	-2,51986501929e-06	-2,51986501929e-06	-2,51986501929e-06
28800	-3,76114972819e-06	-3,76114972819e-06	-3,76114972819e-06	-3,76114972819e-06	-4,11497288566e-06	-4,11497288566e-06	-4,11497288566e-06	-4,75112784503e-06	-4,75112784503e-06	-4,75112784503e-06	-4,75112784503e-06	-4,75112784503e-06	-4,75112784503e-06	-4,90248041504e-06	-4,90248041504e-06	-4,90248041504e-06	-4,90248041504e-06
29700	-3,26337759641e-06	-3,26337759641e-06	-3,26337759641e-06	-3,26337759641e-06	-3,62770072212e-06	-3,62770072212e-06	-3,62770072212e-06	-3,83570155656e-06	-3,83570155656e-06	-3,83570155656e-06	-3,83570155656e-06	-3,83570155656e-06	-3,83570155656e-06	-3,85094194538e-06	-3,85094194538e-06	-3,85094194538e-06	-3,85094194538e-06
30600	-9,7948439628e-06	-9,7948439628e-06	-9,7948439628e-06	-9,7948439628e-06	-1,06459887609e-05	-1,06459887609e-05	-1,06459887609e-05	-1,27243947481e-05	-1,27243947481e-05	-1,27243947481e-05	-1,27243947481e-05	-1,27243947481e-05	-1,27243947481e-05	-1,33102164414e-05	-1,33102164414e-05	-1,33102164414e-05	-1,33102164414e-05
31500	3,99509613918e-06	3,99509613918e-06	3,99509613918e-06	3,99509613918e-06	4,34966191226e-06	4,34966191226e-06	4,34966191226e-06	5,15297894463e-06	5,15297894463e-06	5,15297894463e-06	5,15297894463e-06	5,15297894463e-06	5,15297894463e-06	5,39248357262e-06	5,39248357262e-06	5,39248357262e-06	5,39248357262e-06
32400	5,67237862842e-06	5,67237862842e-06	5,67237862842e-06	5,67237862842e-06	6,22617195219e-06	6,22617195219e-06	6,22617195219e-06	7,06453996965e-06	7,06453996965e-06	7,06453996965e-06	7,06453996965e-06	7,06453996965e-06	7,06453996965e-06	7,26379360349e-06	7,26379360349e-06	7,26379360349e-06	7,26379360349e-06
33300	-1,8460262578e-06	-1,8460262578e-06	-1,8460262578e-06	-1,8460262578e-06	-2,02331529665e-06	-2,02331529665e-06	-2,02331529665e-06	-2,31378394378e-06	-2,31378394378e-06	-2,31378394378e-06	-2,31378394378e-06	-2,31378394378e-06	-2,31378394378e-06	-2,39956725264e-06	-2,39956725264e-06	-2,39956725264e-06	-2,39956725264e-06
34200	2,64546006891e-06	2,64546006891e-06	2,64546006891e-06	2,64546006891e-06	2,77996531292e-06	2,77996531292e-06	2,77996531292e-06	3,55569417727e-06	3,55569417727e-06	3,55569417727e-06	3,55569417727e-06	3,55569417727e-06	3,55569417727e-06	3,75144372437e-06	3,75144372437e-06	3,75144372437e-06	3,75144372437e-06
35100	-1,03800764149e-05	-1,03800764149e-05	-1,03800764149e-05	-1,03800764149e-05	-1,13303916884e-05	-1,13303916884e-05	-1,13303916884e-05	-1,28851990259e-05	-1,28851990259e-05	-1,28851990259e-05	-1,28851990259e-05	-1,28851990259e-05	-1,28851990259e-05	-1,32799109036e-05	-1,32799109036e-05	-1,32799109036e-05	-1,32799109036e-05
36000	1,82334352738e-05	1,82334352738e-05	1,82334352738e-05	1,82334352738e-05	1,98888470494e-05	1,98888470494e-05	1,98888470494e-05	2,24657033896e-05	2,24657033896e-05	2,24657033896e-05	2,24657033896e-05	2,24657033896e-05	2,24657033896e-05	2,29734589671e-05	2,29734589671e-05	2,29734589671e-05	2,29734589671e-05
36900	-3,38901587155e-06	-3,38901587155e-06	-3,38901587155e-06	-3,38901587155e-06	-3,59128262969e-06	-3,59128262969e-06	-3,59128262969e-06	-4,85815503497e-06	-4,85815503497e-06	-4,85815503497e-06	-4,85815503497e-06	-4,85815503497e-06	-4,85815503497e-06	-5,11054233629e-06	-5,11054233629e-06	-5,11054233629e-06	-5,11054233629e-06
37800	-6,62979379377e-06	-6,62979379377e-06	-6,62979379377e-06	-6,62979379377e-06	-7,25947678116e-06	-7,25947678116e-06	-7,25947678116e-06	-8,2941566648e-06	-8,2941566648e-06	-8,2941566648e-06	-8,2941566648e-06	-8,2941566648e-06	-8,2941566648e-06	-8,61668516982e-06	-8,61668516982e-06	-8,61668516982e-06	-8,61668516982e-06
38700	2,83832504623e-05	2,83832504623e-05	2,83832504623e-05	2,83832504623e-05	3,09891833484e-05	3,09891833484e-05	3,09891833484e-05	3,55543473169e-05	3,55543473169e-05	3,55543473169e-05	3,55543473169e-05	3,55543473169e-05	3,55543473169e-05	3,6773449782e-05	3,6773449782e-05	3,6773449782e-05	3,6773449782e-05
39600	6,38396126632e-06	6,38396126632e-06	6,38396126632e-06	6,38396126632e-06	7,00402000489e-06	7,00402000489e-06	7,00402000489e-06	7,3145065241e-06	7,3145065241e-06	7,3145065241e-06	7,3145065241e-06	7,3145065241e-06	7,3145065241e-06	7,28459189207e-06	7,28459189207e-06	7,28459189207e-06	7,28459189207e-06
40500	6,46862978004e-06	6,46862978004e-06	6,46862978004e-06	6,46862978004e-06	6,96754789511e-06	6,96754789511e-06	6,96754789511e-06	8,68241479665e-06	8,68241479665e-06	8,68241479665e-06	8,68241479665e-06	8,68241479665e-06	8,68241479665e-06	9,12341677683e-06	9,12341677683e-06	9,12341677683e-06	9,12341677683e-06
41400	6,03762370222e-06	6,03762370222e-06	6,03762370222e-06	6,03762370222e-06	6,67369214162e-06	6,67369214162e-06	6,67369214162e-06	7,1690966125e-06	7,1690966125e-06	7,1690966125e-06	7,1690966125e-06	7,1690966125e-06	7,1690966125e-06	7,13773580677e-06	7,13773580677e-06	7,13773580677e-06	7,13773580677e-06
42300	8,27450986673e-05	8,27450986673e-05	8,27450986673e-05	8,27450986673e-05	9,03223567472e-05	9,03223567472e-05	9,03223567472e-05	0,000102480949646	0,000102480949646	0,000102480949646	0,000102480949646	0,000102480949646	0,000102480949646	0,000105146984699	0,000105146984699	0,000105146984699	0,000105146984699
43200	-1,07424468163e-05	-1,07424468163e-05	-1,07424468163e-05	-1,07424468163e-05	-1,17010257959e-05	-1,17010257959e-05	-1,17010257959e-05	-1,35633384613e-05	-1,35633384613e-05	-1,35633384613e-05	-1,35633384613e-05	-1,35633384613e-05	-1,35633384613e-05	-1,39752712581e-05	-1,39752712581e-05	-1,39752712581e-05	-1,39752712581e-05
44100	-4,76097897062e-05	-4,76097897062e-05	-4,76097897062e-05	-4,76097897062e-05	-5,21191031589e-05	-5,21191031589e-05	-5,21191031589e-05	-5,83226150641e-05	-5,83226150641e-05	-5,83226150641e-05	-5,83226150641e-05	-5,83226150641e-05	-5,83226150641e-05	-5,9742797171e-05	-5,9742797171e-05	-5,9742797171e-05	-5,9742797171e-05
45000	2,95778188475e-05	2,95778188475e-05	2,95778188475e-05	2,95778188475e-05	3,21969846777e-05	3,21969846777e-05	3,21969846777e-05	3,62354844806e-05	3,62354844806e-05	3,62354844806e-05	3,62354844806e-05	3,62354844806e-05	3,62354844806e-05	3,74235350195e-05	3,74235350195e-05	3,74235350195e-05	3,74235350195e-05
45900	-1,80468886364e-06	-1,80468886364e-06	-1,80468886364e-06	-1,80468886364e-06	-2,07524728546e-06	-2,07524728546e-06	-2,07524728546e-06	-1,60946187398e-06	-1,60946187398e-06	-1,60946187398e-06	-1,60946187398e-06	-1,60946187398e-06	-1,60946187398e-06	-1,67853074524e-06	-1,67853074524e-06	-1,67853074524e-06	-1,67853074524e-06
46800	-2,04971137755e-05	-2,04971137755e-05	-2,04971137755e-05	-2,04971137755e-05	-2,2350924475e-05	-2,2350924475e-05	-2,2350924475e-05	-2,58014493573e-05	-2,58014493573e-05	-2,58014493573e-05	-2,58014493573e-05	-2,58014493573e-05	-2,58014493573e-05	-2,65870844858e-05	-2,65870844858e-05	-2,65870844858e-05	-2,65870844858e-05
47700	6,14673529797e-05	6,14673529797e-05	6,14673529797e-05	6,14673529797e-05	6,73555491151e-05	6,73555491151e-05	6,73555491151e-05	7,50873699813e-05	7,50873699813e-05	7,50873699813e-05	7,50873699813e-05	7,50873699813e-05	7,50873699813e-05	7,68634748491e-05	7,68634748491e-05	7,68634748491e-05	7,68634748491e-05
48600	-4,01429849323e-05	-4,01429849323e-05	-4,01429849323e-05	-4,01429849323e-05	-4,38081154637e-05	-4,38081154637e-05	-4,38081154637e-05	-4,98652228136e-05	-4,98652228136e-05	-4,98652228136e-05	-4,98652228136e-05	-4,98652228136e-05	-4,98652228136e-05	-5,10627527581e-05	-5,10627527581e-05	-5,10627527581e-05	-5,10627527581e-05
49500	-2,35319875997e-05	-2,35319875997e-05	-2,35319875997e-05	-2,35319875997e-05	-2,56713690985e-05	-2,56713690985e-05	-2,56713690985e-05	-2,81997148306e-05	-2,81997148306e-05	-2,81997148306e-05	-2,81997148306e-05	-2,81997148306e-05	-2,81997148306e-05	-2,88596401535e-05	-2,88596401535e-05	-2,88596401535e-05	-2,88596401535e-05
50400	7,91749822841e-05	7,91749822841e-05	7,91749822841e-05	7,91749822841e-05	8,64003337432e-05	8,64003337432e-05	8,64003337432e-05	9,81528728629e-05	9,81528728629e-05	9,81528728629e-05	9,81528728629e-05	9,81528728629e-05	9,81528728629e-05	0,000100795197992	0,000100795197992	0,000100795197992	0,000100795197992
51300	-7,87167209497e-05	-7,87167209497e-05	-7,87167209497e-05	-7,87167209497e-05	-8,59438041647e-05	-8,59438041647e-05	-8,59438041647e-05	-9,71406014954e-05	-9,71406014954e-05	-9,71406014954e-05	-9,71406014954e-05	-9,71406014954e-05	-9,71406014954e-05	-9,9542068338e-05	-9,9542068338e-05	-9,9542068338e-05	-9,9542068338e-05
52200	-4,50623557416e-05	-4,50623557416e-05	-4,50623557416e-05	-4,50623557416e-05	-4,9213012586e-05	-4,9213012586e-05	-4,9213012586e-05	-5,59245965087e-05	-5,59245965087e-05	-5,59245965087e-05	-5,59245965087e-05	-5,59245965087e-05	-5,59245965087e-05	-5,75216890607e-05	-5,75216890607e-05	-5,75216890607e-05	-5,75216890607e-05
53100	-2,43218209991e-05	-2,43218209991e-05	-2,43218209991e-05	-2,43218209991e-05	-2,65229458346e-05	-2,65229458346e-05	-2,65229458346e-05	-3,00844645329e-05	-3,00844645329e-05	-3,00844645329e-05	-3,00844645329e-05	-3,00844645329e-05	-3,00844645329e-05	-3,08487326842e-05	-3,08487326842e-05	-3,08487326842e-05	-3,08487326842e-05
54000	6,24862146321e-07	6,24862146321e-07	6,24862146321e-07	6,24862146321e-07	6,55947989031e-07	6,55947989031e-07	6,55947989031e-07	7,49129085919e-07	7,49129085919e-07	7,49129085919e-07	7,49129085919e-07	7,49129085919e-07	7,49129085919e-07	8,03045168413e-07	8,03045168413e-07	8,03045168413e-07	8,03045168413e-07
54900	4,51362535281e-05	4,51362535281e-05	4,51362535281e-05	4,51362535281e-05	4,92331925771e-05	4,92331925771e-05	4,92331925771e-05	5,6084146619e-05	5,6084146619e-05	5,6084146619e-05	5,6084146619e-05	5,6084146619e-05	5,6084146619e-05	5,77238444528e-05	5,77238444528e-05	5,77238444528e-05	5,77238444528e-05
55800	-3,88292484099e-05	-3,88292484099e-05	-3,88292484099e-05	-3,88292484099e-05	-4,22781019827e-05	-4,22781019827e-05	-4,22781019827e-05	-4,82050368347e-05	-4,82050368347e-05	-4,82050368347e-05	-4,82050368347e-05	-4,82050368347e-05	-4,82050368347e-05	-4,97239945885e-05	-4,97239945885e-05	-4,97239945885e-05	-4,97239945885e-05
56700	-2,29632162502e-05	-2,29632162502e-05	-2,29632162502e-05	-2,29632162502e-05	-2,50635005714e-05	-2,50635005714e-05	-2,50635005714e-05	-2,86092298747e-05	-2,86092298747e-05	-2,86092298747e-05	-2,86092298747e-05	-2,86092298747e-05	-2,86092298747e-05	-2,94972665946e-05	-2,94972665946e-05	-2,94972665946e-05	-2,94972665946e-05
57600	1,22300949561e-05	1,22300949561e-05	1,22300949561e-05	1,22300949561e-05	1,33410595943e-05	1,33410595943e-05	1,33410595943e-05	1,54437267102e-05	1,54437267102e-05	1,54437267102e-05	1,54437267102e-05	1,54437267102e-05	1,54437267102e-05	1,60763002545e-05	1,60763002545e-05	1,60763002545e-05	1,60763002545e-05
58500	-1,51514211359e-05	-1,51514211359e-05	-1,51514211359e-05	-1,51514211359e-05	-1,65870417326e-05	-1,65870417326e-05	-1,65870417326e-05	-1,89077657037e-05	-1,89077657037e-05	-1,89077657037e-05	-1,89077657037e-05	-1,89077657037e-05	-1,89077657037e-05	-1,93314473907e-05	-1,93314473907e-05	-1,93314473907e-05	-1,93314473907e-05
59400	-4,00719631213e-06	-4,00719631213e-06	-4,00719631213e-06	-4,00719631213e-06	-4,38509621184e-06	-4,38509621184e-06	-4,38509621184e-06	-5,06275972682e-06	-5,06275972682e-06	-5,06275972682e-06	-5,06275972682e-06	-5,06275972682e-06	-5,06275972682e-06	-5,30231687292e-06	-5,30231687292e-06	-5,30231687292e-06	-5,30231687292e-06
60300	1,05739768962e-06	1,05739768962e-06	1,05739768962e-06	1,05739768962e-06	1,09159200449e-06	1,09159200449e-06	1,09159200449e-06	1,66398402063e-06	1,66398402063e-06	1,66398402063e-06	1,66398402063e-06	1,66398402063e-06	1,66398402063e-06	1,85954147086e-06	1,85954147086e-06	1,85954147086e-06	1,85954147086e-06
61200	-4,78840222642e-06	-4,78840222642e-06	-4,78840222642e-06	-4,78840222642e-06	-5,19965818935e-06	-5,19965818935e-06	-5,19965818935e-06	-6,25208855784e-06	-6,25208855784e-06	-6,25208855784e-06	-6,25208855784e-06	-6,25208855784e-06	-6,25208855784e-06	-6,54395800907e-06	-6,54395800907e-06	-6,54395800907e-06	-6,54395800907e-06
62100	5,56095350539e-06	5,56095350539e-06	5,56095350539e-06	5,56095350539e-06	6,07690180104e-06	6,07690180104e-06	6,07690180104e-06	7,06861068038e-06	7,06861068038e-06	7,06861068038e-06	7,06861068038e-06	7,06861068038e-06	7,06861068038e-06	7,24172240184e-06	7,24172240184e-06	7,24172240184e-06	7,24172240184e-06
63000	-7,60202655283e-07	-7,60202655283e-07	-7,60202655283e-07	-7,60202655283e-07	-8,36828160467e-07	-8,36828160467e-07	-8,36828160467e-07	-9,35747297158e-07	-9,35747297158e-07	-9,35747297158e-07	-9,35747297158e-07	-9,35747297158e-07	-9,35747297158e-07	-9,40517909427e-07	-9,40517909427e-07	-9,40517909427e-07	-9,40517909427e-07
63900	2,07979085594e-06	2,07979085594e-06	2,07979085594e-06	2,07979085594e-06	2,32451224939e-06	2,32451224939e-06	2,32451224939e-06	2,38439623336e-06	2,38439623336e-06	2,38439623336e-06	2,38439623336e-06	2,38439623336e-06	2,38439623336e-06	2,38028355882e-06	2,38028355882e-06	2,38028355882e-06	2,38028355882e-06
64800	3,97769215533e-06	3,97769215533e-06	3,97769215533e-06	3,97769215533e-06	4,3626387506e-06	4,3626387506e-06	4,3626387506e-06	4,99525092163e-06	4,99525092163e-06	4,99525092163e-06	4,99525092163e-06	4,99525092163e-06	4,99525092163e-06	5,17479465715e-06	5,17479465715e-06	5,17479465715e-06	5,17479465715e-06
65700	-7,5222874968e-06	-7,5222874968e-06	-7,5222874968e-06	-7,5222874968e-06	-8,23842590512e-06	-8,23842590512e-06	-8,23842590512e-06	-9,48887760809e-06	-9,48887760809e-06	-9,48887760809e-06	-9,48887760809e-06	-9,48887760809e-06	-9,48887760809e-06	-9,76439060519e-06	-9,76439060519e-06	-9,76439060519e-06	-9,76439060519e-06
66600	6,24569034366e-07	6,24569034366e-07	6,24569034366e-07	6,24569034366e-07	6,44892901494e-07	6,44892901494e-07	6,44892901494e-07	9,82243361129e-07	9,82243361129e-07	9,82243361129e-07	9,82243361129e-07	9,82243361129e-07	9,82243361129e-07	1,10569329164e-06	1,10569329164e-06	1,10569329164e-06	1,10569329164e-06
67500	3,60352231471e-06	3,60352231471e-06	3,60352231471e-06	3,60352231471e-06	3,93252383903e-06	3,93252383903e-06	3,93252383903e-06	4,60701849494e-06	4,60701849494e-06	4,60701849494e-06	4,60701849494e-06	4,60701849494e-06	4,60701849494e-06	4,83694683638e-06	4,83694683638e-06	4,83694683638e-06	4,83694683638e-06
68400	-1,49635344644e-05	-1,49635344644e-05	-1,49635344644e-05	-1,49635344644e-05	-1,64493314884e-05	-1,64493314884e-05	-1,64493314884e-05	-1,85337231056e-05	-1,85337231056e-05	-1,85337231056e-05	-1,85337231056e-05	-1,85337231056e-05	-1,85337231056e-05	-1,90434837037e-05	-1,90434837037e-05	-1,90434837037e-05	-1,90434837037e-05
69300	5,06894318506e-06	5,06894318506e-06	5,06894318506e-06	5,06894318506e-06	5,56827233896e-06	5,56827233896e-06	5,56827233896e-06	6,29909941596e-06	6,29909941596e-06	6,29909941596e-06	6,29909941596e-06	6,29909941596e-06	6,29909941596e-06	6,47866236963e-06	6,47866236963e-06	6,47866236963e-06	6,47866236963e-06
70200	-6,17116877846e-06	-6,17116877846e-06	-6,17116877846e-06	-6,17116877846e-06	-6,76513851621e-06	-6,76513851621e-06	-6,76513851621e-06	-7,73892266799e-06	-7,73892266799e-06	-7,73892266799e-06	-7,73892266799e-06	-7,73892266799e-06	-7,73892266799e-06	-8,03268662766e-06	-8,03268662766e-06	-8,03268662766e-06	-8,03268662766e-06
71100	-4,80307947941e-06	-4,80307947941e-06	-4,80307947941e-06	-4,80307947941e-06	-5,17005396569e-06	-5,17005396569e-06	-5,17005396569e-06	-6,50154957529e-06	-6,50154957529e-06	-6,50154957529e-06	-6,50154957529e-06	-6,50154957529e-06	-6,50154957529e-06	-6,86402920838e-06	-6,86402920838e-06	-6,86402920838e-06	-6,86402920838e-06
72000	-2,35455405408e-06	-2,35455405408e-06	-2,35455405408e-06	-2,35455405408e-06	-2,58713540781e-06	-2,58713540781e-06	-2,58713540781e-06	-2,92356586432e-06	-2,92356586432e-06	-2,92356586432e-06	-2,92356586432e-06	-2,92356586432e-06	-2,92356586432e-06	-2,96350366884e-06	-2,96350366884e-06	-2,96350366884e-06	-2,96350366884e-06
72900	9,93276855894e-06	9,93276855894e-06	9,93276855894e-06	9,93276855894e-06	1,08853711054e-05	1,08853711054e-05	1,08853711054e-05	1,24746968125e-05	1,24746968125e-05	1,24746968125e-05	1,24746968125e-05	1,24746968125e-05	1,24746968125e-05	1,27386451057e-05	1,27386451057e-05	1,27386451057e-05	1,27386451057e-05
73800	1,12074991706e-06	1,12074991706e-06	1,12074991706e-06	1,12074991706e-06	1,20268455382e-06	1,20268455382e-06	1,20268455382e-06	1,53563326568e-06	1,53563326568e-06	1,53563326568e-06	1,53563326568e-06	1,53563326568e-06	1,53563326568e-06	1,76493934616e-06	1,76493934616e-06	1,76493934616e-06	1,76493934616e-06
74700	2,57823631646e-06	2,57823631646e-06	2,57823631646e-06	2,57823631646e-06	2,81391111702e-06	2,81391111702e-06	2,81391111702e-06	3,29539211672e-06	3,29539211672e-06	3,29539211672e-06	3,29539211672e-06	3,29539211672e-06	3,29539211672e-06	3,41135790135e-06	3,41135790135e-06	3,41135790135e-06	3,41135790135e-06
75600	7,4778990142e-06	7,4778990142e-06	7,4778990142e-06	7,4778990142e-06	8,16690191941e-06	8,16690191941e-06	8,16690191941e-06	9,52972040292e-06	9,52972040292e-06	9,52972040292e-06	9,52972040292e-06	9,52972040292e-06	9,52972040292e-06	9,8005316521e-06	9,8005316521e-06	9,8005316521e-06	9,8005316521e-06
76500	-9,73704544306e-08	-9,73704544306e-08	-9,73704544306e-08	-9,73704544306e-08	-8,13465152489e-08	-8,13465152489e-08	-8,13465152489e-08	-2,49205702658e-07	-2,49205702658e-07	-2,49205702658e-07	-2,49205702658e-07	-2,49205702658e-07	-2,49205702658e-07	-2,97509819776e-07	-2,97509819776e-07	-2,97509819776e-07	-2,97509819776e-07
77400	5,30283061536e-06	5,30283061536e-06	5,30283061536e-06	5,30283061536e-06	5,84889244151e-06	5,84889244151e-06	5,84889244151e-06	6,48856231357e-06	6,48856231357e-06	6,48856231357e-06	6,48856231357e-06	6,48856231357e-06	6,48856231357e-06	6,61807765829e-06	6,61807765829e-06	6,61807765829e-06	6,61807765829e-06
78300	-2,67419569307e-06	-2,67419569307e-06	-2,67419569307e-06	-2,67419569307e-06	-2,94990414953e-06	-2,94990414953e-06	-2,94990414953e-06	-3,2801522679e-06	-3,2801522679e-06	-3,2801522679e-06	-3,2801522679e-06	-3,2801522679e-06	-3,2801522679e-06	-3,4344063066e-06	-3,4344063066e-06	-3,4344063066e-06	-3,4344063066e-06
79200	4,16631859112e-06	4,16631859112e-06	4,16631859112e-06	4,16631859112e-06	4,58520712596e-06	4,58520712596e-06	4,58520712596e-06	5,15096219805e-06	5,15096219805e-06	5,15096219805e-06	5,15096219805e-06	5,15096219805e-06	5,15096219805e-06	5,31437089951e-06	5,31437089951e-06	5,31437089951e-06	5,31437089951e-06
80100	1,25170647533e-06	1,25170647533e-06	1,25170647533e-06	1,25170647533e-06	1,38006369918e-06	1,38006369918e-06	1,38006369918e-06	1,52814375998e-06	1,52814375998e-06	1,52814375998e-06	1,52814375998e-06	1,52814375998e-06	1,52814375998e-06	1,54769993704e-06	1,54769993704e-06	1,54769993704e-06	1,54769993704e-06
81000	2,39009352202e-06	2,39009352202e-06	2,39009352202e-06	2,39009352202e-06	2,60656363988e-06	2,60656363988e-06	2,60656363988e-06	3,06106118474e-06	3,06106118474e-06	3,06106118474e-06	3,06106118474e-06	3,06106118474e-06	3,06106118474e-06	3,18914751277e-06	3,18914751277e-06	3,18914751277e-06	3,18914751277e-06
81900	-1,42985165252e-06	-1,42985165252e-06	-1,42985165252e-06	-1,42985165252e-06	-1,56575487814e-06	-1,56575487814e-06	-1,56575487814e-06	-1,7992421789e-06	-1,7992421789e-06	-1,7992421789e-06	-1,7992421789e-06	-1,7992421789e-06	-1,7992421789e-06	-1,84368439133e-06	-1,84368439133e-06	-1,84368439133e-06	-1,84368439133e-06
82800	5,36255091488e-06	5,36255091488e-06	5,36255091488e-06	5,36255091488e-06	5,88199370884e-06	5,88199370884e-06	5,88199370884e-06	6,69918234058e-06	6,69918234058e-06	6,69918234058e-06	6,69918234058e-06	6,69918234058e-06	6,69918234058e-06	6,8599894782e-06	6,8599894782e-06	6,8599894782e-06	6,8599894782e-06
83700	9,68910428899e-07	9,68910428899e-07	9,68910428899e-07	9,68910428899e-07	1,04934559374e-06	1,04934559374e-06	1,04934559374e-06	1,27750526028e-06	1,27750526028e-06	1,27750526028e-06	1,27750526028e-06	1,27750526028e-06	1,27750526028e-06	1,36574348811e-06	1,36574348811e-06	1,36574348811e-06	1,36574348811e-06
84600	5,20092625306e-07	5,20092625306e-07	5,20092625306e-07	5,20092625306e-07	5,6926479908e-07	5,6926479908e-07	5,6926479908e-07	6,5575987837e-07	6,5575987837e-07	6,5575987837e-07	6,5575987837e-07	6,5575987837e-07	6,5575987837e-07	6,60529095094e-07	6,60529095094e-07	6,60529095094e-07	6,60529095094e-07
85500	2,43542548119e-06	2,43542548119e-06	2,43542548119e-06	2,43542548119e-06	2,66081849917e-06	2,66081849917e-06	2,66081849917e-06	3,09503313761e-06	3,09503313761e-06	3,09503313761e-06	3,09503313761e-06	3,09503313761e-06	3,09503313761e-06	3,21344348299e-06	3,21344348299e-06	3,21344348299e-06	3,21344348299e-06
86400	4,85933476028e-06	4,85933476028e-06	4,85933476028e-06	4,85933476028e-06	5,29633270701e-06	5,29633270701e-06	5,29633270701e-06	6,23904249535e-06	6,23904249535e-06	6,23904249535e-06	6,23904249535e-06	6,23904249535e-06	6,23904249535e-06	6,45843905991e-06	6,45843905991e-06	6,45843905991e-06	6,45843905991e-06
87300	7,90576804771e-07	7,90576804771e-07	7,90576804771e-07	7,90576804771e-07	8,84068686541e-07	8,84068686541e-07	8,84068686541e-07	9,03066560529e-07	9,03066560529e-07	9,03066560529e-07	9,03066560529e-07	9,03066560529e-07	9,03066560529e-07	8,53379507627e-07	8,53379507627e-07	8,53379507627e-07	8,53379507627e-07
88200	5,67434685207e-09	5,67434685207e-09	5,67434685207e-09	5,67434685207e-09	-2,18118778082e-09	-2,18118778082e-09	-2,18118778082e-09	4,91145918207e-08	4,91145918207e-08	4,91145918207e-08	4,91145918207e-08	4,91145918207e-08	4,91145918207e-08	8,69529839223e-08	8,69529839223e-08	8,69529839223e-08	8,69529839223e-08
89100	2,08931126176e-06	2,08931126176e-06	2,08931126176e-06	2,08931126176e-06	2,28909806728e-06	2,28909806728e-06	2,28909806728e-06	2,62304846051e-06	2,62304846051e-06	2,62304846051e-06	2,62304846051e-06	2,62304846051e-06	2,62304846051e-06	2,7237936806e-06	2,7237936806e-06	2,7237936806e-06	2,7237936806e-06
90000	1,50242466429e-06	1,50242466429e-06	1,50242466429e-06	1,50242466429e-06	1,64719922091e-06	1,64719922091e-06	1,64719922091e-06	1,88069644662e-06	1,88069644662e-06	1,88069644662e-06	1,88069644662e-06	1,88069644662e-06	1,88069644662e-06	1,94869720266e-06	1,94869720266e-06	1,94869720266e-06	1,94869720266e-06
90900	-5,46307688992e-07	-5,46307688992e-07	-5,46307688992e-07	-5,46307688992e-07	-5,85327757021e-07	-5,85327757021e-07	-5,85327757021e-07	-7,51966245313e-07	-7,51966245313e-07	-7,51966245313e-07	-7,51966245313e-07	-7,51966245313e-07	-7,51966245313e-07	-8,21025845951e-07	-8,21025845951e-07	-8,21025845951e-07	-8,21025845951e-07
91800	1,84215262619e-06	1,84215262619e-06	1,84215262619e-06	1,84215262619e-06	2,01669557531e-06	2,01669557531e-06	2,01669557531e-06	2,32079915276e-06	2,32079915276e-06	2,32079915276e-06	2,32079915276e-06	2,32079915276e-06	2,32079915276e-06	2,38406594337e-06	2,38406594337e-06	2,38406594337e-06	2,38406594337e-06
92700	-1,06160538652e-06	-1,06160538652e-06	-1,06160538652e-06	-1,06160538652e-06	-1,16125662917e-06	-1,16125662917e-06	-1,16125662917e-06	-1,34211874167e-06	-1,34211874167e-06	-1,34211874167e-06	-1,34211874167e-06	-1,34211874167e-06	-1,34211874167e-06	-1,39697713723e-06	-1,39697713723e-06	-1,39697713723e-06	-1,39697713723e-06
93600	-2,82021320112e-07	-2,82021320112e-07	-2,82021320112e-07	-2,82021320112e-07	-3,03637799614e-07	-3,03637799614e-07	-3,03637799614e-07	-3,80823349281e-07	-3,80823349281e-07	-3,80823349281e-07	-3,80823349281e-07	-3,80823349281e-07	-3,80823349281e-07	-3,92104226071e-07	-3,92104226071e-07	-3,92104226071e-07	-3,92104226071e-07
94500	5,89147960797e-07	5,89147960797e-07	5,89147960797e-07	5,89147960797e-07	6,38284427134e-07	6,38284427134e-07	6,38284427134e-07	7,75651174701e-07	7,75651174701e-07	7,75651174701e-07	7,75651174701e-07	7,75651174701e-07	7,75651174701e-07	8,3386059417e-07	8,3386059417e-07	8,3386059417e-07	8,3386059417e-07
95400	4,68479101357e-07	4,68479101357e-07	4,68479101357e-07	4,68479101357e-07	5,1541026965e-07	5,1541026965e-07	5,1541026965e-07	5,77488874453e-07	5,77488874453e-07	5,77488874453e-07	5,77488874453e-07	5,77488874453e-07	5,77488874453e-07	5,88350345254e-07	5,88350345254e-07	5,88350345254e-07	5,88350345254e-07
96300	9,63131389301e-07	9,63131389301e-07	9,63131389301e-07	9,63131389301e-07	1,05873662236e-06	1,05873662236e-06	1,05873662236e-06	1,19163650758e-06	1,19163650758e-06	1,19163650758e-06	1,19163650758e-06	1,19163650758e-06	1,19163650758e-06	1,21167683321e-06	1,21167683321e-06	1,21167683321e-06	1,21167683321e-06
97200	-5,3374455943e-07	-5,3374455943e-07	-5,3374455943e-07	-5,3374455943e-07	-5,85809189018e-07	-5,85809189018e-07	-5,85809189018e-07	-6,64964281825e-07	-6,64964281825e-07	-6,64964281825e-07	-6,64964281825e-07	-6,64964281825e-07	-6,64964281825e-07	-6,90721001265e-07	-6,90721001265e-07	-6,90721001265e-07	-6,90721001265e-07
98100	-3,28169882702e-07	-3,28169882702e-07	-3,28169882702e-07	-3,28169882702e-07	-3,58717798447e-07	-3,58717798447e-07	-3,58717798447e-07	-4,16168266659e-07	-4,16168266659e-07	-4,16168266659e-07	-4,16168266659e-07	-4,16168266659e-07	-4,16168266659e-07	-4,36966072837e-07	-4,36966072837e-07	-4,36966072837e-07	-4,36966072837e-07
99000	-1,58567633618e-07	-1,58567633618e-07	-1,58567633618e-07	-1,58567633618e-07	-1,75474713401e-07	-1,75474713401e-07	-1,75474713401e-07	-1,90353844567e-07	-1,90353844567e-07	-1,90353844567e-07	-1,90353844567e-07	-1,90353844567e-07	-1,90353844567e-07	-1,69991034822e-07	-1,69991034822e-07	-1,69991034822e-07	-1,69991034822e-07
99900	-1,20941060581e-07	-1,20941060581e-07	-1,20941060581e-07	-1,20941060581e-07	-1,37024773624e-07	-1,37024773624e-07	-1,37024773624e-07	-1,29242106955e-07	-1,29242106955e-07	-1,29242106955e-07	-1,29242106955e-07	-1,29242106955e-07	-1,29242106955e-07	-1,2070307474e-07	-1,2070307474e-07	-1,2070307474e-07	-1,2070307474e-07
100800	1,60033332067e-06	1,60033332067e-06	1,60033332067e-06	1,60033332067e-06	1,75228773584e-06	1,75228773584e-06	1,75228773584e-06	2,01452937395e-06	2,01452937395e-06	2,01452937395e-06	2,01452937395e-06	2,01452937395e-06	2,01452937395e-06	2,05559921201e-06	2,05559921201e-06	2,05559921201e-06	2,05559921201e-06
101700	-1,08019881827e-06	-1,08019881827e-06	-1,08019881827e-06	-1,08019881827e-06	-1,17724566707e-06	-1,17724566707e-06	-1,17724566707e-06	-1,38737386133e-06	-1,38737386133e-06	-1,38737386133e-06	-1,38737386133e-06	-1,38737386133e-06	-1,38737386133e-06	-1,43577581619e-06	-1,43577581619e-06	-1,43577581619e-06	-1,43577581619e-06
102600	-5,690050764e-07	-5,690050764e-07	-5,690050764e-07	-5,690050764e-07	-6,22489156426e-07	-6,22489156426e-07	-6,22489156426e-07	-7,18993859955e-07	-7,18993859955e-07	-7,18993859955e-07	-7,18993859955e-07	-7,18993859955e-07	-7,18993859955e-07	-7,29868847594e-07	-7,29868847594e-07	-7,29868847594e-07	-7,29868847594e-07
103500	5,98130598434e-07	5,98130598434e-07	5,98130598434e-07	5,98130598434e-07	6,55333419629e-07	6,55333419629e-07	6,55333419629e-07	7,50891496733e-07	7,50891496733e-07	7,50891496733e-07	7,50891496733e-07	7,50891496733e-07	7,50891496733e-07	7,60321949075e-07	7,60321949075e-07	7,60321949075e-07	7,60321949075e-07
104400	-2,31096674433e-06	-2,31096674433e-06	-2,31096674433e-06	-2,31096674433e-06	-2,53937921729e-06	-2,53937921729e-06	-2,53937921729e-06	-2,86417702696e-06	-2,86417702696e-06	-2,86417702696e-06	-2,86417702696e-06	-2,86417702696e-06	-2,86417702696e-06	-2,89005962196e-06	-2,89005962196e-06	-2,89005962196e-06	-2,89005962196e-06
105300	2,83047309026e-07	2,83047309026e-07	2,83047309026e-07	2,83047309026e-07	3,02881621336e-07	3,02881621336e-07	3,02881621336e-07	3,91512816287e-07	3,91512816287e-07	3,91512816287e-07	3,91512816287e-07	3,91512816287e-07	3,91512816287e-07	3,80049462179e-07	3,80049462179e-07	3,80049462179e-07	3,80049462179e-07
106200	-2,86627800951e-07	-2,86627800951e-07	-2,86627800951e-07	-2,86627800951e-07	-3,08581451029e-07	-3,08581451029e-07	-3,08581451029e-07	-3,87123186825e-07	-3,87123186825e-07	-3,87123186825e-07	-3,87123186825e-07	-3,87123186825e-07	-3,87123186825e-07	-4,31514173508e-07	-4,31514173508e-07	-4,31514173508e-07	-4,31514173508e-07
107100	-2,60088189752e-06	-2,60088189752e-06	-2,60088189752e-06	-2,60088189752e-06	-2,82628581471e-06	-2,82628581471e-06	-2,82628581471e-06	-3,3818101221e-06	-3,3818101221e-06	-3,3818101221e-06	-3,3818101221e-06	-3,3818101221e-06	-3,3818101221e-06	-3,51677675124e-06	-3,51677675124e-06	-3,51677675124e-06	-3,51677675124e-06
108000	-4,79905267693e-06	-4,79905267693e-06	-4,79905267693e-06	-4,79905267693e-06	-5,28284299396e-06	-5,28284299396e-06	-5,28284299396e-06	-5,90057699512e-06	-5,90057699512e-06	-5,90057699512e-06	-5,90057699512e-06	-5,90057699512e-06	-5,90057699512e-06	-5,97081325189e-06	-5,97081325189e-06	-5,97081325189e-06	-5,97081325189e-06
108900	-5,3717848151e-07	-5,3717848151e-07	-5,3717848151e-07	-5,3717848151e-07	-5,8391270544e-07	-5,8391270544e-07	-5,8391270544e-07	-6,9756927934e-07	-6,9756927934e-07	-6,9756927934e-07	-6,9756927934e-07	-6,9756927934e-07	-6,9756927934e-07	-7,68943561743e-07	-7,68943561743e-07	-7,68943561743e-07	-7,68943561743e-07
109800	-3,59862470876e-06	-3,59862470876e-06	-3,59862470876e-06	-3,59862470876e-06	-3,95584222028e-06	-3,95584222028e-06	-3,95584222028e-06	-4,45240639727e-06	-4,45240639727e-06	-4,45240639727e-06	-4,45240639727e-06	-4,45240639727e-06	-4,45240639727e-06	-4,53466119693e-06	-4,53466119693e-06	-4,53466119693e-06	-4,53466119693e-06
110700	-1,13587442077e-06	-1,13587442077e-06	-1,13587442077e-06	-1,13587442077e-06	-1,26823771603e-06	-1,26823771603e-06	-1,26823771603e-06	-1,30730958741e-06	-1,30730958741e-06	-1,30730958741e-06	-1,30730958741e-06	-1,30730958741e-06	-1,30730958741e-06	-1,308998117e-06	-1,308998117e-06	-1,308998117e-06	-1,308998117e-06
111600	-2,32943454479e-06	-2,32943454479e-06	-2,32943454479e-06	-2,32943454479e-06	-2,51187641393e-06	-2,51187641393e-06	-2,51187641393e-06	-3,12604540494e-06	-3,12604540494e-06	-3,12604540494e-06	-3,12604540494e-06	-3,12604540494e-06	-3,12604540494e-06	-3,32363109165e-06	-3,32363109165e-06	-3,32363109165e-06	-3,32363109165e-06
112500	3,61252790548e-07	3,61252790548e-07	3,61252790548e-07	3,61252790548e-07	4,11451164478e-07	4,11451164478e-07	4,11451164478e-07	3,75267752396e-07	3,75267752396e-07	3,75267752396e-07	3,75267752396e-07	3,75267752396e-07	3,75267752396e-07	3,70010393488e-07	3,70010393488e-07	3,70010393488e-07	3,70010393488e-07
113400	-3,43226793481e-06	-3,43226793481e-06	-3,43226793481e-06	-3,43226793481e-06	-3,77980189861e-06	-3,77980189861e-06	-3,77980189861e-06	-4,21243181586e-06	-4,21243181586e-06	-4,21243181586e-06	-4,21243181586e-06	-4,21243181586e-06	-4,21243181586e-06	-4,33599330545e-06	-4,33599330545e-06	-4,33599330545e-06	-4,33599330545e-06
114300	-3,2019229543e-07	-3,2019229543e-07	-3,2019229543e-07	-3,2019229543e-07	-3,34225815777e-07	-3,34225815777e-07	-3,34225815777e-07	-4,84910479783e-07	-4,84910479783e-07	-4,84910479783e-07	-4,84910479783e-07	-4,84910479783e-07	-4,84910479783e-07	-5,68342626778e-07	-5,68342626778e-07	-5,68342626778e-07	-5,68342626778e-07
115200	-7,08895788417e-06	-7,08895788417e-06	-7,08895788417e-06	-7,08895788417e-06	-7,77155948657e-06	-7,77155948657e-06	-7,77155948657e-06	-8,90109863343e-06	-8,90109863343e-06	-8,90109863343e-06	-8,90109863343e-06	-8,90109863343e-06	-8,90109863343e-06	-9,14100682375e-06	-9,14100682375e-06	-9,14100682375e-06	-9,14100682375e-06
116100	-1,705526141e-06	-1,705526141e-06	-1,705526141e-06	-1,705526141e-06	-1,86564124212e-06	-1,86564124212e-06	-1,86564124212e-06	-2,15816083207e-06	-2,15816083207e-06	-2,15816083207e-06	-2,15816083207e-06	-2,15816083207e-06	-2,15816083207e-06	-2,12394591882e-06	-2,12394591882e-06	-2,12394591882e-06	-2,12394591882e-06
117000	-4,1761732884e-06	-4,1761732884e-06	-4,1761732884e-06	-4,1761732884e-06	-4,59919311372e-06	-4,59919311372e-06	-4,59919311372e-06	-5,13070539652e-06	-5,13070539652e-06	-5,13070539652e-06	-5,13070539652e-06	-5,13070539652e-06	-5,13070539652e-06	-5,40367718358e-06	-5,40367718358e-06	-5,40367718358e-06	-5,40367718358e-06
117900	1,24111374e-05	1,24111374e-05	1,24111374e-05	1,24111374e-05	1,36446517331e-05	1,36446517331e-05	1,36446517331e-05	1,53811048431e-05	1,53811048431e-05	1,53811048431e-05	1,53811048431e-05	1,53811048431e-05	1,53811048431e-05	1,58224171997e-05	1,58224171997e-05	1,58224171997e-05	1,58224171997e-05
118800	-6,88033065991e-06	-6,88033065991e-06	-6,88033065991e-06	-6,88033065991e-06	-7,53777929746e-06	-7,53777929746e-06	-7,53777929746e-06	-8,7631199868e-06	-8,7631199868e-06	-8,7631199868e-06	-8,7631199868e-06	-8,7631199868e-06	-8,7631199868e-06	-9,14798879614e-06	-9,14798879614e-06	-9,14798879614e-06	-9,14798879614e-06
119700	2,1399141662e-05	2,1399141662e-05	2,1399141662e-05	2,1399141662e-05	2,32965916414e-05	2,32965916414e-05	2,32965916414e-05	2,68263512723e-05	2,68263512723e-05	2,68263512723e-05	2,68263512723e-05	2,68263512723e-05	2,68263512723e-05	2,7591558645e-05	2,7591558645e-05	2,7591558645e-05	2,7591558645e-05
120600	6,20839678083e-05	6,20839678083e-05	6,20839678083e-05	6,20839678083e-05	6,78048311435e-05	6,78048311435e-05	6,78048311435e-05	7,69174717752e-05	7,69174717752e-05	7,69174717752e-05	7,69174717752e-05	7,69174717752e-05	7,69174717752e-05	7,89856176737e-05	7,89856176737e-05	7,89856176737e-05	7,89856176737e-05
121500	-6,6711617521e-05	-6,6711617521e-05	-6,6711617521e-05	-6,6711617521e-05	-7,27882281979e-05	-7,27882281979e-05	-7,27882281979e-05	-8,27141460978e-05	-8,27141460978e-05	-8,27141460978e-05	-8,27141460978e-05	-8,27141460978e-05	-8,27141460978e-05	-8,47431658181e-05	-8,47431658181e-05	-8,47431658181e-05	-8,47431658181e-05
122400	6,13826477713e-05	6,13826477713e-05	6,13826477713e-05	6,13826477713e-05	6,68699391534e-05	6,68699391534e-05	6,68699391534e-05	7,60646687024e-05	7,60646687024e-05	7,60646687024e-05	7,60646687024e-05	7,60646687024e-05	7,60646687024e-05	7,8268880901e-05	7,8268880901e-05	7,8268880901e-05	7,8268880901e-05
123300	1,4036425418e-05	1,4036425418e-05	1,4036425418e-05	1,4036425418e-05	1,55225121059e-05	1,55225121059e-05	1,55225121059e-05	1,69092979278e-05	1,69092979278e-05	1,69092979278e-05	1,69092979278e-05	1,69092979278e-05	1,69092979278e-05	1,67737460177e-05	1,67737460177e-05	1,67737460177e-05	1,67737460177e-05
124200	-2,42387642311e-07	-2,42387642311e-07	-2,42387642311e-07	-2,42387642311e-07	-3,7781049589e-07	-3,7781049589e-07	-3,7781049589e-07	8,57850637158e-09	8,57850637158e-09	8,57850637158e-09	8,57850637158e-09	8,57850637158e-09	8,57850637158e-09	2,09068509589e-07	2,09068509589e-07	2,09068509589e-07	2,09068509589e-07
125100	2,58687325093e-05	2,58687325093e-05	2,58687325093e-05	2,58687325093e-05	2,83417293797e-05	2,83417293797e-05	2,83417293797e-05	3,17124156013e-05	3,17124156013e-05	3,17124156013e-05	3,17124156013e-05	3,17124156013e-05	3,17124156013e-05	3,24736753406e-05	3,24736753406e-05	3,24736753406e-05	3,24736753406e-05
126000	-9,6920993502e-06	-9,6920993502e-06	-9,6920993502e-06	-9,6920993502e-06	-1,0587928093e-05	-1,0587928093e-05	-1,0587928093e-05	-1,17905970718e-05	-1,17905970718e-05	-1,17905970718e-05	-1,17905970718e-05	-1,17905970718e-05	-1,17905970718e-05	-1,18740708317e-05	-1,18740708317e-05	-1,18740708317e-05	-1,18740708317e-05
126900	1,82250360854e-06	1,82250360854e-06	1,82250360854e-06	1,82250360854e-06	1,9828653136e-06	1,9828653136e-06	1,9828653136e-06	1,92609394457e-06	1,92609394457e-06	1,92609394457e-06	1,92609394457e-06	1,92609394457e-06	1,92609394457e-06	1,96692807149e-06	1,96692807149e-06	1,96692807149e-06	1,96692807149e-06
127800	-1,07392131049e-05	-1,07392131049e-05	-1,07392131049e-05	-1,07392131049e-05	-1,17292859165e-05	-1,17292859165e-05	-1,17292859165e-05	-1,29140316053e-05	-1,29140316053e-05	-1,29140316053e-05	-1,29140316053e-05	-1,29140316053e-05	-1,29140316053e-05	-1,32261575664e-05	-1,32261575664e-05	-1,32261575664e-05	-1,32261575664e-05
128700	1,70669723433e-05	1,70669723433e-05	1,70669723433e-05	1,70669723433e-05	1,85462065289e-05	1,85462065289e-05	1,85462065289e-05	2,14054031876e-05	2,14054031876e-05	2,14054031876e-05	2,14054031876e-05	2,14054031876e-05	2,14054031876e-05	2,2028809307e-05	2,2028809307e-05	2,2028809307e-05	2,2028809307e-05
129600	-3,28302995668e-06	-3,28302995668e-06	-3,28302995668e-06	-3,28302995668e-06	-3,5732321822e-06	-3,5732321822e-06	-3,5732321822e-06	-3,96724744574e-06	-3,96724744574e-06	-3,96724744574e-06	-3,96724744574e-06	-3,96724744574e-06	-3,96724744574e-06	-3,99398578801e-06	-3,99398578801e-06	-3,99398578801e-06	-3,99398578801e-06
130500	-1,31954938585e-05	-1,31954938585e-05	-1,31954938585e-05	-1,31954938585e-05	-1,44694264528e-05	-1,44694264528e-05	-1,44694264528e-05	-1,628593911e-05	-1,628593911e-05	-1,628593911e-05	-1,628593911e-05	-1,628593911e-05	-1,628593911e-05	-1,66525304933e-05	-1,66525304933e-05	-1,66525304933e-05	-1,66525304933e-05
131400	1,86582361599e-06	1,86582361599e-06	1,86582361599e-06	1,86582361599e-06	2,09099541624e-06	2,09099541624e-06	2,09099541624e-06	1,92247675848e-06	1,92247675848e-06	1,92247675848e-06	1,92247675848e-06	1,92247675848e-06	1,92247675848e-06	1,8536221595e-06	1,8536221595e-06	1,8536221595e-06	1,8536221595e-06
132300	-5,48138127394e-07	-5,48138127394e-07	-5,48138127394e-07	-5,48138127394e-07	-5,62061781741e-07	-5,62061781741e-07	-5,62061781741e-07	-6,99248378492e-07	-6,99248378492e-07	-6,99248378492e-07	-6,99248378492e-07	-6,99248378492e-07	-6,99248378492e-07	-7,98427923061e-07	-7,98427923061e-07	-7,98427923061e-07	-7,98427923061e-07
133200	-5,17078232288e-06	-5,17078232288e-06	-5,17078232288e-06	-5,17078232288e-06	-5,61506298188e-06	-5,61506298188e-06	-5,61506298188e-06	-6,41558916833e-06	-6,41558916833e-06	-6,41558916833e-06	-6,41558916833e-06	-6,41558916833e-06	-6,41558916833e-06	-6,65518459214e-06	-6,65518459214e-06	-6,65518459214e-06	-6,65518459214e-06
134100	-2,31900692972e-05	-2,31900692972e-05	-2,31900692972e-05	-2,31900692972e-05	-2,52829520215e-05	-2,52829520215e-05	-2,52829520215e-05	-2,87032792133e-05	-2,87032792133e-05	-2,87032792133e-05	-2,87032792133e-05	-2,87032792133e-05	-2,87032792133e-05	-2,93735006404e-05	-2,93735006404e-05	-2,93735006404e-05	-2,93735006404e-05
135000	1,75108959438e-05	1,75108959438e-05	1,75108959438e-05	1,75108959438e-05	1,91217275057e-05	1,91217275057e-05	1,91217275057e-05	2,1680780495e-05	2,1680780495e-05	2,1680780495e-05	2,1680780495e-05	2,1680780495e-05	2,1680780495e-05	2,2256096829e-05	2,2256096829e-05	2,2256096829e-05	2,2256096829e-05
135900	1,01318326226e-05	1,01318326226e-05	1,01318326226e-05	1,01318326226e-05	1,10392609235e-05	1,10392609235e-05	1,10392609235e-05	1,25746307867e-05	1,25746307867e-05	1,25746307867e-05	1,25746307867e-05	1,25746307867e-05	1,25746307867e-05	1,28187345725e-05	1,28187345725e-05	1,28187345725e-05	1,28187345725e-05
136800	-2,04556703954e-05	-2,04556703954e-05	-2,04556703954e-05	-2,04556703954e-05	-2,23676661119e-05	-2,23676661119e-05	-2,23676661119e-05	-2,49336405345e-05	-2,49336405345e-05	-2,49336405345e-05	-2,49336405345e-05	-2,49336405345e-05	-2,49336405345e-05	-2,54192693339e-05	-2,54192693339e-05	-2,54192693339e-05	-2,54192693339e-05
137700	3,56993195387e-05	3,56993195387e-05	3,56993195387e-05	3,56993195387e-05	3,89653243352e-05	3,89653243352e-05	3,89653243352e-05	4,41273233079e-05	4,41273233079e-05	4,41273233079e-05	4,41273233079e-05	4,41273233079e-05	4,41273233079e-05	4,53073941053e-05	4,53073941053e-05	4,53073941053e-05	4,53073941053e-05
138600	1,93832065004e-05	1,93832065004e-05	1,93832065004e-05	1,93832065004e-05	2,11510668228e-05	2,11510668228e-05	2,11510668228e-05	2,37548776158e-05	2,37548776158e-05	2,37548776158e-05	2,37548776158e-05	2,37548776158e-05	2,37548776158e-05	2,43151831939e-05	2,43151831939e-05	2,43151831939e-05	2,43151831939e-05
139500	-5,98738585789e-05	-5,98738585789e-05	-5,98738585789e-05	-5,98738585789e-05	-6,53565597984e-05	-6,53565597984e-05	-6,53565597984e-05	-7,39883866166e-05	-7,39883866166e-05	-7,39883866166e-05	-7,39883866166e-05	-7,39883866166e-05	-7,39883866166e-05	-7,58083281295e-05	-7,58083281295e-05	-7,58083281295e-05	-7,58083281295e-05
140400	-1,95720084497e-05	-1,95720084497e-05	-1,95720084497e-05	-1,95720084497e-05	-2,13820176057e-05	-2,13820176057e-05	-2,13820176057e-05	-2,4066562894e-05	-2,4066562894e-05	-2,4066562894e-05	-2,4066562894e-05	-2,4066562894e-05	-2,4066562894e-05	-2,47568280224e-05	-2,47568280224e-05	-2,47568280224e-05	-2,47568280224e-05
141300	-2,44981654612e-05	-2,44981654612e-05	-2,44981654612e-05	-2,44981654612e-05	-2,66654136149e-05	-2,66654136149e-05	-2,66654136149e-05	-3,04013462422e-05	-3,04013462422e-05	-3,04013462422e-05	-3,04013462422e-05	-3,04013462422e-05	-3,04013462422e-05	-3,12461521706e-05	-3,12461521706e-05	-3,12461521706e-05	-3,12461521706e-05
142200	5,5481502156e-06	5,5481502156e-06	5,5481502156e-06	5,5481502156e-06	6,05306955151e-06	6,05306955151e-06	6,05306955151e-06	6,7602374125e-06	6,7602374125e-06	6,7602374125e-06	6,7602374125e-06	6,7602374125e-06	6,7602374125e-06	6,85522776187e-06	6,85522776187e-06	6,85522776187e-06	6,85522776187e-06
143100	-7,02998530647e-06	-7,02998530647e-06	-7,02998530647e-06	-7,02998530647e-06	-7,6930585411e-06	-7,6930585411e-06	-7,6930585411e-06	-8,69296797084e-06	-8,69296797084e-06	-8,69296797084e-06	-8,69296797084e-06	-8,69296797084e-06	-8,69296797084e-06	-8,80975616763e-06	-8,80975616763e-06	-8,80975616763e-06	-8,80975616763e-06
144000	-2,03741436945e-05	-2,03741436945e-05	-2,03741436945e-05	-2,03741436945e-05	-2,22221749123e-05	-2,22221749123e-05	-2,22221749123e-05	-2,53575620201e-05	-2,53575620201e-05	-2,53575620201e-05	-2,53575620201e-05	-2,53575620201e-05	-2,53575620201e-05	-2,62730587346e-05	-2,62730587346e-05	-2,62730587346e-05	-2,62730587346e-05
144900	9,41229666765e-07	9,41229666765e-07	9,41229666765e-07	9,41229666765e-07	1,03321769455e-06	1,03321769455e-06	1,03321769455e-06	1,17175420583e-06	1,17175420583e-06	1,17175420583e-06	1,17175420583e-06	1,17175420583e-06	1,17175420583e-06	1,25383443859e-06	1,25383443859e-06	1,25383443859e-06	1,25383443859e-06
145800	3,0428109184e-06	3,0428109184e-06	3,0428109184e-06	3,0428109184e-06	3,31161239166e-06	3,31161239166e-06	3,31161239166e-06	3,93094044197e-06	3,93094044197e-06	3,93094044197e-06	3,93094044197e-06	3,93094044197e-06	3,93094044197e-06	4,09270374229e-06	4,09270374229e-06	4,09270374229e-06	4,09270374229e-06
146700	-7,80543051961e-06	-7,80543051961e-06	-7,80543051961e-06	-7,80543051961e-06	-8,53740604492e-06	-8,53740604492e-06	-8,53740604492e-06	-9,87143921043e-06	-9,87143921043e-06	-9,87143921043e-06	-9,87143921043e-06	-9,87143921043e-06	-9,87143921043e-06	-1,01759314915e-05	-1,01759314915e-05	-1,01759314915e-05	-1,01759314915e-05
147600	4,71954900536e-08	4,71954900536e-08	4,71954900536e-08	4,71954900536e-08	3,2498992086e-08	3,2498992086e-08	3,2498992086e-08	1,55299518071e-07	1,55299518071e-07	1,55299518071e-07	1,55299518071e-07	1,55299518071e-07	1,55299518071e-07	2,43783199392e-07	2,43783199392e-07	2,43783199392e-07	2,43783199392e-07
148500	-5,46461818472e-06	-5,46461818472e-06	-5,46461818472e-06	-5,46461818472e-06	-6,02139025191e-06	-6,02139025191e-06	-6,02139025191e-06	-6,71457712846e-06	-6,71457712846e-06	-6,71457712846e-06	-6,71457712846e-06	-6,71457712846e-06	-6,71457712846e-06	-6,85854925164e-06	-6,85854925164e-06	-6,85854925164e-06	-6,85854925164e-06
149400	-7,73338502612e-06	-7,73338502612e-06	-7,73338502612e-06	-7,73338502612e-06	-8,60256587601e-06	-8,60256587601e-06	-8,60256587601e-06	-9,07085963393e-06	-9,07085963393e-06	-9,07085963393e-06	-9,07085963393e-06	-9,07085963393e-06	-9,07085963393e-06	-9,12487888469e-06	-9,12487888469e-06	-9,12487888469e-06	-9,12487888469e-06
150300	6,15717161858e-06	6,15717161858e-06	6,15717161858e-06	6,15717161858e-06	6,81897573156e-06	6,81897573156e-06	6,81897573156e-06	7,37355348072e-06	7,37355348072e-06	7,37355348072e-06	7,37355348072e-06	7,37355348072e-06	7,37355348072e-06	7,46189744105e-06	7,46189744105e-06	7,46189744105e-06	7,46189744105e-06
151200	-6,65908842757e-06	-6,65908842757e-06	-6,65908842757e-06	-6,65908842757e-06	-7,35077292105e-06	-7,35077292105e-06	-7,35077292105e-06	-8,0952098379e-06	-8,0952098379e-06	-8,0952098379e-06	-8,0952098379e-06	-8,0952098379e-06	-8,0952098379e-06	-8,34052521604e-06	-8,34052521604e-06	-8,34052521604e-06	-8,34052521604e-06
152100	3,70017675781e-07	3,70017675781e-07	3,70017675781e-07	3,70017675781e-07	4,36595432165e-07	4,36595432165e-07	4,36595432165e-07	3,09017080789e-07	3,09017080789e-07	3,09017080789e-07	3,09017080789e-07	3,09017080789e-07	3,09017080789e-07	3,68612626015e-07	3,68612626015e-07	3,68612626015e-07	3,68612626015e-07
153000	-3,74820321107e-07	-3,74820321107e-07	-3,74820321107e-07	-3,74820321107e-07	-3,02756196862e-07	-3,02756196862e-07	-3,02756196862e-07	-1,01148591567e-06	-1,01148591567e-06	-1,01148591567e-06	-1,01148591567e-06	-1,01148591567e-06	-1,01148591567e-06	-1,3095815126e-06	-1,3095815126e-06	-1,3095815126e-06	-1,3095815126e-06
153900	-3,63133048462e-06	-3,63133048462e-06	-3,63133048462e-06	-3,63133048462e-06	-3,96293498567e-06	-3,96293498567e-06	-3,96293498567e-06	-4,64353268786e-06	-4,64353268786e-06	-4,64353268786e-06	-4,64353268786e-06	-4,64353268786e-06	-4,64353268786e-06	-4,84449694718e-06	-4,84449694718e-06	-4,84449694718e-06	-4,84449694718e-06
154800	-1,27413662684e-06	-1,27413662684e-06	-1,27413662684e-06	-1,27413662684e-06	-1,36264366483e-06	-1,36264366483e-06	-1,36264366483e-06	-1,76899484443e-06	-1,76899484443e-06	-1,76899484443e-06	-1,76899484443e-06	-1,76899484443e-06	-1,76899484443e-06	-1,94103977283e-06	-1,94103977283e-06	-1,94103977283e-06	-1,94103977283e-06
155700	8,26663069833e-07	8,26663069833e-07	8,26663069833e-07	8,26663069833e-07	8,86174854093e-07	8,86174854093e-07	8,86174854093e-07	1,13711281528e-06	1,13711281528e-06	1,13711281528e-06	1,13711281528e-06	1,13711281528e-06	1,13711281528e-06	1,18431055701e-06	1,18431055701e-06	1,18431055701e-06	1,18431055701e-06
156600	3,40180142632e-06	3,40180142632e-06	3,40180142632e-06	3,40180142632e-06	3,75607927185e-06	3,75607927185e-06	3,75607927185e-06	4,1312800143e-06	4,1312800143e-06	4,1312800143e-06	4,1312800143e-06	4,1312800143e-06	4,1312800143e-06	4,20922974326e-06	4,20922974326e-06	4,20922974326e-06	4,20922974326e-06
157500	-4,15414623513e-06	-4,15414623513e-06	-4,15414623513e-06	-4,15414623513e-06	-4,6331916259e-06	-4,6331916259e-06	-4,6331916259e-06	-4,81223439047e-06	-4,81223439047e-06	-4,81223439047e-06	-4,81223439047e-06	-4,81223439047e-06	-4,81223439047e-06	-4,5863607217e-06	-4,5863607217e-06	-4,5863607217e-06	-4,5863607217e-06
158400	2,86601186919e-06	2,86601186919e-06	2,86601186919e-06	2,86601186919e-06	3,13422512707e-06	3,13422512707e-06	3,13422512707e-06	3,6326148235e-06	3,6326148235e-06	3,6326148235e-06	3,6326148235e-06	3,6326148235e-06	3,6326148235e-06	3,79716268252e-06	3,79716268252e-06	3,79716268252e-06	3,79716268252e-06
159300	1,87250192777e-06	1,87250192777e-06	1,87250192777e-06	1,87250192777e-06	2,03545585681e-06	2,03545585681e-06	2,03545585681e-06	2,43434089887e-06	2,43434089887e-06	2,43434089887e-06	2,43434089887e-06	2,43434089887e-06	2,43434089887e-06	2,45808210953e-06	2,45808210953e-06	2,45808210953e-06	2,45808210953e-06
160200	8,74004793736e-06	8,74004793736e-06	8,74004793736e-06	8,74004793736e-06	9,59188555718e-06	9,59188555718e-06	9,59188555718e-06	1,09049308072e-05	1,09049308072e-05	1,09049308072e-05	1,09049308072e-05	1,09049308072e-05	1,09049308072e-05	1,11330423643e-05	1,11330423643e-05	1,11330423643e-05	1,11330423643e-05
161100	-6,46137819325e-07	-6,46137819325e-07	-6,46137819325e-07	-6,46137819325e-07	-6,76858372066e-07	-6,76858372066e-07	-6,76858372066e-07	-9,67527263647e-07	-9,67527263647e-07	-9,67527263647e-07	-9,67527263647e-07	-9,67527263647e-07	-9,67527263647e-07	-1,04916544452e-06	-1,04916544452e-06	-1,04916544452e-06	-1,04916544452e-06
162000	2,52185597763e-06	2,52185597763e-06	2,52185597763e-06	2,52185597763e-06	2,7735933533e-06	2,7735933533e-06	2,7735933533e-06	3,13872233674e-06	3,13872233674e-06	3,13872233674e-06	3,13872233674e-06	3,13872233674e-06	3,13872233674e-06	3,2560821401e-06	3,2560821401e-06	3,2560821401e-06	3,2560821401e-06
162900	-1,10175047215e-06	-1,10175047215e-06	-1,10175047215e-06	-1,10175047215e-06	-1,2027141566e-06	-1,2027141566e-06	-1,2027141566e-06	-1,42890521726e-06	-1,42890521726e-06	-1,42890521726e-06	-1,42890521726e-06	-1,42890521726e-06	-1,42890521726e-06	-1,48014374265e-06	-1,48014374265e-06	-1,48014374265e-06	-1,48014374265e-06
163800	7,43023175776e-07	7,43023175776e-07	7,43023175776e-07	7,43023175776e-07	7,84879344647e-07	7,84879344647e-07	7,84879344647e-07	1,0798251757e-06	1,0798251757e-06	1,0798251757e-06	1,0798251757e-06	1,0798251757e-06	1,0798251757e-06	1,11535506661e-06	1,11535506661e-06	1,11535506661e-06	1,11535506661e-06
164700	3,5928328009e-06	3,5928328009e-06	3,5928328009e-06	3,5928328009e-06	3,92195148127e-06	3,92195148127e-06	3,92195148127e-06	4,60559596996e-06	4,60559596996e-06	4,60559596996e-06	4,60559596996e-06	4,60559596996e-06	4,60559596996e-06	4,80882162899e-06	4,80882162899e-06	4,80882162899e-06	4,80882162899e-06
165600	7,1404640719e-07	7,1404640719e-07	7,1404640719e-07	7,1404640719e-07	7,82159425867e-07	7,82159425867e-07	7,82159425867e-07	8,97289519217e-07	8,97289519217e-07	8,97289519217e-07	8,97289519217e-07	8,97289519217e-07	8,97289519217e-07	9,34459058222e-07	9,34459058222e-07	9,34459058222e-07	9,34459058222e-07
166500	-1,5536403558e-07	-1,5536403558e-07	-1,5536403558e-07	-1,5536403558e-07	-1,57060242495e-07	-1,57060242495e-07	-1,57060242495e-07	-2,60854524202e-07	-2,60854524202e-07	-2,60854524202e-07	-2,60854524202e-07	-2,60854524202e-07	-2,60854524202e-07	-2,74611977615e-07	-2,74611977615e-07	-2,74611977615e-07	-2,74611977615e-07
167400	2,56250153671e-06	2,56250153671e-06	2,56250153671e-06	2,56250153671e-06	2,80604734852e-06	2,80604734852e-06	2,80604734852e-06	3,22456532835e-06	3,22456532835e-06	3,22456532835e-06	3,22456532835e-06	3,22456532835e-06	3,22456532835e-06	3,28779487085e-06	3,28779487085e-06	3,28779487085e-06	3,28779487085e-06
168300	2,64998279555e-06	2,64998279555e-06	2,64998279555e-06	2,64998279555e-06	2,90426457925e-06	2,90426457925e-06	2,90426457925e-06	3,32254098975e-06	3,32254098975e-06	3,32254098975e-06	3,32254098975e-06	3,32254098975e-06	3,32254098975e-06	3,42445664516e-06	3,42445664516e-06	3,42445664516e-06	3,42445664516e-06
169200	-1,10513663045e-06	-1,10513663045e-06	-1,10513663045e-06	-1,10513663045e-06	-1,22477724101e-06	-1,22477724101e-06	-1,22477724101e-06	-1,31763667661e-06	-1,31763667661e-06	-1,31763667661e-06	-1,31763667661e-06	-1,31763667661e-06	-1,31763667661e-06	-1,30830084214e-06	-1,30830084214e-06	-1,30830084214e-06	-1,30830084214e-06
170100	1,85348038134e-07	1,85348038134e-07	1,85348038134e-07	1,85348038134e-07	1,99714483797e-07	1,99714483797e-07	1,99714483797e-07	2,49482915392e-07	2,49482915392e-07	2,49482915392e-07	2,49482915392e-07	2,49482915392e-07	2,49482915392e-07	2,62027616566e-07	2,62027616566e-07	2,62027616566e-07	2,62027616566e-07
171000	4,18873584282e-06	4,18873584282e-06	4,18873584282e-06	4,18873584282e-06	4,61450332584e-06	4,61450332584e-06	4,61450332584e-06	5,13265978145e-06	5,13265978145e-06	5,13265978145e-06	5,13265978145e-06	5,13265978145e-06	5,13265978145e-06	5,23845115986e-06	5,23845115986e-06	5,23845115986e-06	5,23845115986e-06
171900	-5,25557586665e-08	-5,25557586665e-08	-5,25557586665e-08	-5,25557586665e-08	-4,21610409302e-08	-4,21610409302e-08	-4,21610409302e-08	-1,43083056678e-07	-1,43083056678e-07	-1,43083056678e-07	-1,43083056678e-07	-1,43083056678e-07	-1,43083056678e-07	-1,68879481831e-07	-1,68879481831e-07	-1,68879481831e-07	-1,68879481831e-07
172800	3,35330866552e-07	3,35330866552e-07	3,35330866552e-07	3,35330866552e-07	3,62436942706e-07	3,62436942706e-07	3,62436942706e-07	4,45791583358e-07	4,45791583358e-07	4,45791583358e-07	4,45791583358e-07	4,45791583358e-07	4,45791583358e-07	4,41499679987e-07	4,41499679987e-07	4,41499679987e-07	4,41499679987e-07
173700	3,11494422063e-06	3,11494422063e-06	3,11494422063e-06	3,11494422063e-06	3,40617978789e-06	3,40617978789e-06	3,40617978789e-06	3,94381862426e-06	3,94381862426e-06	3,94381862426e-06	3,94381862426e-06	3,94381862426e-06	3,94381862426e-06	4,03681785119e-06	4,03681785119e-06	4,03681785119e-06	4,03681785119e-06
174600	-1,85015115201e-06	-1,85015115201e-06	-1,85015115201e-06	-1,85015115201e-06	-2,02607793326e-06	-2,02607793326e-06	-2,02607793326e-06	-2,32774605454e-06	-2,32774605454e-06	-2,32774605454e-06	-2,32774605454e-06	-2,32774605454e-06	-2,32774605454e-06	-2,37009592184e-06	-2,37009592184e-06	-2,37009592184e-06	-2,37009592184e-06
175500	4,20113146399e-06	4,20113146399e-06	4,20113146399e-06	4,20113146399e-06	4,60643162678e-06	4,60643162678e-06	4,60643162678e-06	5,25648514954e-06	5,25648514954e-06	5,25648514954e-06	5,25648514954e-06	5,25648514954e-06	5,25648514954e-06	5,44012775672e-06	5,44012775672e-06	5,44012775672e-06	5,44012775672e-06
176400	2,31653639844e-06	2,31653639844e-06	2,31653639844e-06	2,31653639844e-06	2,51277573245e-06	2,51277573245e-06	2,51277573245e-06	3,03469814738e-06	3,03469814738e-06	3,03469814738e-06	3,03469814738e-06	3,03469814738e-06	3,03469814738e-06	3,1623945607e-06	3,1623945607e-06	3,1623945607e-06	3,1623945607e-06
177300	1,7284772422e-07	1,7284772422e-07	1,7284772422e-07	1,7284772422e-07	2,21327609845e-07	2,21327609845e-07	2,21327609845e-07	5,72454556681e-08	5,72454556681e-08	5,72454556681e-08	5,72454556681e-08	5,72454556681e-08	5,72454556681e-08	2,22776253068e-08	2,22776253068e-08	2,22776253068e-08	2,22776253068e-08
178200	1,14194660006e-06	1,14194660006e-06	1,14194660006e-06	1,14194660006e-06	1,24012095691e-06	1,24012095691e-06	1,24012095691e-06	1,48878087138e-06	1,48878087138e-06	1,48878087138e-06	1,48878087138e-06	1,48878087138e-06	1,48878087138e-06	1,51108572824e-06	1,51108572824e-06	1,51108572824e-06	1,51108572824e-06
179100	-2,2531135327e-06	-2,2531135327e-06	-2,2531135327e-06	-2,2531135327e-06	-2,46640850362e-06	-2,46640850362e-06	-2,46640850362e-06	-2,8394715252e-06	-2,8394715252e-06	-2,8394715252e-06	-2,8394715252e-06	-2,8394715252e-06	-2,8394715252e-06	-2,91663516162e-06	-2,91663516162e-06	-2,91663516162e-06	-2,91663516162e-06
180000	2,65178351079e-06	2,65178351079e-06	2,65178351079e-06	2,65178351079e-06	2,90226876019e-06	2,90226876019e-06	2,90226876019e-06	3,34464534022e-06	3,34464534022e-06	3,34464534022e-06	3,34464534022e-06	3,34464534022e-06	3,34464534022e-06	3,44354482067e-06	3,44354482067e-06	3,44354482067e-06	3,44354482067e-06
180900	2,0795538978e-06	2,0795538978e-06	2,0795538978e-06	2,0795538978e-06	2,26392807286e-06	2,26392807286e-06	2,26392807286e-06	2,68319646855e-06	2,68319646855e-06	2,68319646855e-06	2,68319646855e-06	2,68319646855e-06	2,68319646855e-06	2,81635091975e-06	2,81635091975e-06	2,81635091975e-06	2,81635091975e-06
181800	3,41026151953e-07	3,41026151953e-07	3,41026151953e-07	3,41026151953e-07	3,71284042714e-07	3,71284042714e-07	3,71284042714e-07	4,39905727577e-07	4,39905727577e-07	4,39905727577e-07	4,39905727577e-07	4,39905727577e-07	4,39905727577e-07	4,34506365066e-07	4,34506365066e-07	4,34506365066e-07	4,34506365066e-07
182700	4,77398923343e-09	4,77398923343e-09	4,77398923343e-09	4,77398923343e-09	1,93845870384e-08	1,93845870384e-08	1,93845870384e-08	-6,47769098604e-08	-6,47769098604e-08	-6,47769098604e-08	-6,47769098604e-08	-6,47769098604e-08	-6,47769098604e-08	-9,12878842398e-08	-9,12878842398e-08	-9,12878842398e-08	-9,12878842398e-08
183600	-2,88428516188e-07	-2,88428516188e-07	-2,88428516188e-07	-2,88428516188e-07	-3,21807343928e-07	-3,21807343928e-07	-3,21807343928e-07	-3,33118977496e-07	-3,33118977496e-07	-3,33118977496e-07	-3,33118977496e-07	-3,33118977496e-07	-3,33118977496e-07	-3,51523074486e-07	-3,51523074486e-07	-3,51523074486e-07	-3,51523074486e-07
184500	9,4194157744e-07	9,4194157744e-07	9,4194157744e-07	9,4194157744e-07	1,03820034615e-06	1,03820034615e-06	1,03820034615e-06	1,15163465338e-06	1,15163465338e-06	1,15163465338e-06	1,15163465338e-06	1,15163465338e-06	1,15163465338e-06	1,18143636349e-06	1,18143636349e-06	1,18143636349e-06	1,18143636349e-06
185400	-1,16322016612e-06	-1,16322016612e-06	-1,16322016612e-06	-1,16322016612e-06	-1,28404176504e-06	-1,28404176504e-06	-1,28404176504e-06	-1,41242403135e-06	-1,41242403135e-06	-1,41242403135e-06	-1,41242403135e-06	-1,41242403135e-06	-1,41242403135e-06	-1,40342481223e-06	-1,40342481223e-06	-1,40342481223e-06	-1,40342481223e-06
186300	2,08148024434e-06	2,08148024434e-06	2,08148024434e-06	2,08148024434e-06	2,2809361145e-06	2,2809361145e-06	2,2809361145e-06	2,61112746355e-06	2,61112746355e-06	2,61112746355e-06	2,61112746355e-06	2,61112746355e-06	2,61112746355e-06	2,65692504622e-06	2,65692504622e-06	2,65692504622e-06	2,65692504622e-06
187200	-7,69973272289e-07	-7,69973272289e-07	-7,69973272289e-07	-7,69973272289e-07	-8,42463370649e-07	-8,42463370649e-07	-8,42463370649e-07	-9,72357662241e-07	-9,72357662241e-07	-9,72357662241e-07	-9,72357662241e-07	-9,72357662241e-07	-9,72357662241e-07	-1,0043264441e-06	-1,0043264441e-06	-1,0043264441e-06	-1,0043264441e-06
188100	3,62571919152e-07	3,62571919152e-07	3,62571919152e-07	3,62571919152e-07	3,99595148352e-07	3,99595148352e-07	3,99595148352e-07	4,43430287396e-07	4,43430287396e-07	4,43430287396e-07	4,43430287396e-07	4,43430287396e-07	4,43430287396e-07	4,54550728531e-07	4,54550728531e-07	4,54550728531e-07	4,54550728531e-07
189000	-7,80170345783e-08	-7,80170345783e-08	-7,80170345783e-08	-7,80170345783e-08	-8,28046295639e-08	-8,28046295639e-08	-8,28046295639e-08	-1,11310581947e-07	-1,11310581947e-07	-1,11310581947e-07	-1,11310581947e-07	-1,11310581947e-07	-1,11310581947e-07	-9,61033708228e-08	-9,61033708228e-08	-9,61033708228e-08	-9,61033708228e-08
189900	2,82481968196e-07	2,82481968196e-07	2,82481968196e-07	2,82481968196e-07	3,11281272536e-07	3,11281272536e-07	3,11281272536e-07	3,4570779413e-07	3,4570779413e-07	3,4570779413e-07	3,4570779413e-07	3,4570779413e-07	3,4570779413e-07	3,42130977587e-07	3,42130977587e-07	3,42130977587e-07	3,42130977587e-07
190800	1,74418115415e-08	1,74418115415e-08	1,74418115415e-08	1,74418115415e-08	1,16122873827e-08	1,16122873827e-08	1,16122873827e-08	5,93843486193e-08	5,93843486193e-08	5,93843486193e-08	5,93843486193e-08	5,93843486193e-08	5,93843486193e-08	6,69447924591e-08	6,69447924591e-08	6,69447924591e-08	6,69447924591e-08
191700	-1,16715661338e-06	-1,16715661338e-06	-1,16715661338e-06	-1,16715661338e-06	-1,28391970531e-06	-1,28391970531e-06	-1,28391970531e-06	-1,43954070176e-06	-1,43954070176e-06	-1,43954070176e-06	-1,43954070176e-06	-1,43954070176e-06	-1,43954070176e-06	-1,469319295e-06	-1,469319295e-06	-1,469319295e-06	-1,469319295e-06
192600	-1,30440880385e-06	-1,30440880385e-06	-1,30440880385e-06	-1,30440880385e-06	-1,42354110268e-06	-1,42354110268e-06	-1,42354110268e-06	-1,66563194318e-06	-1,66563194318e-06	-1,66563194318e-06	-1,66563194318e-06	-1,66563194318e-06	-1,66563194318e-06	-1,75496826052e-06	-1,75496826052e-06	-1,75496826052e-06	-1,75496826052e-06
193500	1,3672453902e-06	1,3672453902e-06	1,3672453902e-06	1,3672453902e-06	1,49855409721e-06	1,49855409721e-06	1,49855409721e-06	1,71368197943e-06	1,71368197943e-06	1,71368197943e-06	1,71368197943e-06	1,71368197943e-06	1,71368197943e-06	1,80000181461e-06	1,80000181461e-06	1,80000181461e-06	1,80000181461e-06
194400	-7,92147195966e-07	-7,92147195966e-07	-7,92147195966e-07	-7,92147195966e-07	-8,64113945927e-07	-8,64113945927e-07	-8,64113945927e-07	-1,01341461404e-06	-1,01341461404e-06	-1,01341461404e-06	-1,01341461404e-06	-1,01341461404e-06	-1,01341461404e-06	-1,04532141812e-06	-1,04532141812e-06	-1,04532141812e-06	-1,04532141812e-06
195300	-7,151980274e-07	-7,151980274e-07	-7,151980274e-07	-7,151980274e-07	-7,9369159153e-07	-7,9369159153e-07	-7,9369159153e-07	-8,47383214557e-07	-8,47383214557e-07	-8,47383214557e-07	-8,47383214557e-07	-8,47383214557e-07	-8,47383214557e-07	-8,63779369853e-07	-8,63779369853e-07	-8,63779369853e-07	-8,63779369853e-07
196200	-1,12366724655e-06	-1,12366724655e-06	-1,12366724655e-06	-1,12366724655e-06	-1,22749029776e-06	-1,22749029776e-06	-1,22749029776e-06	-1,42884872801e-06	-1,42884872801e-06	-1,42884872801e-06	-1,42884872801e-06	-1,42884872801e-06	-1,42884872801e-06	-1,4867110873e-06	-1,4867110873e-06	-1,4867110873e-06	-1,4867110873e-06
197100	-7,07346071424e-07	-7,07346071424e-07	-7,07346071424e-07	-7,07346071424e-07	-7,75090361994e-07	-7,75090361994e-07	-7,75090361994e-07	-8,87517610044e-07	-8,87517610044e-07	-8,87517610044e-07	-8,87517610044e-07	-8,87517610044e-07	-8,87517610044e-07	-9,17623449018e-07	-9,17623449018e-07	-9,17623449018e-07	-9,17623449018e-07
198000	-5,38832626903e-07	-5,38832626903e-07	-5,38832626903e-07	-5,38832626903e-07	-5,88590513754e-07	-5,88590513754e-07	-5,88590513754e-07	-6,85318553561e-07	-6,85318553561e-07	-6,85318553561e-07	-6,85318553561e-07	-6,85318553561e-07	-6,85318553561e-07	-6,78703674002e-07	-6,78703674002e-07	-6,78703674002e-07	-6,78703674002e-07
198900	-4,24675656285e-07	-4,24675656285e-07	-4,24675656285e-07	-4,24675656285e-07	-4,55204762713e-07	-4,55204762713e-07	-4,55204762713e-07	-5,83562527583e-07	-5,83562527583e-07	-5,83562527583e-07	-5,83562527583e-07	-5,83562527583e-07	-5,83562527583e-07	-5,95500353436e-07	-5,95500353436e-07	-5,95500353436e-07	-5,95500353436e-07
199800	-5,28844938901e-07	-5,28844938901e-07	-5,28844938901e-07	-5,28844938901e-07	-5,74105790555e-07	-5,74105790555e-07	-5,74105790555e-07	-6,90489300772e-07	-6,90489300772e-07	-6,90489300772e-07	-6,90489300772e-07	-6,90489300772e-07	-6,90489300772e-07	-7,9053141487e-07	-7,9053141487e-07	-7,9053141487e-07	-7,9053141487e-07
200700	-4,16044786276e-06	-4,16044786276e-06	-4,16044786276e-06	-4,16044786276e-06	-4,5555751682e-06	-4,5555751682e-06	-4,5555751682e-06	-5,23682127043e-06	-5,23682127043e-06	-5,23682127043e-06	-5,23682127043e-06	-5,23682127043e-06	-5,23682127043e-06	-5,42585348649e-06	-5,42585348649e-06	-5,42585348649e-06	-5,42585348649e-06
201600	-7,12591178016e-06	-7,12591178016e-06	-7,12591178016e-06	-7,12591178016e-06	-7,8569157112e-06	-7,8569157112e-06	-7,8569157112e-06	-8,69829894875e-06	-8,69829894875e-06	-8,69829894875e-06	-8,69829894875e-06	-8,69829894875e-06	-8,69829894875e-06	-8,82662758146e-06	-8,82662758146e-06	-8,82662758146e-06	-8,82662758146e-06
202500	3,49633989558e-06	3,49633989558e-06	3,49633989558e-06	3,49633989558e-06	3,87704529336e-06	3,87704529336e-06	3,87704529336e-06	4,15764833998e-06	4,15764833998e-06	4,15764833998e-06	4,15764833998e-06	4,15764833998e-06	4,15764833998e-06	4,15654449045e-06	4,15654449045e-06	4,15654449045e-06	4,15654449045e-06
203400	-8,62337400827e-06	-8,62337400827e-06	-8,62337400827e-06	-8,62337400827e-06	-9,46057230763e-06	-9,46057230763e-06	-9,46057230763e-06	-1,07632935704e-05	-1,07632935704e-05	-1,07632935704e-05	-1,07632935704e-05	-1,07632935704e-05	-1,07632935704e-05	-1,09977858322e-05	-1,09977858322e-05	-1,09977858322e-05	-1,09977858322e-05
204300	-1,92224257714e-06	-1,92224257714e-06	-1,92224257714e-06	-1,92224257714e-06	-2,06832802953e-06	-2,06832802953e-06	-2,06832802953e-06	-2,60192875398e-06	-2,60192875398e-06	-2,60192875398e-06	-2,60192875398e-06	-2,60192875398e-06	-2,60192875398e-06	-2,74036206815e-06	-2,74036206815e-06	-2,74036206815e-06	-2,74036206815e-06
205200	-9,5886954676e-06	-9,5886954676e-06	-9,5886954676e-06	-9,5886954676e-06	-1,05095873766e-05	-1,05095873766e-05	-1,05095873766e-05	-1,20518207403e-05	-1,20518207403e-05	-1,20518207403e-05	-1,20518207403e-05	-1,20518207403e-05	-1,20518207403e-05	-1,23616002006e-05	-1,23616002006e-05	-1,23616002006e-05	-1,23616002006e-05
206100	3,59266318546e-07	3,59266318546e-07	3,59266318546e-07	3,59266318546e-07	3,0247701511e-07	3,0247701511e-07	3,0247701511e-07	9,0774219583e-07	9,0774219583e-07	9,0774219583e-07	9,0774219583e-07	9,0774219583e-07	9,0774219583e-07	9,15839104163e-07	9,15839104163e-07	9,15839104163e-07	9,15839104163e-07
207000	1,87286138166e-05	1,87286138166e-05	1,87286138166e-05	1,87286138166e-05	2,05725595991e-05	2,05725595991e-05	2,05725595991e-05	2,27237806248e-05	2,27237806248e-05	2,27237806248e-05	2,27237806248e-05	2,27237806248e-05	2,27237806248e-05	2,32648431836e-05	2,32648431836e-05	2,32648431836e-05	2,32648431836e-05
207900	-5,51926199685e-07	-5,51926199685e-07	-5,51926199685e-07	-5,51926199685e-07	-7,27336460606e-07	-7,27336460606e-07	-7,27336460606e-07	-4,15116354225e-07	-4,15116354225e-07	-4,15116354225e-07	-4,15116354225e-07	-4,15116354225e-07	-4,15116354225e-07	-3,95718897617e-07	-3,95718897617e-07	-3,95718897617e-07	-3,95718897617e-07
208800	2,62425001644e-05	2,62425001644e-05	2,62425001644e-05	2,62425001644e-05	2,87359285565e-05	2,87359285565e-05	2,87359285565e-05	3,22787373952e-05	3,22787373952e-05	3,22787373952e-05	3,22787373952e-05	3,22787373952e-05	3,22787373952e-05	3,30753519294e-05	3,30753519294e-05	3,30753519294e-05	3,30753519294e-05
209700	2,17745836648e-05	2,17745836648e-05	2,17745836648e-05	2,17745836648e-05	2,36372160986e-05	2,36372160986e-05	2,36372160986e-05	2,72858296145e-05	2,72858296145e-05	2,72858296145e-05	2,72858296145e-05	2,72858296145e-05	2,72858296145e-05	2,83771491124e-05	2,83771491124e-05	2,83771491124e-05	2,83771491124e-05
210600	-2,24474369659e-05	-2,24474369659e-05	-2,24474369659e-05	-2,24474369659e-05	-2,43676939816e-05	-2,43676939816e-05	-2,43676939816e-05	-2,822200605e-05	-2,822200605e-05	-2,822200605e-05	-2,822200605e-05	-2,822200605e-05	-2,822200605e-05	-2,91769215515e-05	-2,91769215515e-05	-2,91769215515e-05	-2,91769215515e-05
211500	4,62379949921e-05	4,62379949921e-05	4,62379949921e-05	4,62379949921e-05	5,03330466315e-05	5,03330466315e-05	5,03330466315e-05	5,80836166544e-05	5,80836166544e-05	5,80836166544e-05	5,80836166544e-05	5,80836166544e-05	5,80836166544e-05	5,99292984794e-05	5,99292984794e-05	5,99292984794e-05	5,99292984794e-05
212400	-3,7112996159e-05	-3,7112996159e-05	-3,7112996159e-05	-3,7112996159e-05	-4,04689651892e-05	-4,04689651892e-05	-4,04689651892e-05	-4,61767158588e-05	-4,61767158588e-05	-4,61767158588e-05	-4,61767158588e-05	-4,61767158588e-05	-4,61767158588e-05	-4,76409296966e-05	-4,76409296966e-05	-4,76409296966e-05	-4,76409296966e-05
213300	3,47927680363e-05	3,47927680363e-05	3,47927680363e-05	3,47927680363e-05	3,80853097753e-05	3,80853097753e-05	3,80853097753e-05	4,28518354355e-05	4,28518354355e-05	4,28518354355e-05	4,28518354355e-05	4,28518354355e-05	4,28518354355e-05	4,39335485337e-05	4,39335485337e-05	4,39335485337e-05	4,39335485337e-05
214200	2,33137047424e-05	2,33137047424e-05	2,33137047424e-05	2,33137047424e-05	2,54525971562e-05	2,54525971562e-05	2,54525971562e-05	2,87091820914e-05	2,87091820914e-05	2,87091820914e-05	2,87091820914e-05	2,87091820914e-05	2,87091820914e-05	2,93548003418e-05	2,93548003418e-05	2,93548003418e-05	2,93548003418e-05
215100	-4,57334931626e-05	-4,57334931626e-05	-4,57334931626e-05	-4,57334931626e-05	-5,00267463942e-05	-5,00267463942e-05	-5,00267463942e-05	-5,65893522892e-05	-5,65893522892e-05	-5,65893522892e-05	-5,65893522892e-05	-5,65893522892e-05	-5,65893522892e-05	-5,81416049972e-05	-5,81416049972e-05	-5,81416049972e-05	-5,81416049972e-05
216000	3,1229110713e-05	3,1229110713e-05	3,1229110713e-05	3,1229110713e-05	3,42616906934e-05	3,42616906934e-05	3,42616906934e-05	3,82006467516e-05	3,82006467516e-05	3,82006467516e-05	3,82006467516e-05	3,82006467516e-05	3,82006467516e-05	3,90126457865e-05	3,90126457865e-05	3,90126457865e-05	3,90126457865e-05
216900	2,5328941824e-05	2,5328941824e-05	2,5328941824e-05	2,5328941824e-05	2,76073468667e-05	2,76073468667e-05	2,76073468667e-05	3,13407234324e-05	3,13407234324e-05	3,13407234324e-05	3,13407234324e-05	3,13407234324e-05	3,13407234324e-05	3,23119799252e-05	3,23119799252e-05	3,23119799252e-05	3,23119799252e-05
217800	-5,95454530744e-05	-5,95454530744e-05	-5,95454530744e-05	-5,95454530744e-05	-6,50472109019e-05	-6,50472109019e-05	-6,50472109019e-05	-7,34909390129e-05	-7,34909390129e-05	-7,34909390129e-05	-7,34909390129e-05	-7,34909390129e-05	-7,34909390129e-05	-7,51516915372e-05	-7,51516915372e-05	-7,51516915372e-05	-7,51516915372e-05
218700	2,85309836988e-05	2,85309836988e-05	2,85309836988e-05	2,85309836988e-05	3,11002989253e-05	3,11002989253e-05	3,11002989253e-05	3,56644153353e-05	3,56644153353e-05	3,56644153353e-05	3,56644153353e-05	3,56644153353e-05	3,56644153353e-05	3,65116886762e-05	3,65116886762e-05	3,65116886762e-05	3,65116886762e-05
219600	4,25173370888e-05	4,25173370888e-05	4,25173370888e-05	4,25173370888e-05	4,64551518132e-05	4,64551518132e-05	4,64551518132e-05	5,21814612866e-05	5,21814612866e-05	5,21814612866e-05	5,21814612866e-05	5,21814612866e-05	5,21814612866e-05	5,3360703807e-05	5,3360703807e-05	5,3360703807e-05	5,3360703807e-05
220500	2,40498772635e-05	2,40498772635e-05	2,40498772635e-05	2,40498772635e-05	2,60803810421e-05	2,60803810421e-05	2,60803810421e-05	3,04625330929e-05	3,04625330929e-05	3,04625330929e-05	3,04625330929e-05	3,04625330929e-05	3,04625330929e-05	3,15194074579e-05	3,15194074579e-05	3,15194074579e-05	3,15194074579e-05
221400	1,50950190265e-05	1,50950190265e-05	1,50950190265e-05	1,50950190265e-05	1,65129629797e-05	1,65129629797e-05	1,65129629797e-05	1,87006414044e-05	1,87006414044e-05	1,87006414044e-05	1,87006414044e-05	1,87006414044e-05	1,87006414044e-05	1,92159939376e-05	1,92159939376e-05	1,92159939376e-05	1,92159939376e-05
222300	-0,000106811145825	-0,000106811145825	-0,000106811145825	-0,000106811145825	-0,000116595014512	-0,000116595014512	-0,000116595014512	-0,000132086434524	-0,000132086434524	-0,000132086434524	-0,000132086434524	-0,000132086434524	-0,000132086434524	-0,000135574329738	-0,000135574329738	-0,000135574329738	-0,000135574329738
223200	-4,54916993608e-05	-4,54916993608e-05	-4,54916993608e-05	-4,54916993608e-05	-4,96777410504e-05	-4,96777410504e-05	-4,96777410504e-05	-5,64939309067e-05	-5,64939309067e-05	-5,64939309067e-05	-5,64939309067e-05	-5,64939309067e-05	-5,64939309067e-05	-5,81143075209e-05	-5,81143075209e-05	-5,81143075209e-05	-5,81143075209e-05
224100	3,66446946671e-05	3,66446946671e-05	3,66446946671e-05	3,66446946671e-05	4,00729913257e-05	4,00729913257e-05	4,00729913257e-05	4,50388741882e-05	4,50388741882e-05	4,50388741882e-05	4,50388741882e-05	4,50388741882e-05	4,50388741882e-05	4,64800053405e-05	4,64800053405e-05	4,64800053405e-05	4,64800053405e-05
225000	3,33031115876e-06	3,33031115876e-06	3,33031115876e-06	3,33031115876e-06	3,78148365839e-06	3,78148365839e-06	3,78148365839e-06	3,64446554855e-06	3,64446554855e-06	3,64446554855e-06	3,64446554855e-06	3,64446554855e-06	3,64446554855e-06	3,37136284769e-06	3,37136284769e-06	3,37136284769e-06	3,37136284769e-06
225900	-1,39806065316e-05	-1,39806065316e-05	-1,39806065316e-05	-1,39806065316e-05	-1,52908590435e-05	-1,52908590435e-05	-1,52908590435e-05	-1,6990925007e-05	-1,6990925007e-05	-1,6990925007e-05	-1,6990925007e-05	-1,6990925007e-05	-1,6990925007e-05	-1,71629253924e-05	-1,71629253924e-05	-1,71629253924e-05	-1,71629253924e-05
226800	-2,96398286401e-05	-2,96398286401e-05	-2,96398286401e-05	-2,96398286401e-05	-3,23943490986e-05	-3,23943490986e-05	-3,23943490986e-05	-3,646549532e-05	-3,646549532e-05	-3,646549532e-05	-3,646549532e-05	-3,646549532e-05	-3,646549532e-05	-3,73376035979e-05	-3,73376035979e-05	-3,73376035979e-05	-3,73376035979e-05
227700	1,11685593647e-05	1,11685593647e-05	1,11685593647e-05	1,11685593647e-05	1,21767095801e-05	1,21767095801e-05	1,21767095801e-05	1,4116520862e-05	1,4116520862e-05	1,4116520862e-05	1,4116520862e-05	1,4116520862e-05	1,4116520862e-05	1,45582665755e-05	1,45582665755e-05	1,45582665755e-05	1,45582665755e-05
228600	-3,24643133056e-06	-3,24643133056e-06	-3,24643133056e-06	-3,24643133056e-06	-3,48846570579e-06	-3,48846570579e-06	-3,48846570579e-06	-4,25290318033e-06	-4,25290318033e-06	-4,25290318033e-06	-4,25290318033e-06	-4,25290318033e-06	-4,25290318033e-06	-4,51815103652e-06	-4,51815103652e-06	-4,51815103652e-06	-4,51815103652e-06
229500	-1,13453086386e-05	-1,13453086386e-05	-1,13453086386e-05	-1,13453086386e-05	-1,23854385041e-05	-1,23854385041e-05	-1,23854385041e-05	-1,41544868254e-05	-1,41544868254e-05	-1,41544868254e-05	-1,41544868254e-05	-1,41544868254e-05	-1,41544868254e-05	-1,45997233904e-05	-1,45997233904e-05	-1,45997233904e-05	-1,45997233904e-05
230400	-1,00514832173e-05	-1,00514832173e-05	-1,00514832173e-05	-1,00514832173e-05	-1,10045407234e-05	-1,10045407234e-05	-1,10045407234e-05	-1,25135507953e-05	-1,25135507953e-05	-1,25135507953e-05	-1,25135507953e-05	-1,25135507953e-05	-1,25135507953e-05	-1,2923365803e-05	-1,2923365803e-05	-1,2923365803e-05	-1,2923365803e-05
231300	7,87060070008e-06	7,87060070008e-06	7,87060070008e-06	7,87060070008e-06	8,64122848615e-06	8,64122848615e-06	8,64122848615e-06	9,81956355632e-06	9,81956355632e-06	9,81956355632e-06	9,81956355632e-06	9,81956355632e-06	9,81956355632e-06	1,00841993747e-05	1,00841993747e-05	1,00841993747e-05	1,00841993747e-05
232200	-5,47352440229e-06	-5,47352440229e-06	-5,47352440229e-06	-5,47352440229e-06	-5,99657280851e-06	-5,99657280851e-06	-5,99657280851e-06	-6,89881240394e-06	-6,89881240394e-06	-6,89881240394e-06	-6,89881240394e-06	-6,89881240394e-06	-6,89881240394e-06	-7,11638049976e-06	-7,11638049976e-06	-7,11638049976e-06	-7,11638049976e-06
233100	-4,43396107141e-06	-4,43396107141e-06	-4,43396107141e-06	-4,43396107141e-06	-4,9096575493e-06	-4,9096575493e-06	-4,9096575493e-06	-5,31401703802e-06	-5,31401703802e-06	-5,31401703802e-06	-5,31401703802e-06	-5,31401703802e-06	-5,31401703802e-06	-5,37543681372e-06	-5,37543681372e-06	-5,37543681372e-06	-5,37543681372e-06
234000	6,67949402556e-06	6,67949402556e-06	6,67949402556e-06	6,67949402556e-06	7,32198876788e-06	7,32198876788e-06	7,32198876788e-06	8,39810758762e-06	8,39810758762e-06	8,39810758762e-06	8,39810758762e-06	8,39810758762e-06	8,39810758762e-06	8,59460350042e-06	8,59460350042e-06	8,59460350042e-06	8,59460350042e-06
234900	-5,70273834925e-06	-5,70273834925e-06	-5,70273834925e-06	-5,70273834925e-06	-6,3127615244e-06	-6,3127615244e-06	-6,3127615244e-06	-6,86538871637e-06	-6,86538871637e-06	-6,86538871637e-06	-6,86538871637e-06	-6,86538871637e-06	-6,86538871637e-06	-6,96350015182e-06	-6,96350015182e-06	-6,96350015182e-06	-6,96350015182e-06
235800	-3,05879512497e-06	-3,05879512497e-06	-3,05879512497e-06	-3,05879512497e-06	-3,37900559409e-06	-3,37900559409e-06	-3,37900559409e-06	-3,70573529678e-06	-3,70573529678e-06	-3,70573529678e-06	-3,70573529678e-06	-3,70573529678e-06	-3,70573529678e-06	-3,62537753946e-06	-3,62537753946e-06	-3,62537753946e-06	-3,62537753946e-06
236700	3,93890843108e-06	3,93890843108e-06	3,93890843108e-06	3,93890843108e-06	4,35829125737e-06	4,35829125737e-06	4,35829125737e-06	4,73684221855e-06	4,73684221855e-06	4,73684221855e-06	4,73684221855e-06	4,73684221855e-06	4,73684221855e-06	4,71438997063e-06	4,71438997063e-06	4,71438997063e-06	4,71438997063e-06
237600	6,61976358574e-07	6,61976358574e-07	6,61976358574e-07	6,61976358574e-07	7,49144504421e-07	7,49144504421e-07	7,49144504421e-07	7,12459677106e-07	7,12459677106e-07	7,12459677106e-07	7,12459677106e-07	7,12459677106e-07	7,12459677106e-07	6,90080356382e-07	6,90080356382e-07	6,90080356382e-07	6,90080356382e-07
238500	-2,22627537974e-06	-2,22627537974e-06	-2,22627537974e-06	-2,22627537974e-06	-2,48155948968e-06	-2,48155948968e-06	-2,48155948968e-06	-2,585767818e-06	-2,585767818e-06	-2,585767818e-06	-2,585767818e-06	-2,585767818e-06	-2,585767818e-06	-2,54252406908e-06	-2,54252406908e-06	-2,54252406908e-06	-2,54252406908e-06
239400	-4,35196110956e-06	-4,35196110956e-06	-4,35196110956e-06	-4,35196110956e-06	-4,72651911998e-06	-4,72651911998e-06	-4,72651911998e-06	-5,67861644519e-06	-5,67861644519e-06	-5,67861644519e-06	-5,67861644519e-06	-5,67861644519e-06	-5,67861644519e-06	-5,95039593493e-06	-5,95039593493e-06	-5,95039593493e-06	-5,95039593493e-06
240300	-3,3286733572e-06	-3,3286733572e-06	-3,3286733572e-06	-3,3286733572e-06	-3,58691604551e-06	-3,58691604551e-06	-3,58691604551e-06	-4,48503327561e-06	-4,48503327561e-06	-4,48503327561e-06	-4,48503327561e-06	-4,48503327561e-06	-4,48503327561e-06	-4,67527583499e-06	-4,67527583499e-06	-4,67527583499e-06	-4,67527583499e-06
241200	-1,17281270236e-06	-1,17281270236e-06	-1,17281270236e-06	-1,17281270236e-06	-1,29870632936e-06	-1,29870632936e-06	-1,29870632936e-06	-1,40583984752e-06	-1,40583984752e-06	-1,40583984752e-06	-1,40583984752e-06	-1,40583984752e-06	-1,40583984752e-06	-1,40641364047e-06	-1,40641364047e-06	-1,40641364047e-06	-1,40641364047e-06
242100	1,79851026829e-06	1,79851026829e-06	1,79851026829e-06	1,79851026829e-06	1,98396447302e-06	1,98396447302e-06	1,98396447302e-06	2,19357734233e-06	2,19357734233e-06	2,19357734233e-06	2,19357734233e-06	2,19357734233e-06	2,19357734233e-06	2,17659486609e-06	2,17659486609e-06	2,17659486609e-06	2,17659486609e-06
243000	-2,33857210973e-06	-2,33857210973e-06	-2,33857210973e-06	-2,33857210973e-06	-2,56674126646e-06	-2,56674126646e-06	-2,56674126646e-06	-2,91716675484e-06	-2,91716675484e-06	-2,91716675484e-06	-2,91716675484e-06	-2,91716675484e-06	-2,91716675484e-06	-2,88621835009e-06	-2,88621835009e-06	-2,88621835009e-06	-2,88621835009e-06
243900	-7,78033264456e-06	-7,78033264456e-06	-7,78033264456e-06	-7,78033264456e-06	-8,53684247408e-06	-8,53684247408e-06	-8,53684247408e-06	-9,71997057666e-06	-9,71997057666e-06	-9,71997057666e-06	-9,71997057666e-06	-9,71997057666e-06	-9,71997057666e-06	-1,00479387137e-05	-1,00479387137e-05	-1,00479387137e-05	-1,00479387137e-05
244800	3,2660336135e-06	3,2660336135e-06	3,2660336135e-06	3,2660336135e-06	3,54317068319e-06	3,54317068319e-06	3,54317068319e-06	4,28294890194e-06	4,28294890194e-06	4,28294890194e-06	4,28294890194e-06	4,28294890194e-06	4,28294890194e-06	4,60377850751e-06	4,60377850751e-06	4,60377850751e-06	4,60377850751e-06
245700	5,78150607645e-06	5,78150607645e-06	5,78150607645e-06	5,78150607645e-06	6,22539487848e-06	6,22539487848e-06	6,22539487848e-06	7,81425352147e-06	7,81425352147e-06	7,81425352147e-06	7,81425352147e-06	7,81425352147e-06	7,81425352147e-06	8,0564907697e-06	8,0564907697e-06	8,0564907697e-06	8,0564907697e-06
246600	8,61520278763e-06	8,61520278763e-06	8,61520278763e-06	8,61520278763e-06	9,48207813286e-06	9,48207813286e-06	9,48207813286e-06	1,06141396961e-05	1,06141396961e-05	1,06141396961e-05	1,06141396961e-05	1,06141396961e-05	1,06141396961e-05	1,0797540322e-05	1,0797540322e-05	1,0797540322e-05	1,0797540322e-05
247500	-2,28563382764e-06	-2,28563382764e-06	-2,28563382764e-06	-2,28563382764e-06	-2,53245988149e-06	-2,53245988149e-06	-2,53245988149e-06	-2,73138514685e-06	-2,73138514685e-06	-2,73138514685e-06	-2,73138514685e-06	-2,73138514685e-06	-2,73138514685e-06	-2,7803200814e-06	-2,7803200814e-06	-2,7803200814e-06	-2,7803200814e-06
248400	-5,41102227625e-07	-5,41102227625e-07	-5,41102227625e-07	-5,41102227625e-07	-5,72277095197e-07	-5,72277095197e-07	-5,72277095197e-07	-7,83014209524e-07	-7,83014209524e-07	-7,83014209524e-07	-7,83014209524e-07	-7,83014209524e-07	-7,83014209524e-07	-7,63826011575e-07	-7,63826011575e-07	-7,63826011575e-07	-7,63826011575e-07
249300	2,42522008416e-06	2,42522008416e-06	2,42522008416e-06	2,42522008416e-06	2,67082380692e-06	2,67082380692e-06	2,67082380692e-06	2,97973187519e-06	2,97973187519e-06	2,97973187519e-06	2,97973187519e-06	2,97973187519e-06	2,97973187519e-06	2,99948813296e-06	2,99948813296e-06	2,99948813296e-06	2,99948813296e-06
250200	1,50601429378e-06	1,50601429378e-06	1,50601429378e-06	1,50601429378e-06	1,65360977267e-06	1,65360977267e-06	1,65360977267e-06	1,87492832936e-06	1,87492832936e-06	1,87492832936e-06	1,87492832936e-06	1,87492832936e-06	1,87492832936e-06	1,92657803979e-06	1,92657803979e-06	1,92657803979e-06	1,92657803979e-06
251100	5,46022926646e-06	5,46022926646e-06	5,46022926646e-06	5,46022926646e-06	6,08647515266e-06	6,08647515266e-06	6,08647515266e-06	6,36252254923e-06	6,36252254923e-06	6,36252254923e-06	6,36252254923e-06	6,36252254923e-06	6,36252254923e-06	6,37574987846e-06	6,37574987846e-06	6,37574987846e-06	6,37574987846e-06
252000	3,9215390156e-06	3,9215390156e-06	3,9215390156e-06	3,9215390156e-06	4,30003896816e-06	4,30003896816e-06	4,30003896816e-06	4,90579109061e-06	4,90579109061e-06	4,90579109061e-06	4,90579109061e-06	4,90579109061e-06	4,90579109061e-06	5,10243935386e-06	5,10243935386e-06	5,10243935386e-06	5,10243935386e-06
252900	1,81537222167e-08	1,81537222167e-08	1,81537222167e-08	1,81537222167e-08	3,20114809637e-08	3,20114809637e-08	3,20114809637e-08	-3,78179137538e-08	-3,78179137538e-08	-3,78179137538e-08	-3,78179137538e-08	-3,78179137538e-08	-3,78179137538e-08	-7,61959809858e-08	-7,61959809858e-08	-7,61959809858e-08	-7,61959809858e-08
253800	-1,8589034656e-06	-1,8589034656e-06	-1,8589034656e-06	-1,8589034656e-06	-2,0369428374e-06	-2,0369428374e-06	-2,0369428374e-06	-2,33235591364e-06	-2,33235591364e-06	-2,33235591364e-06	-2,33235591364e-06	-2,33235591364e-06	-2,33235591364e-06	-2,4669092808e-06	-2,4669092808e-06	-2,4669092808e-06	-2,4669092808e-06
254700	-5,68900383653e-08	-5,68900383653e-08	-5,68900383653e-08	-5,68900383653e-08	-7,85699293509e-08	-7,85699293509e-08	-7,85699293509e-08	9,77617821618e-09	9,77617821618e-09	9,77617821618e-09	9,77617821618e-09	9,77617821618e-09	9,77617821618e-09	4,77082665835e-08	4,77082665835e-08	4,77082665835e-08	4,77082665835e-08
255600	3,94145157595e-06	3,94145157595e-06	3,94145157595e-06	3,94145157595e-06	4,31320901664e-06	4,31320901664e-06	4,31320901664e-06	4,9740236118e-06	4,9740236118e-06	4,9740236118e-06	4,9740236118e-06	4,9740236118e-06	4,9740236118e-06	5,11228881029e-06	5,11228881029e-06	5,11228881029e-06	5,11228881029e-06
256500	3,70476221501e-06	3,70476221501e-06	3,70476221501e-06	3,70476221501e-06	4,04320443636e-06	4,04320443636e-06	4,04320443636e-06	4,73028041514e-06	4,73028041514e-06	4,73028041514e-06	4,73028041514e-06	4,73028041514e-06	4,73028041514e-06	4,95858595857e-06	4,95858595857e-06	4,95858595857e-06	4,95858595857e-06
257400	8,50105100343e-08	8,50105100343e-08	8,50105100343e-08	8,50105100343e-08	1,1170521686e-07	1,1170521686e-07	1,1170521686e-07	1,38987527491e-08	1,38987527491e-08	1,38987527491e-08	1,38987527491e-08	1,38987527491e-08	1,38987527491e-08	-1,52428594903e-08	-1,52428594903e-08	-1,52428594903e-08	-1,52428594903e-08
258300	1,30258715006e-06	1,30258715006e-06	1,30258715006e-06	1,30258715006e-06	1,41625483045e-06	1,41625483045e-06	1,41625483045e-06	1,68979705782e-06	1,68979705782e-06	1,68979705782e-06	1,68979705782e-06	1,68979705782e-06	1,68979705782e-06	1,74360866642e-06	1,74360866642e-06	1,74360866642e-06	1,74360866642e-06
259200	1,66051071127e-06	1,66051071127e-06	1,66051071127e-06	1,66051071127e-06	1,80682199983e-06	1,80682199983e-06	1,80682199983e-06	2,14706716278e-06	2,14706716278e-06	2,14706716278e-06	2,14706716278e-06	2,14706716278e-06	2,14706716278e-06	2,22996946508e-06	2,22996946508e-06	2,22996946508e-06	2,22996946508e-06
260100	2,70369017443e-06	2,70369017443e-06	2,70369017443e-06	2,70369017443e-06	2,99752731642e-06	2,99752731642e-06	2,99752731642e-06	3,21787008889e-06	3,21787008889e-06	3,21787008889e-06	3,21787008889e-06	3,21787008889e-06	3,21787008889e-06	3,23400397144e-06	3,23400397144e-06	3,23400397144e-06	3,23400397144e-06
261000	-1,00553195157e-06	-1,00553195157e-06	-1,00553195157e-06	-1,00553195157e-06	-1,10062381922e-06	-1,10062381922e-06	-1,10062381922e-06	-1,26770798509e-06	-1,26770798509e-06	-1,26770798509e-06	-1,26770798509e-06	-1,26770798509e-06	-1,26770798509e-06	-1,293208883e-06	-1,293208883e-06	-1,293208883e-06	-1,293208883e-06
261900	3,01661679326e-07	3,01661679326e-07	3,01661679326e-07	3,01661679326e-07	3,27527642361e-07	3,27527642361e-07	3,27527642361e-07	3,93624011691e-07	3,93624011691e-07	3,93624011691e-07	3,93624011691e-07	3,93624011691e-07	3,93624011691e-07	4,15392265421e-07	4,15392265421e-07	4,15392265421e-07	4,15392265421e-07
262800	5,80642722084e-06	5,80642722084e-06	5,80642722084e-06	5,80642722084e-06	6,35230011846e-06	6,35230011846e-06	6,35230011846e-06	7,3365256917e-06	7,3365256917e-06	7,3365256917e-06	7,3365256917e-06	7,3365256917e-06	7,3365256917e-06	7,55063740287e-06	7,55063740287e-06	7,55063740287e-06	7,55063740287e-06
263700	-1,51823326899e-06	-1,51823326899e-06	-1,51823326899e-06	-1,51823326899e-06	-1,65569618577e-06	-1,65569618577e-06	-1,65569618577e-06	-1,94466008342e-06	-1,94466008342e-06	-1,94466008342e-06	-1,94466008342e-06	-1,94466008342e-06	-1,94466008342e-06	-2,02966625088e-06	-2,02966625088e-06	-2,02966625088e-06	-2,02966625088e-06
264600	1,89001814982e-06	1,89001814982e-06	1,89001814982e-06	1,89001814982e-06	2,07237893824e-06	2,07237893824e-06	2,07237893824e-06	2,36468853944e-06	2,36468853944e-06	2,36468853944e-06	2,36468853944e-06	2,36468853944e-06	2,36468853944e-06	2,42663559511e-06	2,42663559511e-06	2,42663559511e-06	2,42663559511e-06
265500	-6,01773906007e-07	-6,01773906007e-07	-6,01773906007e-07	-6,01773906007e-07	-6,60848446971e-07	-6,60848446971e-07	-6,60848446971e-07	-7,47848853038e-07	-7,47848853038e-07	-7,47848853038e-07	-7,47848853038e-07	-7,47848853038e-07	-7,47848853038e-07	-7,71621054851e-07	-7,71621054851e-07	-7,71621054851e-07	-7,71621054851e-07
266400	1,69882825644e-06	1,69882825644e-06	1,69882825644e-06	1,69882825644e-06	1,84592539053e-06	1,84592539053e-06	1,84592539053e-06	2,20956436e-06	2,20956436e-06	2,20956436e-06	2,20956436e-06	2,20956436e-06	2,20956436e-06	2,34148893251e-06	2,34148893251e-06	2,34148893251e-06	2,34148893251e-06
267300	1,34063249408e-06	1,34063249408e-06	1,34063249408e-06	1,34063249408e-06	1,46109038748e-06	1,46109038748e-06	1,46109038748e-06	1,72180053596e-06	1,72180053596e-06	1,72180053596e-06	1,72180053596e-06	1,72180053596e-06	1,72180053596e-06	1,76937627408e-06	1,76937627408e-06	1,76937627408e-06	1,76937627408e-06
