time	sensor_1	sensor_2	sensor_3	sensor_4	sensor_5	sensor_6	sensor_7	sensor_8	sensor_9	sensor_10	sensor_11	sensor_12	sensor_13	sensor_14	sensor_15	sensor_16	sensor_17
0	9997,89524787	9997,89524787	9997,89524787	9997,89524787	9997,85962589	9997,85962589	9997,85962589	9997,79831896	9997,79831896	9997,79831896	9997,79831896	9997,79831896	9997,79831896	9997,78438852	9997,78438852	9997,78438852	9997,78438852
900	9996,9777557	9996,9777557	9996,9777557	9996,9777557	9996,92589881	9996,92589881	9996,92589881	9996,84210791	9996,84210791	9996,84210791	9996,84210791	9996,84210791	9996,84210791	9996,82310377	9996,82310377	9996,82310377	9996,82310377
1800	9998,56312148	9998,56312148	9998,56312148	9998,56312148	9998,53819268	9998,53819268	9998,53819268	9998,50000113	9998,50000113	9998,50000113	9998,50000113	9998,50000113	9998,50000113	9998,49347642	9998,49347642	9998,49347642	9998,49347642
2700	9996,46755497	9996,46755497	9996,46755497	9996,46755497	9996,40700301	9996,40700301	9996,40700301	9996,30871194	9996,30871194	9996,30871194	9996,30871194	9996,30871194	9996,30871194	9996,28711606	9996,28711606	9996,28711606	9996,28711606
3600	9996,49026419	9996,49026419	9996,49026419	9996,49026419	9996,42936178	9996,42936178	9996,42936178	9996,33614093	9996,33614093	9996,33614093	9996,33614093	9996,33614093	9996,33614093	9996,3151941	9996,3151941	9996,3151941	9996,3151941
4500	9996,89770346	9996,89770346	9996,89770346	9996,89770346	9996,84443163	9996,84443163	9996,84443163	9996,75866952	9996,75866952	9996,75866952	9996,75866952	9996,75866952	9996,75866952	9996,73948587	9996,73948587	9996,73948587	9996,73948587
5400	9997,38056131	9997,38056131	9997,38056131	9997,38056131	9997,33599349	9997,33599349	9997,33599349	9997,2611049	9997,2611049	9997,2611049	9997,2611049	9997,2611049	9997,2611049	9997,24336804	9997,24336804	9997,24336804	9997,24336804
6300	9997,62760043	9997,62760043	9997,62760043	9997,62760043	9997,58753369	9997,58753369	9997,58753369	9997,51792049	9997,51792049	9997,51792049	9997,51792049	9997,51792049	9997,51792049	9997,50099314	9997,50099314	9997,50099314	9997,50099314
7200	9997,29046753	9997,29046753	9997,29046753	9997,29046753	9997,2445343	9997,2445343	9997,2445343	9997,16606515	9997,16606515	9997,16606515	9997,16606515	9997,16606515	9997,16606515	9997,14823185	9997,14823185	9997,14823185	9997,14823185
8100	9997,82685954	9997,82685954	9997,82685954	9997,82685954	9997,78968327	9997,78968327	9997,78968327	9997,72876542	9997,72876542	9997,72876542	9997,72876542	9997,72876542	9997,72876542	9997,71469791	9997,71469791	9997,71469791	9997,71469791
9000	9997,94129658	9997,94129658	9997,94129658	9997,94129658	9997,90596429	9997,90596429	9997,90596429	9997,84893664	9997,84893664	9997,84893664	9997,84893664	9997,84893664	9997,84893664	9997,83647064	9997,83647064	9997,83647064	9997,83647064
9900	9997,90577962	9997,90577962	9997,90577962	9997,90577962	9997,8703298	9997,8703298	9997,8703298	9997,8093662	9997,8093662	9997,8093662	9997,8093662	9997,8093662	9997,8093662	9997,79587846	9997,79587846	9997,79587846	9997,79587846
10800	9998,10969574	9998,10969574	9998,10969574	9998,10969574	9998,07747502	9998,07747502	9998,07747502	9998,02378351	9998,02378351	9998,02378351	9998,02378351	9998,02378351	9998,02378351	9998,01131612	9998,01131612	9998,01131612	9998,01131612
11700	9998,00626899	9998,00626899	9998,00626899	9998,00626899	9997,97216564	9997,97216564	9997,97216564	9997,91625467	9997,91625467	9997,91625467	9997,91625467	9997,91625467	9997,91625467	9997,90315136	9997,90315136	9997,90315136	9997,90315136
12600	9997,85634612	9997,85634612	9997,85634612	9997,85634612	9997,81975284	9997,81975284	9997,81975284	9997,75919022	9997,75919022	9997,75919022	9997,75919022	9997,75919022	9997,75919022	9997,74516798	9997,74516798	9997,74516798	9997,74516798
13500	9997,70514715	9997,70514715	9997,70514715	9997,70514715	9997,6659281	9997,6659281	9997,6659281	9997,60136212	9997,60136212	9997,60136212	9997,60136212	9997,60136212	9997,60136212	9997,5869179	9997,5869179	9997,5869179	9997,5869179
14400	9997,98023334	9997,98023334	9997,98023334	9997,98023334	9997,94570006	9997,94570006	9997,94570006	9997,88896642	9997,88896642	9997,88896642	9997,88896642	9997,88896642	9997,88896642	9997,87638513	9997,87638513	9997,87638513	9997,87638513
15300	9998,20694816	9998,20694816	9998,20694816	9998,20694816	9998,17641427	9998,17641427	9998,17641427	9998,12531024	9998,12531024	9998,12531024	9998,12531024	9998,12531024	9998,12531024	9998,11349431	9998,11349431	9998,11349431	9998,11349431
16200	9997,88608948	9997,88608948	9997,88608948	9997,88608948	9997,85036491	9997,85036491	9997,85036491	9997,78847674	9997,78847674	9997,78847674	9997,78847674	9997,78847674	9997,78847674	9997,77418907	9997,77418907	9997,77418907	9997,77418907
17100	9998,00112178	9998,00112178	9998,00112178	9998,00112178	9997,96705765	9997,96705765	9997,96705765	9997,91023869	9997,91023869	9997,91023869	9997,91023869	9997,91023869	9997,91023869	9997,8967372	9997,8967372	9997,8967372	9997,8967372
18000	9997,99778756	9997,99778756	9997,99778756	9997,99778756	9997,96353639	9997,96353639	9997,96353639	9997,90740404	9997,90740404	9997,90740404	9997,90740404	9997,90740404	9997,90740404	9997,89549292	9997,89549292	9997,89549292	9997,89549292
18900	9997,93864322	9997,93864322	9997,93864322	9997,93864322	9997,90337149	9997,90337149	9997,90337149	9997,84563374	9997,84563374	9997,84563374	9997,84563374	9997,84563374	9997,84563374	9997,8329701	9997,8329701	9997,8329701	9997,8329701
19800	9998,08709545	9998,08709545	9998,08709545	9998,08709545	9998,0542532	9998,0542532	9998,0542532	9998,00133762	9998,00133762	9998,00133762	9998,00133762	9998,00133762	9998,00133762	9997,9894536	9997,9894536	9997,9894536	9997,9894536
20700	9997,91302774	9997,91302774	9997,91302774	9997,91302774	9997,87737108	9997,87737108	9997,87737108	9997,81859563	9997,81859563	9997,81859563	9997,81859563	9997,81859563	9997,81859563	9997,80514194	9997,80514194	9997,80514194	9997,80514194
21600	9997,7342758	9997,7342758	9997,7342758	9997,7342758	9997,69583526	9997,69583526	9997,69583526	9997,63040463	9997,63040463	9997,63040463	9997,63040463	9997,63040463	9997,63040463	9997,61487174	9997,61487174	9997,61487174	9997,61487174
22500	9997,59268263	9997,59268263	9997,59268263	9997,59268263	9997,55165009	9997,55165009	9997,55165009	9997,48326873	9997,48326873	9997,48326873	9997,48326873	9997,48326873	9997,48326873	9997,46782586	9997,46782586	9997,46782586	9997,46782586
23400	9997,49362498	9997,49362498	9997,49362498	9997,49362498	9997,45082886	9997,45082886	9997,45082886	9997,38008465	9997,38008465	9997,38008465	9997,38008465	9997,38008465	9997,38008465	9997,36457969	9997,36457969	9997,36457969	9997,36457969
24300	9997,57860657	9997,57860657	9997,57860657	9997,57860657	9997,53704346	9997,53704346	9997,53704346	9997,47000612	9997,47000612	9997,47000612	9997,47000612	9997,47000612	9997,47000612	9997,45513012	9997,45513012	9997,45513012	9997,45513012
25200	9997,27299112	9997,27299112	9997,27299112	9997,27299112	9997,22628316	9997,22628316	9997,22628316	9997,15017863	9997,15017863	9997,15017863	9997,15017863	9997,15017863	9997,15017863	9997,13244805	9997,13244805	9997,13244805	9997,13244805
26100	9997,20417483	9997,20417483	9997,20417483	9997,20417483	9997,15669636	9997,15669636	9997,15669636	9997,07622233	9997,07622233	9997,07622233	9997,07622233	9997,07622233	9997,07622233	9997,05750865	9997,05750865	9997,05750865	9997,05750865
27000	9997,23077072	9997,23077072	9997,23077072	9997,23077072	9997,18368899	9997,18368899	9997,18368899	9997,10430992	9997,10430992	9997,10430992	9997,10430992	9997,10430992	9997,10430992	9997,08638838	9997,08638838	9997,08638838	9997,08638838
27900	9996,87761648	9996,87761648	9996,87761648	9996,87761648	9996,82476283	9996,82476283	9996,82476283	9996,73386682	9996,73386682	9996,73386682	9996,73386682	9996,73386682	9996,73386682	9996,7127383	9996,7127383	9996,7127383	9996,7127383
28800	9996,17876232	9996,17876232	9996,17876232	9996,17876232	9996,11419752	9996,11419752	9996,11419752	9996,0022455	9996,0022455	9996,0022455	9996,0022455	9996,0022455	9996,0022455	9995,97610738	9995,97610738	9995,97610738	9995,97610738
29700	9995,57239852	9995,57239852	9995,57239852	9995,57239852	9995,49577504	9995,49577504	9995,49577504	9995,37693843	9995,37693843	9995,37693843	9995,37693843	9995,37693843	9995,37693843	9995,35029587	9995,35029587	9995,35029587	9995,35029587
30600	9993,75243176	9993,75243176	9993,75243176	9993,75243176	9993,64763635	9993,64763635	9993,64763635	9993,46000687	9993,46000687	9993,46000687	9993,46000687	9993,46000687	9993,46000687	9993,41397427	9993,41397427	9993,41397427	9993,41397427
31500	9994,49475519	9994,49475519	9994,49475519	9994,49475519	9994,40169551	9994,40169551	9994,40169551	9994,2406549	9994,2406549	9994,2406549	9994,2406549	9994,2406549	9994,2406549	9994,20254964	9994,20254964	9994,20254964	9994,20254964
32400	9995,54873222	9995,54873222	9995,54873222	9995,54873222	9995,47400247	9995,47400247	9995,47400247	9995,3407109	9995,3407109	9995,3407109	9995,3407109	9995,3407109	9995,3407109	9995,3092007	9995,3092007	9995,3092007	9995,3092007
33300	9995,20572457	9995,20572457	9995,20572457	9995,20572457	9995,12512675	9995,12512675	9995,12512675	9994,982221	9994,982221	9994,982221	9994,982221	9994,982221	9994,982221	9994,94787147	9994,94787147	9994,94787147	9994,94787147
34200	9995,69727394	9995,69727394	9995,69727394	9995,69727394	9995,62112809	9995,62112809	9995,62112809	9995,50389808	9995,50389808	9995,50389808	9995,50389808	9995,50389808	9995,50389808	9995,47602765	9995,47602765	9995,47602765	9995,47602765
35100	9993,76856593	9993,76856593	9993,76856593	9993,76856593	9993,66096572	9993,66096572	9993,66096572	9993,49227335	9993,49227335	9993,49227335	9993,49227335	9993,49227335	9993,49227335	9993,4513384	9993,4513384	9993,4513384	9993,4513384
36000	9997,15649597	9997,15649597	9997,15649597	9997,15649597	9997,10368802	9997,10368802	9997,10368802	9997,02028667	9997,02028667	9997,02028667	9997,02028667	9997,02028667	9997,02028667	9996,99615785	9996,99615785	9996,99615785	9996,99615785
36900	9996,5267875	9996,5267875	9996,5267875	9996,5267875	9996,46728474	9996,46728474	9996,46728474	9996,34195136	9996,34195136	9996,34195136	9996,34195136	9996,34195136	9996,34195136	9996,30946881	9996,30946881	9996,30946881	9996,30946881
37800	9995,29491444	9995,29491444	9995,29491444	9995,29491444	9995,2145699	9995,2145699	9995,2145699	9995,05498978	9995,05498978	9995,05498978	9995,05498978	9995,05498978	9995,05498978	9995,0118319	9995,0118319	9995,0118319	9995,0118319
38700	10000,568768	10000,568768	10000,568768	10000,568768	10000,5746769	10000,5746769	10000,5746769	10000,5661985	10000,5661985	10000,5661985	10000,5661985	10000,5661985	10000,5661985	10000,5633915	10000,5633915	10000,5633915	10000,5633915
39600	10001,7549632	10001,7549632	10001,7549632	10001,7549632	10001,7813953	10001,7813953	10001,7813953	10001,7831937	10001,7831937	10001,7831937	10001,7831937	10001,7831937	10001,7831937	10001,7793966	10001,7793966	10001,7793966	10001,7793966
40500	10002,9568906	10002,9568906	10002,9568906	10002,9568906	10002,9998363	10002,9998363	10002,9998363	10003,0583949	10003,0583949	10003,0583949	10003,0583949	10003,0583949	10003,0583949	10003,0691944	10003,0691944	10003,0691944	10003,0691944
41400	10004,0787333	10004,0787333	10004,0787333	10004,0787333	10004,1427322	10004,1427322	10004,1427322	10004,2176881	10004,2176881	10004,2176881	10004,2176881	10004,2176881	10004,2176881	10004,2274496	10004,2274496	10004,2274496	10004,2274496
42300	10019,4452483	10019,4452483	10019,4452483	10019,4452483	10019,7606414	10019,7606414	10019,7606414	10020,2389698	10020,2389698	10020,2389698	10020,2389698	10020,2389698	10020,2389698	10020,3371718	10020,3371718	10020,3371718	10020,3371718
43200	10017,451021	10017,451021	10017,451021	10017,451021	10017,734572	10017,734572	10017,734572	10018,1510553	10018,1510553	10018,1510553	10018,1510553	10018,1510553	10018,1510553	10018,2355777	10018,2355777	10018,2355777	10018,2355777
44100	10008,609636	10008,609636	10008,609636	10008,609636	10008,7435647	10008,7435647	10008,7435647	10008,9541696	10008,9541696	10008,9541696	10008,9541696	10008,9541696	10008,9541696	10008,9915664	10008,9915664	10008,9915664	10008,9915664
45000	10014,1026524	10014,1026524	10014,1026524	10014,1026524	10014,3234625	10014,3234625	10014,3234625	10014,6680423	10014,6680423	10014,6680423	10014,6680423	10014,6680423	10014,6680423	10014,7448408	10014,7448408	10014,7448408	10014,7448408
45900	10013,7673476	10013,7673476	10013,7673476	10013,7673476	10013,9791825	10013,9791825	10013,9791825	10014,3391896	10014,3391896	10014,3391896	10014,3391896	10014,3391896	10014,3391896	10014,4136964	10014,4136964	10014,4136964	10014,4136964
46800	10009,96103	10009,96103	10009,96103	10009,96103	10010,1113691	10010,1113691	10010,1113691	10010,3569154	10010,3569154	10010,3569154	10010,3569154	10010,3569154	10010,3569154	10010,4053621	10010,4053621	10010,4053621	10010,4053621
47700	10021,374702	10021,374702	10021,374702	10021,374702	10021,720507	10021,720507	10021,720507	10022,222802	10022,222802	10022,222802	10022,222802	10022,222802	10022,222802	10022,3302232	10022,3302232	10022,3302232	10022,3302232
48600	10013,9216099	10013,9216099	10013,9216099	10013,9216099	10014,145689	10014,145689	10014,145689	10014,4468423	10014,4468423	10014,4468423	10014,4468423	10014,4468423	10014,4468423	10014,5144864	10014,5144864	10014,5144864	10014,5144864
49500	10009,5510955	10009,5510955	10009,5510955	10009,5510955	10009,7042017	10009,7042017	10009,7042017	10009,9214567	10009,9214567	10009,9214567	10009,9214567	10009,9214567	10009,9214567	10009,9672061	10009,9672061	10009,9672061	10009,9672061
50400	10024,250938	10024,250938	10024,250938	10024,250938	10024,6439761	10024,6439761	10024,6439761	10025,2514985	10025,2514985	10025,2514985	10025,2514985	10025,2514985	10025,2514985	10025,3849956	10025,3849956	10025,3849956	10025,3849956
51300	10009,6360182	10009,6360182	10009,6360182	10009,6360182	10009,7890677	10009,7890677	10009,7890677	10010,0247364	10010,0247364	10010,0247364	10010,0247364	10010,0247364	10010,0247364	10010,0784663	10010,0784663	10010,0784663	10010,0784663
52200	10001,2650635	10001,2650635	10001,2650635	10001,2650635	10001,2805876	10001,2805876	10001,2805876	10001,2938821	10001,2938821	10001,2938821	10001,2938821	10001,2938821	10001,2938821	10001,2946964	10001,2946964	10001,2946964	10001,2946964
53100	9996,74585865	9996,74585865	9996,74585865	9996,74585865	9996,68852812	9996,68852812	9996,68852812	9996,58394036	9996,58394036	9996,58394036	9996,58394036	9996,58394036	9996,58394036	9996,55945828	9996,55945828	9996,55945828	9996,55945828
54000	9996,86196345	9996,86196345	9996,86196345	9996,86196345	9996,80566182	9996,80566182	9996,80566182	9996,70415825	9996,70415825	9996,70415825	9996,70415825	9996,70415825	9996,70415825	9996,68146073	9996,68146073	9996,68146073	9996,68146073
54900	10005,2486699	10005,2486699	10005,2486699	10005,2486699	10005,3279723	10005,3279723	10005,3279723	10005,4532275	10005,4532275	10005,4532275	10005,4532275	10005,4532275	10005,4532275	10005,4848022	10005,4848022	10005,4848022	10005,4848022
55800	9998,03385957	9998,03385957	9998,03385957	9998,03385957	9997,99900884	9997,99900884	9997,99900884	9997,92808925	9997,92808925	9997,92808925	9997,92808925	9997,92808925	9997,92808925	9997,90938809	9997,90938809	9997,90938809	9997,90938809
56700	9993,76709529	9993,76709529	9993,76709529	9993,76709529	9993,66272753	9993,66272753	9993,66272753	9993,47444833	9993,47444833	9993,47444833	9993,47444833	9993,47444833	9993,47444833	9993,42635417	9993,42635417	9993,42635417	9993,42635417
57600	9996,03955276	9996,03955276	9996,03955276	9996,03955276	9995,97195667	9995,97195667	9995,97195667	9995,85327336	9995,85327336	9995,85327336	9995,85327336	9995,85327336	9995,85327336	9995,82611666	9995,82611666	9995,82611666	9995,82611666
58500	9993,22293909	9993,22293909	9993,22293909	9993,22293909	9993,1079006	9993,1079006	9993,1079006	9992,91253723	9992,91253723	9992,91253723	9992,91253723	9992,91253723	9992,91253723	9992,87138611	9992,87138611	9992,87138611	9992,87138611
59400	9992,47801007	9992,47801007	9992,47801007	9992,47801007	9992,35048067	9992,35048067	9992,35048067	9992,13271878	9992,13271878	9992,13271878	9992,13271878	9992,13271878	9992,13271878	9992,08364793	9992,08364793	9992,08364793	9992,08364793
60300	9992,67469314	9992,67469314	9992,67469314	9992,67469314	9992,54829279	9992,54829279	9992,54829279	9992,3494585	9992,3494585	9992,3494585	9992,3494585	9992,3494585	9992,3494585	9992,30685442	9992,30685442	9992,30685442	9992,30685442
61200	9991,78444563	9991,78444563	9991,78444563	9991,78444563	9991,64445435	9991,64445435	9991,64445435	9991,41083198	9991,41083198	9991,41083198	9991,41083198	9991,41083198	9991,41083198	9991,35857947	9991,35857947	9991,35857947	9991,35857947
62100	9992,81819929	9992,81819929	9992,81819929	9992,81819929	9992,69525964	9992,69525964	9992,69525964	9992,49441365	9992,49441365	9992,49441365	9992,49441365	9992,49441365	9992,49441365	9992,44788107	9992,44788107	9992,44788107	9992,44788107
63000	9992,67689301	9992,67689301	9992,67689301	9992,67689301	9992,55142063	9992,55142063	9992,55142063	9992,34730583	9992,34730583	9992,34730583	9992,34730583	9992,34730583	9992,34730583	9992,30061613	9992,30061613	9992,30061613	9992,30061613
63900	9993,06342891	9993,06342891	9993,06342891	9993,06342891	9992,94604619	9992,94604619	9992,94604619	9992,74390402	9992,74390402	9992,74390402	9992,74390402	9992,74390402	9992,74390402	9992,69707646	9992,69707646	9992,69707646	9992,69707646
64800	9993,80401674	9993,80401674	9993,80401674	9993,80401674	9993,69929725	9993,69929725	9993,69929725	9993,51795316	9993,51795316	9993,51795316	9993,51795316	9993,51795316	9993,51795316	9993,47703466	9993,47703466	9993,47703466	9993,47703466
65700	9992,40454274	9992,40454274	9992,40454274	9992,40454274	9992,27621343	9992,27621343	9992,27621343	9992,05365063	9992,05365063	9992,05365063	9992,05365063	9992,05365063	9992,05365063	9992,00365234	9992,00365234	9992,00365234	9992,00365234
66600	9992,52071844	9992,52071844	9992,52071844	9992,52071844	9992,39306018	9992,39306018	9992,39306018	9992,18165249	9992,18165249	9992,18165249	9992,18165249	9992,18165249	9992,18165249	9992,13573645	9992,13573645	9992,13573645	9992,13573645
67500	9993,19064231	9993,19064231	9993,19064231	9993,19064231	9993,07385852	9993,07385852	9993,07385852	9992,88474673	9992,88474673	9992,88474673	9992,88474673	9992,88474673	9992,88474673	9992,84643258	9992,84643258	9992,84643258	9992,84643258
68400	9990,40911747	9990,40911747	9990,40911747	9990,40911747	9990,24323276	9990,24323276	9990,24323276	9989,98524977	9989,98524977	9989,98524977	9989,98524977	9989,98524977	9989,98524977	9989,93009103	9989,93009103	9989,93009103	9989,93009103
69300	9991,35139671	9991,35139671	9991,35139671	9991,35139671	9991,20201015	9991,20201015	9991,20201015	9990,96817097	9990,96817097	9990,96817097	9990,96817097	9990,96817097	9990,96817097	9990,91894476	9990,91894476	9990,91894476	9990,91894476
70200	9990,20412304	9990,20412304	9990,20412304	9990,20412304	9990,03511182	9990,03511182	9990,03511182	9989,76910007	9989,76910007	9989,76910007	9989,76910007	9989,76910007	9989,76910007	9989,71016633	9989,71016633	9989,71016633	9989,71016633
71100	9989,31090689	9989,31090689	9989,31090689	9989,31090689	9989,12977538	9989,12977538	9989,12977538	9988,81976346	9988,81976346	9988,81976346	9988,81976346	9988,81976346	9988,81976346	9988,74885088	9988,74885088	9988,74885088	9988,74885088
72000	9988,87316305	9988,87316305	9988,87316305	9988,87316305	9988,68434934	9988,68434934	9988,68434934	9988,36322827	9988,36322827	9988,36322827	9988,36322827	9988,36322827	9988,36322827	9988,29099854	9988,29099854	9988,29099854	9988,29099854
72900	9990,71974825	9990,71974825	9990,71974825	9990,71974825	9990,56240254	9990,56240254	9990,56240254	9990,29377674	9990,29377674	9990,29377674	9990,29377674	9990,29377674	9990,29377674	9990,23026095	9990,23026095	9990,23026095	9990,23026095
73800	9990,9282535	9990,9282535	9990,9282535	9990,9282535	9990,77361471	9990,77361471	9990,77361471	9990,51599419	9990,51599419	9990,51599419	9990,51599419	9990,51599419	9990,51599419	9990,46005975	9990,46005975	9990,46005975	9990,46005975
74700	9991,40754674	9991,40754674	9991,40754674	9991,40754674	9991,2606949	9991,2606949	9991,2606949	9991,0189845	9991,0189845	9991,0189845	9991,0189845	9991,0189845	9991,0189845	9990,96688211	9990,96688211	9990,96688211	9990,96688211
75600	9992,79772017	9992,79772017	9992,79772017	9992,79772017	9992,67363835	9992,67363835	9992,67363835	9992,4769695	9992,4769695	9992,4769695	9992,4769695	9992,4769695	9992,4769695	9992,43381652	9992,43381652	9992,43381652	9992,43381652
76500	9992,77957358	9992,77957358	9992,77957358	9992,77957358	9992,6560218	9992,6560218	9992,6560218	9992,4538013	9992,4538013	9992,4538013	9992,4538013	9992,4538013	9992,4538013	9992,40905079	9992,40905079	9992,40905079	9992,40905079
77400	9993,76639499	9993,76639499	9993,76639499	9993,76639499	9993,66083128	9993,66083128	9993,66083128	9993,47963625	9993,47963625	9993,47963625	9993,47963625	9993,47963625	9993,47963625	9993,43913906	9993,43913906	9993,43913906	9993,43913906
78300	9993,26814381	9993,26814381	9993,26814381	9993,26814381	9993,15352864	9993,15352864	9993,15352864	9992,9615325	9992,9615325	9992,9615325	9992,9615325	9992,9615325	9992,9615325	9992,91596147	9992,91596147	9992,91596147	9992,91596147
79200	9994,04364434	9994,04364434	9994,04364434	9994,04364434	9993,94281973	9993,94281973	9993,94281973	9993,7694197	9993,7694197	9993,7694197	9993,7694197	9993,7694197	9993,7694197	9993,72922552	9993,72922552	9993,72922552	9993,72922552
80100	9994,27622223	9994,27622223	9994,27622223	9994,27622223	9994,1796461	9994,1796461	9994,1796461	9994,01114736	9994,01114736	9994,01114736	9994,01114736	9994,01114736	9994,01114736	9993,97160046	9993,97160046	9993,97160046	9993,97160046
81000	9994,72032229	9994,72032229	9994,72032229	9994,72032229	9994,63091107	9994,63091107	9994,63091107	9994,47745568	9994,47745568	9994,47745568	9994,47745568	9994,47745568	9994,47745568	9994,4421483	9994,4421483	9994,4421483	9994,4421483
81900	9994,45464348	9994,45464348	9994,45464348	9994,45464348	9994,36073402	9994,36073402	9994,36073402	9994,19955047	9994,19955047	9994,19955047	9994,19955047	9994,19955047	9994,19955047	9994,1627721	9994,1627721	9994,1627721	9994,1627721
82800	9995,45105184	9995,45105184	9995,45105184	9995,45105184	9995,37433535	9995,37433535	9995,37433535	9995,24019981	9995,24019981	9995,24019981	9995,24019981	9995,24019981	9995,24019981	9995,20874398	9995,20874398	9995,20874398	9995,20874398
83700	9995,63108378	9995,63108378	9995,63108378	9995,63108378	9995,5570296	9995,5570296	9995,5570296	9995,43044589	9995,43044589	9995,43044589	9995,43044589	9995,43044589	9995,43044589	9995,40191064	9995,40191064	9995,40191064	9995,40191064
84600	9995,72772149	9995,72772149	9995,72772149	9995,72772149	9995,65529486	9995,65529486	9995,65529486	9995,53157403	9995,53157403	9995,53157403	9995,53157403	9995,53157403	9995,53157403	9995,50319664	9995,50319664	9995,50319664	9995,50319664
85500	9996,18024462	9996,18024462	9996,18024462	9996,18024462	9996,11527824	9996,11527824	9996,11527824	9996,00592943	9996,00592943	9996,00592943	9996,00592943	9996,00592943	9996,00592943	9995,98147128	9995,98147128	9995,98147128	9995,98147128
86400	9997,08315107	9997,08315107	9997,08315107	9997,08315107	9997,03264882	9997,03264882	9997,03264882	9996,95450263	9996,95450263	9996,95450263	9996,95450263	9996,95450263	9996,95450263	9996,93730626	9996,93730626	9996,93730626	9996,93730626
87300	9997,23004708	9997,23004708	9997,23004708	9997,23004708	9997,18263931	9997,18263931	9997,18263931	9997,10512193	9997,10512193	9997,10512193	9997,10512193	9997,10512193	9997,10512193	9997,08628097	9997,08628097	9997,08628097	9997,08628097
88200	9997,23110142	9997,23110142	9997,23110142	9997,23110142	9997,18343364	9997,18343364	9997,18343364	9997,10761409	9997,10761409	9997,10761409	9997,10761409	9997,10761409	9997,10761409	9997,09002555	9997,09002555	9997,09002555	9997,09002555
89100	9997,61931353	9997,61931353	9997,61931353	9997,61931353	9997,57825847	9997,57825847	9997,57825847	9997,5134923	9997,5134923	9997,5134923	9997,5134923	9997,5134923	9997,5134923	9997,49923831	9997,49923831	9997,49923831	9997,49923831
90000	9997,89847704	9997,89847704	9997,89847704	9997,89847704	9997,86221384	9997,86221384	9997,86221384	9997,80517617	9997,80517617	9997,80517617	9997,80517617	9997,80517617	9997,80517617	9997,79317292	9997,79317292	9997,79317292	9997,79317292
90900	9997,79696834	9997,79696834	9997,79696834	9997,79696834	9997,75941363	9997,75941363	9997,75941363	9997,69686041	9997,69686041	9997,69686041	9997,69686041	9997,69686041	9997,69686041	9997,68257137	9997,68257137	9997,68257137	9997,68257137
91800	9998,13925624	9998,13925624	9998,13925624	9998,13925624	9998,1074787	9998,1074787	9998,1074787	9998,05499096	9998,05499096	9998,05499096	9998,05499096	9998,05499096	9998,05499096	9998,04279598	9998,04279598	9998,04279598	9998,04279598
92700	9997,94200077	9997,94200077	9997,94200077	9997,94200077	9997,90692489	9997,90692489	9997,90692489	9997,84845082	9997,84845082	9997,84845082	9997,84845082	9997,84845082	9997,84845082	9997,83444009	9997,83444009	9997,83444009	9997,83444009
93600	9997,88959877	9997,88959877	9997,88959877	9997,88959877	9997,85380741	9997,85380741	9997,85380741	9997,79277859	9997,79277859	9997,79277859	9997,79277859	9997,79277859	9997,79277859	9997,77839447	9997,77839447	9997,77839447	9997,77839447
94500	9997,99906756	9997,99906756	9997,99906756	9997,99906756	9997,96490256	9997,96490256	9997,96490256	9997,90842042	9997,90842042	9997,90842042	9997,90842042	9997,90842042	9997,90842042	9997,89596297	9997,89596297	9997,89596297	9997,89596297
95400	9998,08611503	9998,08611503	9998,08611503	9998,08611503	9998,0535034	9998,0535034	9998,0535034	9997,99907599	9997,99907599	9997,99907599	9997,99907599	9997,99907599	9997,99907599	9997,98697804	9997,98697804	9997,98697804	9997,98697804
96300	9998,26507318	9998,26507318	9998,26507318	9998,26507318	9998,23562597	9998,23562597	9998,23562597	9998,1855974	9998,1855974	9998,1855974	9998,1855974	9998,1855974	9998,1855974	9998,17416276	9998,17416276	9998,17416276	9998,17416276
97200	9998,16589882	9998,16589882	9998,16589882	9998,16589882	9998,13472833	9998,13472833	9998,13472833	9998,08207981	9998,08207981	9998,08207981	9998,08207981	9998,08207981	9998,08207981	9998,06979266	9998,06979266	9998,06979266	9998,06979266
98100	9998,10492201	9998,10492201	9998,10492201	9998,10492201	9998,07274042	9998,07274042	9998,07274042	9998,01819036	9998,01819036	9998,01819036	9998,01819036	9998,01819036	9998,01819036	9998,00521483	9998,00521483	9998,00521483	9998,00521483
99000	9998,07545878	9998,07545878	9998,07545878	9998,07545878	9998,04271758	9998,04271758	9998,04271758	9997,98767504	9997,98767504	9997,98767504	9997,98767504	9997,98767504	9997,98767504	9997,97537349	9997,97537349	9997,97537349	9997,97537349
99900	9998,05298688	9998,05298688	9998,05298688	9998,05298688	9998,01971333	9998,01971333	9998,01971333	9997,96492839	9997,96492839	9997,96492839	9997,96492839	9997,96492839	9997,96492839	9997,95290947	9997,95290947	9997,95290947	9997,95290947
100800	9998,35034266	9998,35034266	9998,35034266	9998,35034266	9998,32209863	9998,32209863	9998,32209863	9998,27599358	9998,27599358	9998,27599358	9998,27599358	9998,27599358	9998,27599358	9998,26533403	9998,26533403	9998,26533403	9998,26533403
101700	9998,14963237	9998,14963237	9998,14963237	9998,14963237	9998,1181762	9998,1181762	9998,1181762	9998,06511615	9998,06511615	9998,06511615	9998,06511615	9998,06511615	9998,06511615	9998,05285455	9998,05285455	9998,05285455	9998,05285455
102600	9998,04390631	9998,04390631	9998,04390631	9998,04390631	9998,01067987	9998,01067987	9998,01067987	9997,95442563	9997,95442563	9997,95442563	9997,95442563	9997,95442563	9997,95442563	9997,94180407	9997,94180407	9997,94180407	9997,94180407
103500	9998,15504415	9998,15504415	9998,15504415	9998,15504415	9998,12371106	9998,12371106	9998,12371106	9998,07061968	9998,07061968	9998,07061968	9998,07061968	9998,07061968	9998,07061968	9998,05831026	9998,05831026	9998,05831026	9998,05831026
104400	9997,72564653	9997,72564653	9997,72564653	9997,72564653	9997,68675325	9997,68675325	9997,68675325	9997,62291143	9997,62291143	9997,62291143	9997,62291143	9997,62291143	9997,62291143	9997,60974533	9997,60974533	9997,60974533	9997,60974533
105300	9997,77823917	9997,77823917	9997,77823917	9997,77823917	9997,74000238	9997,74000238	9997,74000238	9997,67909415	9997,67909415	9997,67909415	9997,67909415	9997,67909415	9997,67909415	9997,66554863	9997,66554863	9997,66554863	9997,66554863
106200	9997,72498124	9997,72498124	9997,72498124	9997,72498124	9997,68601782	9997,68601782	9997,68601782	9997,62250995	9997,62250995	9997,62250995	9997,62250995	9997,62250995	9997,62250995	9997,60749513	9997,60749513	9997,60749513	9997,60749513
107100	9997,24171488	9997,24171488	9997,24171488	9997,24171488	9997,19529084	9997,19529084	9997,19529084	9997,11339575	9997,11339575	9997,11339575	9997,11339575	9997,11339575	9997,11339575	9997,09391369	9997,09391369	9997,09391369	9997,09391369
108000	9996,35000937	9996,35000937	9996,35000937	9996,35000937	9996,28757242	9996,28757242	9996,28757242	9996,18523103	9996,18523103	9996,18523103	9996,18523103	9996,18523103	9996,18523103	9996,16342423	9996,16342423	9996,16342423	9996,16342423
108900	9996,25019696	9996,25019696	9996,25019696	9996,25019696	9996,18621316	9996,18621316	9996,18621316	9996,08010986	9996,08010986	9996,08010986	9996,08010986	9996,08010986	9996,08010986	9996,05594066	9996,05594066	9996,05594066	9996,05594066
109800	9995,58154135	9995,58154135	9995,58154135	9995,58154135	9995,50573405	9995,50573405	9995,50573405	9995,38319505	9995,38319505	9995,38319505	9995,38319505	9995,38319505	9995,38319505	9995,3563033	9995,3563033	9995,3563033	9995,3563033
110700	9995,37048605	9995,37048605	9995,37048605	9995,37048605	9995,29029768	9995,29029768	9995,29029768	9995,16646544	9995,16646544	9995,16646544	9995,16646544	9995,16646544	9995,16646544	9995,13951781	9995,13951781	9995,13951781	9995,13951781
111600	9994,93765695	9994,93765695	9994,93765695	9994,93765695	9994,85142997	9994,85142997	9994,85142997	9994,70726943	9994,70726943	9994,70726943	9994,70726943	9994,70726943	9994,70726943	9994,67378194	9994,67378194	9994,67378194	9994,67378194
112500	9995,00478085	9995,00478085	9995,00478085	9995,00478085	9994,92021537	9994,92021537	9994,92021537	9994,77485721	9994,77485721	9994,77485721	9994,77485721	9994,77485721	9994,77485721	9994,7411957	9994,7411957	9994,7411957	9994,7411957
113400	9994,36703577	9994,36703577	9994,36703577	9994,36703577	9994,27096731	9994,27096731	9994,27096731	9994,11128959	9994,11128959	9994,11128959	9994,11128959	9994,11128959	9994,11128959	9994,07353833	9994,07353833	9994,07353833	9994,07353833
114300	9994,30754127	9994,30754127	9994,30754127	9994,30754127	9994,21100832	9994,21100832	9994,21100832	9994,0463431	9994,0463431	9994,0463431	9994,0463431	9994,0463431	9994,0463431	9994,00583034	9994,00583034	9994,00583034	9994,00583034
115200	9992,98882743	9992,98882743	9992,98882743	9992,98882743	9992,86978121	9992,86978121	9992,86978121	9992,66787145	9992,66787145	9992,66787145	9992,66787145	9992,66787145	9992,66787145	9992,61945314	9992,61945314	9992,61945314	9992,61945314
116100	9992,67185425	9992,67185425	9992,67185425	9992,67185425	9992,54751596	9992,54751596	9992,54751596	9992,33593815	9992,33593815	9992,33593815	9992,33593815	9992,33593815	9992,33593815	9992,28865313	9992,28865313	9992,28865313	9992,28865313
117000	9991,89550375	9991,89550375	9991,89550375	9991,89550375	9991,75718414	9991,75718414	9991,75718414	9991,52804431	9991,52804431	9991,52804431	9991,52804431	9991,52804431	9991,52804431	9991,47173558	9991,47173558	9991,47173558	9991,47173558
117900	9994,20357763	9994,20357763	9994,20357763	9994,20357763	9994,10597816	9994,10597816	9994,10597816	9993,93412659	9993,93412659	9993,93412659	9993,93412659	9993,93412659	9993,93412659	9993,89237749	9993,89237749	9993,89237749	9993,89237749
118800	9992,9234315	9992,9234315	9992,9234315	9992,9234315	9992,80415165	9992,80415165	9992,80415165	9992,59189255	9992,59189255	9992,59189255	9992,59189255	9992,59189255	9992,59189255	9992,53744452	9992,53744452	9992,53744452	9992,53744452
119700	9996,90129834	9996,90129834	9996,90129834	9996,90129834	9996,84474151	9996,84474151	9996,84474151	9996,74916359	9996,74916359	9996,74916359	9996,74916359	9996,74916359	9996,74916359	9996,72000327	9996,72000327	9996,72000327	9996,72000327
120600	10008,4355664	10008,4355664	10008,4355664	10008,4355664	10008,5684728	10008,5684728	10008,5684728	10008,7746884	10008,7746884	10008,7746884	10008,7746884	10008,7746884	10008,7746884	10008,8140158	10008,8140158	10008,8140158	10008,8140158
121500	9996,04144098	9996,04144098	9996,04144098	9996,04144098	9995,97310932	9995,97310932	9995,97310932	9995,85061284	9995,85061284	9995,85061284	9995,85061284	9995,85061284	9995,85061284	9995,82274755	9995,82274755	9995,82274755	9995,82274755
122400	10007,4456644	10007,4456644	10007,4456644	10007,4456644	10007,5590377	10007,5590377	10007,5590377	10007,7410122	10007,7410122	10007,7410122	10007,7410122	10007,7410122	10007,7410122	10007,7861386	10007,7861386	10007,7861386	10007,7861386
123300	10010,053006	10010,053006	10010,053006	10010,053006	10010,2156448	10010,2156448	10010,2156448	10010,443616	10010,443616	10010,443616	10010,443616	10010,443616	10010,443616	10010,4842634	10010,4842634	10010,4842634	10010,4842634
124200	10010,0078659	10010,0078659	10010,0078659	10010,0078659	10010,1660168	10010,1660168	10010,1660168	10010,4067885	10010,4067885	10010,4067885	10010,4067885	10010,4067885	10010,4067885	10010,4540785	10010,4540785	10010,4540785	10010,4540785
125100	10014,8119425	10014,8119425	10014,8119425	10014,8119425	10015,0521389	10015,0521389	10015,0521389	10015,4047598	10015,4047598	10015,4047598	10015,4047598	10015,4047598	10015,4047598	10015,4773089	10015,4773089	10015,4773089	10015,4773089
126000	10013,0119897	10013,0119897	10013,0119897	10013,0119897	10013,2224552	10013,2224552	10013,2224552	10013,5351522	10013,5351522	10013,5351522	10013,5351522	10013,5351522	10013,5351522	10013,604921	10013,604921	10013,604921	10013,604921
126900	10013,350524	10013,350524	10013,350524	10013,350524	10013,5663113	10013,5663113	10013,5663113	10013,8771371	10013,8771371	10013,8771371	10013,8771371	10013,8771371	10013,8771371	10013,9482617	10013,9482617	10013,9482617	10013,9482617
127800	10011,3560757	10011,3560757	10011,3560757	10011,3560757	10011,5390144	10011,5390144	10011,5390144	10011,8105193	10011,8105193	10011,8105193	10011,8105193	10011,8105193	10011,8105193	10011,8712862	10011,8712862	10011,8712862	10011,8712862
128700	10014,5252314	10014,5252314	10014,5252314	10014,5252314	10014,7572558	10014,7572558	10014,7572558	10015,1236216	10015,1236216	10015,1236216	10015,1236216	10015,1236216	10015,1236216	10015,2050735	10015,2050735	10015,2050735	10015,2050735
129600	10013,9155779	10013,9155779	10013,9155779	10013,9155779	10014,1379701	10014,1379701	10014,1379701	10014,4912537	10014,4912537	10014,4912537	10014,4912537	10014,4912537	10014,4912537	10014,5718142	10014,5718142	10014,5718142	10014,5718142
130500	10011,4651659	10011,4651659	10011,4651659	10011,4651659	10011,6452925	10011,6452925	10011,6452925	10011,9382949	10011,9382949	10011,9382949	10011,9382949	10011,9382949	10011,9382949	10012,0066868	10012,0066868	10012,0066868	10012,0066868
131400	10011,8118906	10011,8118906	10011,8118906	10011,8118906	10011,9994856	10011,9994856	10011,9994856	10012,2869143	10012,2869143	10012,2869143	10012,2869143	10012,2869143	10012,2869143	10012,3530269	10012,3530269	10012,3530269	10012,3530269
132300	10011,7100975	10011,7100975	10011,7100975	10011,7100975	10011,8972292	10011,8972292	10011,8972292	10012,180109	10012,180109	10012,180109	10012,180109	10012,180109	10012,180109	10012,2429341	10012,2429341	10012,2429341	10012,2429341
133200	10010,7498554	10010,7498554	10010,7498554	10010,7498554	10010,9222494	10010,9222494	10010,9222494	10011,178577	10011,178577	10011,178577	10011,178577	10011,178577	10011,178577	10011,2334568	10011,2334568	10011,2334568	10011,2334568
134100	10006,4433609	10006,4433609	10006,4433609	10006,4433609	10006,5463025	10006,5463025	10006,5463025	10006,6891435	10006,6891435	10006,6891435	10006,6891435	10006,6891435	10006,6891435	10006,7217786	10006,7217786	10006,7217786	10006,7217786
135000	10009,695046	10009,695046	10009,695046	10009,695046	10009,8514518	10009,8514518	10009,8514518	10010,0792168	10010,0792168	10010,0792168	10010,0792168	10010,0792168	10010,0792168	10010,1309462	10010,1309462	10010,1309462	10010,1309462
135900	10011,5767445	10011,5767445	10011,5767445	10011,5767445	10011,7632476	10011,7632476	10011,7632476	10012,0419343	10012,0419343	10012,0419343	10012,0419343	10012,0419343	10012,0419343	10012,101763	10012,101763	10012,101763	10012,101763
136800	10007,7774151	10007,7774151	10007,7774151	10007,7774151	10007,9005162	10007,9005162	10007,9005162	10008,0940985	10008,0940985	10008,0940985	10008,0940985	10008,0940985	10008,0940985	10008,1378169	10008,1378169	10008,1378169	10008,1378169
137700	10014,407199	10014,407199	10014,407199	10014,407199	10014,6386313	10014,6386313	10014,6386313	10015,0034467	10015,0034467	10015,0034467	10015,0034467	10015,0034467	10015,0034467	10015,0863125	10015,0863125	10015,0863125	10015,0863125
138600	10018,0061565	10018,0061565	10018,0061565	10018,0061565	10018,2962861	10018,2962861	10018,2962861	10018,7475731	10018,7475731	10018,7475731	10018,7475731	10018,7475731	10018,7475731	10018,8490498	10018,8490498	10018,8490498	10018,8490498
139500	10006,8874742	10006,8874742	10006,8874742	10006,8874742	10006,9956989	10006,9956989	10006,9956989	10007,1605797	10007,1605797	10007,1605797	10007,1605797	10007,1605797	10007,1605797	10007,2016587	10007,2016587	10007,2016587	10007,2016587
140400	10003,2518589	10003,2518589	10003,2518589	10003,2518589	10003,3001019	10003,3001019	10003,3001019	10003,3760133	10003,3760133	10003,3760133	10003,3760133	10003,3760133	10003,3760133	10003,394216	10003,394216	10003,394216	10003,394216
141300	9998,69988776	9998,69988776	9998,69988776	9998,69988776	9998,67639734	9998,67639734	9998,67639734	9998,6286536	9998,6286536	9998,6286536	9998,6286536	9998,6286536	9998,6286536	9998,61889422	9998,61889422	9998,61889422	9998,61889422
142200	9999,73078207	9999,73078207	9999,73078207	9999,73078207	9999,72400392	9999,72400392	9999,72400392	9999,69966663	9999,69966663	9999,69966663	9999,69966663	9999,69966663	9999,69966663	9999,69305132	9999,69305132	9999,69305132	9999,69305132
143100	9998,42454997	9998,42454997	9998,42454997	9998,42454997	9998,39582485	9998,39582485	9998,39582485	9998,33839169	9998,33839169	9998,33839169	9998,33839169	9998,33839169	9998,33839169	9998,32791082	9998,32791082	9998,32791082	9998,32791082
144000	9994,63885778	9994,63885778	9994,63885778	9994,63885778	9994,54896491	9994,54896491	9994,54896491	9994,38775401	9994,38775401	9994,38775401	9994,38775401	9994,38775401	9994,38775401	9994,34697124	9994,34697124	9994,34697124	9994,34697124
144900	9994,81374639	9994,81374639	9994,81374639	9994,81374639	9994,72689823	9994,72689823	9994,72689823	9994,57027272	9994,57027272	9994,57027272	9994,57027272	9994,57027272	9994,57027272	9994,53220671	9994,53220671	9994,53220671	9994,53220671
145800	9995,37912699	9995,37912699	9995,37912699	9995,37912699	9995,30117585	9995,30117585	9995,30117585	9995,1650494	9995,1650494	9995,1650494	9995,1650494	9995,1650494	9995,1650494	9995,13233757	9995,13233757	9995,13233757	9995,13233757
146700	9993,92881046	9993,92881046	9993,92881046	9993,92881046	9993,82663176	9993,82663176	9993,82663176	9993,64635033	9993,64635033	9993,64635033	9993,64635033	9993,64635033	9993,64635033	9993,60356015	9993,60356015	9993,60356015	9993,60356015
147600	9993,93757979	9993,93757979	9993,93757979	9993,93757979	9993,83491466	9993,83491466	9993,83491466	9993,65869778	9993,65869778	9993,65869778	9993,65869778	9993,65869778	9993,65869778	9993,61883631	9993,61883631	9993,61883631	9993,61883631
148500	9992,92072404	9992,92072404	9992,92072404	9992,92072404	9992,79971282	9992,79971282	9992,79971282	9992,60069377	9992,60069377	9992,60069377	9992,60069377	9992,60069377	9992,60069377	9992,55609968	9992,55609968	9992,55609968	9992,55609968
149400	9991,4833967	9991,4833967	9991,4833967	9991,4833967	9991,3336579	9991,3336579	9991,3336579	9991,11918147	9991,11918147	9991,11918147	9991,11918147	9991,11918147	9991,11918147	9991,0728076	9991,0728076	9991,0728076	9991,0728076
150300	9992,6278506	9992,6278506	9992,6278506	9992,6278506	9992,49998418	9992,49998418	9992,49998418	9992,30382515	9992,30382515	9992,30382515	9992,30382515	9992,30382515	9992,30382515	9992,26036768	9992,26036768	9992,26036768	9992,26036768
151200	9991,39004505	9991,39004505	9991,39004505	9991,39004505	9991,23931924	9991,23931924	9991,23931924	9991,01856592	9991,01856592	9991,01856592	9991,01856592	9991,01856592	9991,01856592	9990,96700159	9990,96700159	9990,96700159	9990,96700159
152100	9991,45879157	9991,45879157	9991,45879157	9991,45879157	9991,31026642	9991,31026642	9991,31026642	9991,08529262	9991,08529262	9991,08529262	9991,08529262	9991,08529262	9991,08529262	9991,03569873	9991,03569873	9991,03569873	9991,03569873
153000	9991,38887658	9991,38887658	9991,38887658	9991,38887658	9991,24273482	9991,24273482	9991,24273482	9990,99432411	9990,99432411	9990,99432411	9990,99432411	9990,99432411	9990,99432411	9990,93487281	9990,93487281	9990,93487281	9990,93487281
153900	9990,71369288	9990,71369288	9990,71369288	9990,71369288	9990,55659436	9990,55659436	9990,55659436	9990,28569404	9990,28569404	9990,28569404	9990,28569404	9990,28569404	9990,28569404	9990,21960154	9990,21960154	9990,21960154	9990,21960154
154800	9990,47666951	9990,47666951	9990,47666951	9990,47666951	9990,31664728	9990,31664728	9990,31664728	9990,03231586	9990,03231586	9990,03231586	9990,03231586	9990,03231586	9990,03231586	9989,96053605	9989,96053605	9989,96053605	9989,96053605
155700	9990,63039558	9990,63039558	9990,63039558	9990,63039558	9990,47233913	9990,47233913	9990,47233913	9990,19630129	9990,19630129	9990,19630129	9990,19630129	9990,19630129	9990,19630129	9990,12608099	9990,12608099	9990,12608099	9990,12608099
156600	9991,26271094	9991,26271094	9991,26271094	9991,26271094	9991,11636084	9991,11636084	9991,11636084	9990,85271284	9990,85271284	9990,85271284	9990,85271284	9990,85271284	9990,85271284	9990,78506555	9990,78506555	9990,78506555	9990,78506555
157500	9990,49076123	9990,49076123	9990,49076123	9990,49076123	9990,3285818	9990,3285818	9990,3285818	9990,05903549	9990,05903549	9990,05903549	9990,05903549	9990,05903549	9990,05903549	9989,99886257	9989,99886257	9989,99886257	9989,99886257
158400	9991,023672	9991,023672	9991,023672	9991,023672	9990,87035444	9990,87035444	9990,87035444	9990,61727548	9990,61727548	9990,61727548	9990,61727548	9990,61727548	9990,61727548	9990,56254064	9990,56254064	9990,56254064	9990,56254064
159300	9991,37175222	9991,37175222	9991,37175222	9991,37175222	9991,22381858	9991,22381858	9991,22381858	9990,98392161	9990,98392161	9990,98392161	9990,98392161	9990,98392161	9990,98392161	9990,92996981	9990,92996981	9990,92996981	9990,92996981
160200	9992,99643339	9992,99643339	9992,99643339	9992,99643339	9992,87665233	9992,87665233	9992,87665233	9992,68014565	9992,68014565	9992,68014565	9992,68014565	9992,68014565	9992,68014565	9992,63372952	9992,63372952	9992,63372952	9992,63372952
161100	9992,87628082	9992,87628082	9992,87628082	9992,87628082	9992,75548485	9992,75548485	9992,75548485	9992,54936657	9992,54936657	9992,54936657	9992,54936657	9992,54936657	9992,54936657	9992,50025091	9992,50025091	9992,50025091	9992,50025091
162000	9993,34641254	9993,34641254	9993,34641254	9993,34641254	9993,23386616	9993,23386616	9993,23386616	9993,03968584	9993,03968584	9993,03968584	9993,03968584	9993,03968584	9993,03968584	9992,99441839	9992,99441839	9992,99441839	9992,99441839
162900	9993,14025061	9993,14025061	9993,14025061	9993,14025061	9993,02443868	9993,02443868	9993,02443868	9992,82291052	9992,82291052	9992,82291052	9992,82291052	9992,82291052	9992,82291052	9992,77598052	9992,77598052	9992,77598052	9992,77598052
163800	9993,27838855	9993,27838855	9993,27838855	9993,27838855	9993,16395969	9993,16395969	9993,16395969	9992,9721844	9992,9721844	9992,9721844	9992,9721844	9992,9721844	9992,9721844	9992,92642886	9992,92642886	9992,92642886	9992,92642886
164700	9993,94733732	9993,94733732	9993,94733732	9993,94733732	9993,84372801	9993,84372801	9993,84372801	9993,67445126	9993,67445126	9993,67445126	9993,67445126	9993,67445126	9993,67445126	9993,6353904	9993,6353904	9993,6353904	9993,6353904
165600	9994,08001333	9994,08001333	9994,08001333	9994,08001333	9993,97865848	9993,97865848	9993,97865848	9993,8131924	9993,8131924	9993,8131924	9993,8131924	9993,8131924	9993,8131924	9993,77536181	9993,77536181	9993,77536181	9993,77536181
166500	9994,05114534	9994,05114534	9994,05114534	9994,05114534	9993,94973435	9993,94973435	9993,94973435	9993,7808328	9993,7808328	9993,7808328	9993,7808328	9993,7808328	9993,7808328	9993,74254685	9993,74254685	9993,74254685	9993,74254685
167400	9994,5272803	9994,5272803	9994,5272803	9994,5272803	9994,4339304	9994,4339304	9994,4339304	9994,27888132	9994,27888132	9994,27888132	9994,27888132	9994,27888132	9994,27888132	9994,2426882	9994,2426882	9994,2426882	9994,2426882
168300	9995,01967004	9995,01967004	9995,01967004	9995,01967004	9994,93473657	9994,93473657	9994,93473657	9994,79353196	9994,79353196	9994,79353196	9994,79353196	9994,79353196	9994,79353196	9994,76071214	9994,76071214	9994,76071214	9994,76071214
169200	9994,81432609	9994,81432609	9994,81432609	9994,81432609	9994,72543266	9994,72543266	9994,72543266	9994,5811545	9994,5811545	9994,5811545	9994,5811545	9994,5811545	9994,5811545	9994,54864368	9994,54864368	9994,54864368	9994,54864368
170100	9994,84876536	9994,84876536	9994,84876536	9994,84876536	9994,76034744	9994,76034744	9994,76034744	9994,61771657	9994,61771657	9994,61771657	9994,61771657	9994,61771657	9994,61771657	9994,58562096	9994,58562096	9994,58562096	9994,58562096
171000	9995,62706872	9995,62706872	9995,62706872	9995,62706872	9995,55274322	9995,55274322	9995,55274322	9995,42726274	9995,42726274	9995,42726274	9995,42726274	9995,42726274	9995,42726274	9995,39866871	9995,39866871	9995,39866871	9995,39866871
171900	9995,61730341	9995,61730341	9995,61730341	9995,61730341	9995,54332196	9995,54332196	9995,54332196	9995,41450108	9995,41450108	9995,41450108	9995,41450108	9995,41450108	9995,41450108	9995,38505321	9995,38505321	9995,38505321	9995,38505321
172800	9995,67961078	9995,67961078	9995,67961078	9995,67961078	9995,60652652	9995,60652652	9995,60652652	9995,48046458	9995,48046458	9995,48046458	9995,48046458	9995,48046458	9995,48046458	9995,45087466	9995,45087466	9995,45087466	9995,45087466
173700	9996,25839437	9996,25839437	9996,25839437	9996,25839437	9996,19494968	9996,19494968	9996,19494968	9996,08668297	9996,08668297	9996,08668297	9996,08668297	9996,08668297	9996,08668297	9996,06017122	9996,06017122	9996,06017122	9996,06017122
174600	9995,91462028	9995,91462028	9995,91462028	9995,91462028	9995,84535261	9995,84535261	9995,84535261	9995,72710103	9995,72710103	9995,72710103	9995,72710103	9995,72710103	9995,72710103	9995,69918754	9995,69918754	9995,69918754	9995,69918754
175500	9996,69522686	9996,69522686	9996,69522686	9996,69522686	9996,63937416	9996,63937416	9996,63937416	9996,54263861	9996,54263861	9996,54263861	9996,54263861	9996,54263861	9996,54263861	9996,52080349	9996,52080349	9996,52080349	9996,52080349
176400	9997,12565937	9997,12565937	9997,12565937	9997,12565937	9997,07630197	9997,07630197	9997,07630197	9996,99684146	9996,99684146	9996,99684146	9996,99684146	9996,99684146	9996,99684146	9996,97923294	9996,97923294	9996,97923294	9996,97923294
177300	9997,15777597	9997,15777597	9997,15777597	9997,15777597	9997,1100232	9997,1100232	9997,1100232	9997,02513176	9997,02513176	9997,02513176	9997,02513176	9997,02513176	9997,02513176	9997,00636585	9997,00636585	9997,00636585	9997,00636585
178200	9997,36995953	9997,36995953	9997,36995953	9997,36995953	9997,32545622	9997,32545622	9997,32545622	9997,24879514	9997,24879514	9997,24879514	9997,24879514	9997,24879514	9997,24879514	9997,23076749	9997,23076749	9997,23076749	9997,23076749
179100	9996,95131154	9996,95131154	9996,95131154	9996,95131154	9996,89974841	9996,89974841	9996,89974841	9996,81073936	9996,81073936	9996,81073936	9996,81073936	9996,81073936	9996,81073936	9996,79015769	9996,79015769	9996,79015769	9996,79015769
180000	9997,44403586	9997,44403586	9997,44403586	9997,44403586	9997,40076351	9997,40076351	9997,40076351	9997,32639663	9997,32639663	9997,32639663	9997,32639663	9997,32639663	9997,32639663	9997,30908841	9997,30908841	9997,30908841	9997,30908841
180900	9997,83043497	9997,83043497	9997,83043497	9997,83043497	9997,79326519	9997,79326519	9997,79326519	9997,73277562	9997,73277562	9997,73277562	9997,73277562	9997,73277562	9997,73277562	9997,71987467	9997,71987467	9997,71987467	9997,71987467
181800	9997,89380058	9997,89380058	9997,89380058	9997,89380058	9997,8576323	9997,8576323	9997,8576323	9997,79941403	9997,79941403	9997,79941403	9997,79941403	9997,79941403	9997,79941403	9997,78633436	9997,78633436	9997,78633436	9997,78633436
182700	9997,89468763	9997,89468763	9997,89468763	9997,89468763	9997,85900295	9997,85900295	9997,85900295	9997,79799902	9997,79799902	9997,79799902	9997,79799902	9997,79799902	9997,79799902	9997,78404187	9997,78404187	9997,78404187	9997,78404187
183600	9997,84109511	9997,84109511	9997,84109511	9997,84109511	9997,80430563	9997,80430563	9997,80430563	9997,74292731	9997,74292731	9997,74292731	9997,74292731	9997,74292731	9997,74292731	9997,728361	9997,728361	9997,728361	9997,728361
184500	9998,01611601	9998,01611601	9998,01611601	9998,01611601	9997,98251258	9997,98251258	9997,98251258	9997,9248888	9997,9248888	9997,9248888	9997,9248888	9997,9248888	9997,9248888	9997,9113089	9997,9113089	9997,9113089	9997,9113089
185400	9997,79997964	9997,79997964	9997,79997964	9997,79997964	9997,76237715	9997,76237715	9997,76237715	9997,70050407	9997,70050407	9997,70050407	9997,70050407	9997,70050407	9997,70050407	9997,68722203	9997,68722203	9997,68722203	9997,68722203
186300	9998,18673668	9998,18673668	9998,18673668	9998,18673668	9998,15573595	9998,15573595	9998,15573595	9998,10479183	9998,10479183	9998,10479183	9998,10479183	9998,10479183	9998,10479183	9998,09302564	9998,09302564	9998,09302564	9998,09302564
187200	9998,04366898	9998,04366898	9998,04366898	9998,04366898	9998,01026892	9998,01026892	9998,01026892	9997,95502544	9997,95502544	9997,95502544	9997,95502544	9997,95502544	9997,95502544	9997,94220112	9997,94220112	9997,94220112	9997,94220112
188100	9998,11103798	9998,11103798	9998,11103798	9998,11103798	9998,07886335	9998,07886335	9998,07886335	9998,02507076	9998,02507076	9998,02507076	9998,02507076	9998,02507076	9998,02507076	9998,01261451	9998,01261451	9998,01261451	9998,01261451
189000	9998,09654174	9998,09654174	9998,09654174	9998,09654174	9998,06420864	9998,06420864	9998,06420864	9998,00947254	9998,00947254	9998,00947254	9998,00947254	9998,00947254	9998,00947254	9997,99751964	9997,99751964	9997,99751964	9997,99751964
189900	9998,14902933	9998,14902933	9998,14902933	9998,14902933	9998,11764946	9998,11764946	9998,11764946	9998,06405284	9998,06405284	9998,06405284	9998,06405284	9998,06405284	9998,06405284	9998,05198154	9998,05198154	9998,05198154	9998,05198154
190800	9998,15227017	9998,15227017	9998,15227017	9998,15227017	9998,12069735	9998,12069735	9998,12069735	9998,06868193	9998,06868193	9998,06868193	9998,06868193	9998,06868193	9998,06868193	9998,05686088	9998,05686088	9998,05686088	9998,05686088
191700	9997,93540238	9997,93540238	9997,93540238	9997,93540238	9997,89996482	9997,89996482	9997,89996482	9997,84279852	9997,84279852	9997,84279852	9997,84279852	9997,84279852	9997,84279852	9997,82999184	9997,82999184	9997,82999184	9997,82999184
192600	9997,69303193	9997,69303193	9997,69303193	9997,69303193	9997,65365124	9997,65365124	9997,65365124	9997,58847201	9997,58847201	9997,58847201	9997,58847201	9997,58847201	9997,58847201	9997,57270839	9997,57270839	9997,57270839	9997,57270839
193500	9997,94707796	9997,94707796	9997,94707796	9997,94707796	9997,91204343	9997,91204343	9997,91204343	9997,85398469	9997,85398469	9997,85398469	9997,85398469	9997,85398469	9997,85398469	9997,84107816	9997,84107816	9997,84107816	9997,84107816
194400	9997,79989015	9997,79989015	9997,79989015	9997,79989015	9997,76247361	9997,76247361	9997,76247361	9997,69947318	9997,69947318	9997,69947318	9997,69947318	9997,69947318	9997,69947318	9997,68551058	9997,68551058	9997,68551058	9997,68551058
195300	9997,66700017	9997,66700017	9997,66700017	9997,66700017	9997,62698558	9997,62698558	9997,62698558	9997,56220802	9997,56220802	9997,56220802	9997,56220802	9997,56220802	9997,56220802	9997,54770272	9997,54770272	9997,54770272	9997,54770272
196200	9997,45821307	9997,45821307	9997,45821307	9997,45821307	9997,41476206	9997,41476206	9997,41476206	9997,34331976	9997,34331976	9997,34331976	9997,34331976	9997,34331976	9997,34331976	9997,32689928	9997,32689928	9997,32689928	9997,32689928
197100	9997,32678205	9997,32678205	9997,32678205	9997,32678205	9997,28108878	9997,28108878	9997,28108878	9997,20592527	9997,20592527	9997,20592527	9997,20592527	9997,20592527	9997,20592527	9997,18850832	9997,18850832	9997,18850832	9997,18850832
198000	9997,22666229	9997,22666229	9997,22666229	9997,22666229	9997,17932208	9997,17932208	9997,17932208	9997,10095699	9997,10095699	9997,10095699	9997,10095699	9997,10095699	9997,10095699	9997,08375898	9997,08375898	9997,08375898	9997,08375898
198900	9997,14775388	9997,14775388	9997,14775388	9997,14775388	9997,09940319	9997,09940319	9997,09940319	9997,0167896	9997,0167896	9997,0167896	9997,0167896	9997,0167896	9997,0167896	9996,99919647	9996,99919647	9996,99919647	9996,99919647
199800	9997,04948991	9997,04948991	9997,04948991	9997,04948991	9996,99964114	9996,99964114	9996,99964114	9996,91317539	9996,91317539	9996,91317539	9996,91317539	9996,91317539	9996,91317539	9996,89227098	9996,89227098	9996,89227098	9996,89227098
200700	9996,2764427	9996,2764427	9996,2764427	9996,2764427	9996,21351567	9996,21351567	9996,21351567	9996,10450144	9996,10450144	9996,10450144	9996,10450144	9996,10450144	9996,10450144	9996,07734027	9996,07734027	9996,07734027	9996,07734027
201600	9994,95238663	9994,95238663	9994,95238663	9994,95238663	9994,8652642	9994,8652642	9994,8652642	9994,72840114	9994,72840114	9994,72840114	9994,72840114	9994,72840114	9994,72840114	9994,69699244	9994,69699244	9994,69699244	9994,69699244
202500	9995,60203684	9995,60203684	9995,60203684	9995,60203684	9995,52751532	9995,52751532	9995,52751532	9995,39993991	9995,39993991	9995,39993991	9995,39993991	9995,39993991	9995,39993991	9995,36849467	9995,36849467	9995,36849467	9995,36849467
203400	9993,99973933	9993,99973933	9993,99973933	9993,99973933	9993,8975075	9993,8975075	9993,8975075	9993,72681349	9993,72681349	9993,72681349	9993,72681349	9993,72681349	9993,72681349	9993,68760683	9993,68760683	9993,68760683	9993,68760683
204300	9993,64257002	9993,64257002	9993,64257002	9993,64257002	9993,53550293	9993,53550293	9993,53550293	9993,34714734	9993,34714734	9993,34714734	9993,34714734	9993,34714734	9993,34714734	9993,3033587	9993,3033587	9993,3033587	9993,3033587
205200	9991,85884592	9991,85884592	9991,85884592	9991,85884592	9991,72140565	9991,72140565	9991,72140565	9991,48219936	9991,48219936	9991,48219936	9991,48219936	9991,48219936	9991,48219936	9991,4282029	9991,4282029	9991,4282029	9991,4282029
206100	9991,92576118	9991,92576118	9991,92576118	9991,92576118	9991,78644236	9991,78644236	9991,78644236	9991,56725175	9991,56725175	9991,56725175	9991,56725175	9991,56725175	9991,56725175	9991,51352263	9991,51352263	9991,51352263	9991,51352263
207000	9995,40760073	9995,40760073	9995,40760073	9995,40760073	9995,32920601	9995,32920601	9995,32920601	9995,18104082	9995,18104082	9995,18104082	9995,18104082	9995,18104082	9995,18104082	9995,14517538	9995,14517538	9995,14517538	9995,14517538
207900	9995,30504807	9995,30504807	9995,30504807	9995,30504807	9995,22084747	9995,22084747	9995,22084747	9995,0830164	9995,0830164	9995,0830164	9995,0830164	9995,0830164	9995,0830164	9995,047793	9995,047793	9995,047793	9995,047793
208800	10000,1811317	10000,1811317	10000,1811317	10000,1811317	10000,1794607	10000,1794607	10000,1794607	10000,1588926	10000,1588926	10000,1588926	10000,1588926	10000,1588926	10000,1588926	10000,1500362	10000,1500362	10000,1500362	10000,1500362
209700	10004,2270377	10004,2270377	10004,2270377	10004,2270377	10004,2870178	10004,2870178	10004,2870178	10004,3872147	10004,3872147	10004,3872147	10004,3872147	10004,3872147	10004,3872147	10004,4144797	10004,4144797	10004,4144797	10004,4144797
210600	10000,0561097	10000,0561097	10000,0561097	10000,0561097	10000,0525315	10000,0525315	10000,0525315	10000,0251549	10000,0251549	10000,0251549	10000,0251549	10000,0251549	10000,0251549	10000,0208134	10000,0208134	10000,0208134	10000,0208134
211500	10008,6456598	10008,6456598	10008,6456598	10008,6456598	10008,777733	10008,777733	10008,777733	10009,00709	10009,00709	10009,00709	10009,00709	10009,00709	10009,00709	10009,0638892	10009,0638892	10009,0638892	10009,0638892
212400	10001,7516135	10001,7516135	10001,7516135	10001,7516135	10001,772498	10001,772498	10001,772498	10001,8127365	10001,8127365	10001,8127365	10001,8127365	10001,8127365	10001,8127365	10001,8210211	10001,8210211	10001,8210211	10001,8210211
213300	10008,2149761	10008,2149761	10008,2149761	10008,2149761	10008,3449438	10008,3449438	10008,3449438	10008,5431127	10008,5431127	10008,5431127	10008,5431127	10008,5431127	10008,5431127	10008,5872383	10008,5872383	10008,5872383	10008,5872383
214200	10012,544899	10012,544899	10012,544899	10012,544899	10012,7458027	10012,7458027	10012,7458027	10013,0519837	10013,0519837	10013,0519837	10013,0519837	10013,0519837	10013,0519837	10013,1175262	10013,1175262	10013,1175262	10013,1175262
215100	10004,0506201	10004,0506201	10004,0506201	10004,0506201	10004,1091772	10004,1091772	10004,1091772	10004,1977567	10004,1977567	10004,1977567	10004,1977567	10004,1977567	10004,1977567	10004,2118362	10004,2118362	10004,2118362	10004,2118362
216000	10009,8514069	10009,8514069	10009,8514069	10009,8514069	10010,010492	10010,010492	10010,010492	10010,2296645	10010,2296645	10010,2296645	10010,2296645	10010,2296645	10010,2296645	10010,270662	10010,270662	10010,270662	10010,270662
216900	10014,5551897	10014,5551897	10014,5551897	10014,5551897	10014,7898668	10014,7898668	10014,7898668	10015,1328947	10015,1328947	10015,1328947	10015,1328947	10015,1328947	10015,1328947	10015,2061082	10015,2061082	10015,2061082	10015,2061082
217800	10003,4955353	10003,4955353	10003,4955353	10003,4955353	10003,5477779	10003,5477779	10003,5477779	10003,6108252	10003,6108252	10003,6108252	10003,6108252	10003,6108252	10003,6108252	10003,6289594	10003,6289594	10003,6289594	10003,6289594
218700	10008,7951776	10008,7951776	10008,7951776	10008,7951776	10008,9325791	10008,9325791	10008,9325791	10009,1468828	10009,1468828	10009,1468828	10009,1468828	10009,1468828	10009,1468828	10009,1931029	10009,1931029	10009,1931029	10009,1931029
219600	10016,69091	10016,69091	10016,69091	10016,69091	10016,9589658	10016,9589658	10016,9589658	10017,3632934	10017,3632934	10017,3632934	10017,3632934	10017,3632934	10017,3632934	10017,4486503	10017,4486503	10017,4486503	10017,4486503
220500	10021,1551145	10021,1551145	10021,1551145	10021,1551145	10021,4906294	10021,4906294	10021,4906294	10022,0404906	10022,0404906	10022,0404906	10022,0404906	10022,0404906	10022,0404906	10022,1609453	10022,1609453	10022,1609453	10022,1609453
221400	10023,956794	10023,956794	10023,956794	10023,956794	10024,3394409	10024,3394409	10024,3394409	10024,962041	10024,962041	10024,962041	10024,962041	10024,962041	10024,962041	10025,0996305	10025,0996305	10025,0996305	10025,0996305
222300	10004,1239534	10004,1239534	10004,1239534	10004,1239534	10004,1818794	10004,1818794	10004,1818794	10004,2902336	10004,2902336	10004,2902336	10004,2902336	10004,2902336	10004,2902336	10004,3120367	10004,3120367	10004,3120367	10004,3120367
223200	9995,67120198	9995,67120198	9995,67120198	9995,67120198	9995,59057479	9995,59057479	9995,59057479	9995,47332081	9995,47332081	9995,47332081	9995,47332081	9995,47332081	9995,47332081	9995,44149133	9995,44149133	9995,44149133	9995,44149133
224100	10002,4801033	10002,4801033	10002,4801033	10002,4801033	10002,5129489	10002,5129489	10002,5129489	10002,56006	10002,56006	10002,56006	10002,56006	10002,56006	10002,56006	10002,5759303	10002,5759303	10002,5759303	10002,5759303
225000	10003,098904	10003,098904	10003,098904	10003,098904	10003,1466828	10003,1466828	10003,1466828	10003,1892588	10003,1892588	10003,1892588	10003,1892588	10003,1892588	10003,1892588	10003,1960897	10003,1960897	10003,1960897	10003,1960897
225900	10000,5011863	10000,5011863	10000,5011863	10000,5011863	10000,5055973	10000,5055973	10000,5055973	10000,491903	10000,491903	10000,491903	10000,491903	10000,491903	10000,491903	10000,4930409	10000,4930409	10000,4930409	10000,4930409
226800	9994,99384966	9994,99384966	9994,99384966	9994,99384966	9994,90708913	9994,90708913	9994,90708913	9994,75864452	9994,75864452	9994,75864452	9994,75864452	9994,75864452	9994,75864452	9994,73091664	9994,73091664	9994,73091664	9994,73091664
227700	9997,06906463	9997,06906463	9997,06906463	9997,06906463	9997,01567273	9997,01567273	9997,01567273	9996,93143367	9996,93143367	9996,93143367	9996,93143367	9996,93143367	9996,93143367	9996,91832707	9996,91832707	9996,91832707	9996,91832707
228600	9996,4658496	9996,4658496	9996,4658496	9996,4658496	9996,40444664	9996,40444664	9996,40444664	9996,29490556	9996,29490556	9996,29490556	9996,29490556	9996,29490556	9996,29490556	9996,27301956	9996,27301956	9996,27301956	9996,27301956
229500	9994,35779309	9994,35779309	9994,35779309	9994,35779309	9994,261963	9994,261963	9994,261963	9994,09386843	9994,09386843	9994,09386843	9994,09386843	9994,09386843	9994,09386843	9994,05724561	9994,05724561	9994,05724561	9994,05724561
230400	9992,48842788	9992,48842788	9992,48842788	9992,48842788	9992,36114451	9992,36114451	9992,36114451	9992,14326782	9992,14326782	9992,14326782	9992,14326782	9992,14326782	9992,14326782	9992,09311965	9992,09311965	9992,09311965	9992,09311965
231300	9993,95256624	9993,95256624	9993,95256624	9993,95256624	9993,85069794	9993,85069794	9993,85069794	9993,67165841	9993,67165841	9993,67165841	9993,67165841	9993,67165841	9993,67165841	9993,63023032	9993,63023032	9993,63023032	9993,63023032
232200	9992,93398051	9992,93398051	9992,93398051	9992,93398051	9992,81488057	9992,81488057	9992,81488057	9992,60612597	9992,60612597	9992,60612597	9992,60612597	9992,60612597	9992,60612597	9992,55753222	9992,55753222	9992,55753222	9992,55753222
233100	9992,10983412	9992,10983412	9992,10983412	9992,10983412	9991,97501089	9991,97501089	9991,97501089	9991,75290055	9991,75290055	9991,75290055	9991,75290055	9991,75290055	9991,75290055	9991,70227966	9991,70227966	9991,70227966	9991,70227966
234000	9993,3527775	9993,3527775	9993,3527775	9993,3527775	9993,23911772	9993,23911772	9993,23911772	9993,05244955	9993,05244955	9993,05244955	9993,05244955	9993,05244955	9993,05244955	9993,00829108	9993,00829108	9993,00829108	9993,00829108
234900	9992,29151967	9992,29151967	9992,29151967	9992,29151967	9992,15776849	9992,15776849	9992,15776849	9991,95296782	9991,95296782	9991,95296782	9991,95296782	9991,95296782	9991,95296782	9991,9055998	9991,9055998	9991,9055998	9991,9055998
235800	9991,72302904	9991,72302904	9991,72302904	9991,72302904	9991,57869545	9991,57869545	9991,57869545	9991,36310172	9991,36310172	9991,36310172	9991,36310172	9991,36310172	9991,36310172	9991,31839403	9991,31839403	9991,31839403	9991,31839403
236700	9992,45511913	9992,45511913	9992,45511913	9992,45511913	9992,32464592	9992,32464592	9992,32464592	9992,12155588	9992,12155588	9992,12155588	9992,12155588	9992,12155588	9992,12155588	9992,07610219	9992,07610219	9992,07610219	9992,07610219
237600	9992,57811141	9992,57811141	9992,57811141	9992,57811141	9992,45051953	9992,45051953	9992,45051953	9992,24621348	9992,24621348	9992,24621348	9992,24621348	9992,24621348	9992,24621348	9992,20001901	9992,20001901	9992,20001901	9992,20001901
238500	9992,16438268	9992,16438268	9992,16438268	9992,16438268	9992,02835307	9992,02835307	9992,02835307	9991,82060945	9991,82060945	9991,82060945	9991,82060945	9991,82060945	9991,82060945	9991,77584717	9991,77584717	9991,77584717	9991,77584717
239400	9991,35527713	9991,35527713	9991,35527713	9991,35527713	9991,20687068	9991,20687068	9991,20687068	9990,96765776	9990,96765776	9990,96765776	9990,96765776	9990,96765776	9990,96765776	9990,91391171	9990,91391171	9990,91391171	9990,91391171
240300	9990,73640201	9990,73640201	9990,73640201	9990,73640201	9990,57946422	9990,57946422	9990,57946422	9990,31056744	9990,31056744	9990,31056744	9990,31056744	9990,31056744	9990,31056744	9990,25053425	9990,25053425	9990,25053425	9990,25053425
241200	9990,51833097	9990,51833097	9990,51833097	9990,51833097	9990,35723325	9990,35723325	9990,35723325	9990,08479946	9990,08479946	9990,08479946	9990,08479946	9990,08479946	9990,08479946	9990,0247485	9990,0247485	9990,0247485	9990,0247485
242100	9990,852655	9990,852655	9990,852655	9990,852655	9990,69768489	9990,69768489	9990,69768489	9990,4321733	9990,4321733	9990,4321733	9990,4321733	9990,4321733	9990,4321733	9990,3715587	9990,3715587	9990,3715587	9990,3715587
243000	9990,41793747	9990,41793747	9990,41793747	9990,41793747	9990,25542881	9990,25542881	9990,25542881	9989,97834172	9989,97834172	9989,97834172	9989,97834172	9989,97834172	9989,97834172	9989,91875322	9989,91875322	9989,91875322	9989,91875322
243900	9988,97147298	9988,97147298	9988,97147298	9988,97147298	9988,78397413	9988,78397413	9988,78397413	9988,46781076	9988,46781076	9988,46781076	9988,46781076	9988,46781076	9988,46781076	9988,39738836	9988,39738836	9988,39738836	9988,39738836
244800	9989,57876895	9989,57876895	9989,57876895	9989,57876895	9989,40042309	9989,40042309	9989,40042309	9989,10870062	9989,10870062	9989,10870062	9989,10870062	9989,10870062	9989,10870062	9989,04888123	9989,04888123	9989,04888123	9989,04888123
245700	9990,65375438	9990,65375438	9990,65375438	9990,65375438	9990,49006955	9990,49006955	9990,49006955	9990,25085531	9990,25085531	9990,25085531	9990,25085531	9990,25085531	9990,25085531	9990,19903908	9990,19903908	9990,19903908	9990,19903908
246600	9992,25524899	9992,25524899	9992,25524899	9992,25524899	9992,12020978	9992,12020978	9992,12020978	9991,91839769	9991,91839769	9991,91839769	9991,91839769	9991,91839769	9991,91839769	9991,87263843	9991,87263843	9991,87263843	9991,87263843
247500	9991,83041662	9991,83041662	9991,83041662	9991,83041662	9991,68721992	9991,68721992	9991,68721992	9991,47883773	9991,47883773	9991,47883773	9991,47883773	9991,47883773	9991,47883773	9991,43146216	9991,43146216	9991,43146216	9991,43146216
248400	9991,72982212	9991,72982212	9991,72982212	9991,72982212	9991,58559573	9991,58559573	9991,58559573	9991,37024647	9991,37024647	9991,37024647	9991,37024647	9991,37024647	9991,37024647	9991,323506	9991,323506	9991,323506	9991,323506
249300	9992,18060597	9992,18060597	9992,18060597	9992,18060597	9992,04449621	9992,04449621	9992,04449621	9991,83935341	9991,83935341	9991,83935341	9991,83935341	9991,83935341	9991,83935341	9991,7932641	9991,7932641	9991,7932641	9991,7932641
250200	9992,46055145	9992,46055145	9992,46055145	9992,46055145	9992,32931968	9992,32931968	9992,32931968	9992,13149094	9992,13149094	9992,13149094	9992,13149094	9992,13149094	9992,13149094	9992,08710851	9992,08710851	9992,08710851	9992,08710851
251100	9993,47665694	9993,47665694	9993,47665694	9993,47665694	9993,36605747	9993,36605747	9993,36605747	9993,17721543	9993,17721543	9993,17721543	9993,17721543	9993,17721543	9993,17721543	9993,13323617	9993,13323617	9993,13323617	9993,13323617
252000	9994,20531282	9994,20531282	9994,20531282	9994,20531282	9994,10724127	9994,10724127	9994,10724127	9993,93844894	9993,93844894	9993,93844894	9993,93844894	9993,93844894	9993,93844894	9993,90097851	9993,90097851	9993,90097851	9993,90097851
252900	9994,20868594	9994,20868594	9994,20868594	9994,20868594	9994,11107306	9994,11107306	9994,11107306	9993,93996946	9993,93996946	9993,93996946	9993,93996946	9993,93996946	9993,93996946	9993,90122876	9993,90122876	9993,90122876	9993,90122876
253800	9993,86328559	9993,86328559	9993,86328559	9993,86328559	9993,75977981	9993,75977981	9993,75977981	9993,57889838	9993,57889838	9993,57889838	9993,57889838	9993,57889838	9993,57889838	9993,53570411	9993,53570411	9993,53570411	9993,53570411
254700	9993,85271493	9993,85271493	9993,85271493	9993,85271493	9993,74849157	9993,74849157	9993,74849157	9993,57053429	9993,57053429	9993,57053429	9993,57053429	9993,57053429	9993,57053429	9993,52859554	9993,52859554	9993,52859554	9993,52859554
255600	9994,58507073	9994,58507073	9994,58507073	9994,58507073	9994,49315213	9994,49315213	9994,49315213	9994,33706706	9994,33706706	9994,33706706	9994,33706706	9994,33706706	9994,33706706	9994,29970473	9994,29970473	9994,29970473	9994,29970473
256500	9995,27344761	9995,27344761	9995,27344761	9995,27344761	9995,19273106	9995,19273106	9995,19273106	9995,05938743	9995,05938743	9995,05938743	9995,05938743	9995,05938743	9995,05938743	9995,02958175	9995,02958175	9995,02958175	9995,02958175
257400	9995,2892433	9995,2892433	9995,2892433	9995,2892433	9995,20941031	9995,20941031	9995,20941031	9995,0728294	9995,0728294	9995,0728294	9995,0728294	9995,0728294	9995,0728294	9995,04205916	9995,04205916	9995,04205916	9995,04205916
258300	9995,53127526	9995,53127526	9995,53127526	9995,53127526	9995,45520455	9995,45520455	9995,45520455	9995,32767757	9995,32767757	9995,32767757	9995,32767757	9995,32767757	9995,32767757	9995,29868844	9995,29868844	9995,29868844	9995,29868844
259200	9995,83981252	9995,83981252	9995,83981252	9995,83981252	9995,76858454	9995,76858454	9995,76858454	9995,65231929	9995,65231929	9995,65231929	9995,65231929	9995,65231929	9995,65231929	9995,62607413	9995,62607413	9995,62607413	9995,62607413
260100	9996,34218155	9996,34218155	9996,34218155	9996,34218155	9996,28067925	9996,28067925	9996,28067925	9996,17170709	9996,17170709	9996,17170709	9996,17170709	9996,17170709	9996,17170709	9996,14599595	9996,14599595	9996,14599595	9996,14599595
261000	9996,15534501	9996,15534501	9996,15534501	9996,15534501	9996,09069528	9996,09069528	9996,09069528	9995,97619283	9995,97619283	9995,97619283	9995,97619283	9995,97619283	9995,97619283	9995,94963763	9995,94963763	9995,94963763	9995,94963763
261900	9996,21139636	9996,21139636	9996,21139636	9996,21139636	9996,14760276	9996,14760276	9996,14760276	9996,03528803	9996,03528803	9996,03528803	9996,03528803	9996,03528803	9996,03528803	9996,00945333	9996,00945333	9996,00945333	9996,00945333
262800	9997,29028079	9997,29028079	9997,29028079	9997,29028079	9997,24455495	9997,24455495	9997,24455495	9997,16481697	9997,16481697	9997,16481697	9997,16481697	9997,16481697	9997,16481697	9997,14606913	9997,14606913	9997,14606913	9997,14606913
263700	9997,00817991	9997,00817991	9997,00817991	9997,00817991	9996,95790421	9996,95790421	9996,95790421	9996,86860185	9996,86860185	9996,86860185	9996,86860185	9996,86860185	9996,86860185	9996,8470404	9996,8470404	9996,8470404	9996,8470404
264600	9997,35936163	9997,35936163	9997,35936163	9997,35936163	9997,31512187	9997,31512187	9997,31512187	9997,23549462	9997,23549462	9997,23549462	9997,23549462	9997,23549462	9997,23549462	9997,21598356	9997,21598356	9997,21598356	9997,21598356
265500	9997,24754683	9997,24754683	9997,24754683	9997,24754683	9997,20135177	9997,20135177	9997,20135177	9997,11884491	9997,11884491	9997,11884491	9997,11884491	9997,11884491	9997,11884491	9997,09854701	9997,09854701	9997,09854701	9997,09854701
266400	9997,56320382	9997,56320382	9997,56320382	9997,56320382	9997,52187751	9997,52187751	9997,52187751	9997,45140669	9997,45140669	9997,45140669	9997,45140669	9997,45140669	9997,45140669	9997,43547534	9997,43547534	9997,43547534	9997,43547534
267300	9997,81230494	9997,81230494	9997,81230494	9997,81230494	9997,77496565	9997,77496565	9997,77496565	9997,71312403	9997,71312403	9997,71312403	9997,71312403	9997,71312403	9997,71312403	9997,69876739	9997,69876739	9997,69876739	9997,69876739
