time	sensor_1	sensor_2	sensor_3	sensor_4	sensor_5	sensor_6	sensor_7	sensor_8	sensor_9	sensor_10	sensor_11	sensor_12	sensor_13	sensor_14	sensor_15	sensor_16	sensor_17
0	0	0	0	0	0	0	0	0	0	0	0	0	0	0	0	0	0
900	-1,52961590321e-06	-1,52961590321e-06	-1,52961590321e-06	-1,52961590321e-06	-1,55669033971e-06	-1,55669033971e-06	-1,55669033971e-06	-1,59418851959e-06	-1,59418851959e-06	-1,59418851959e-06	-1,59418851959e-06	-1,59418851959e-06	-1,59418851959e-06	-1,60265040382e-06	-1,60265040382e-06	-1,60265040382e-06	-1,60265040382e-06
1800	2,64265601121e-06	2,64265601121e-06	2,64265601121e-06	2,64265601121e-06	2,68754931815e-06	2,68754931815e-06	2,68754931815e-06	2,76356990587e-06	2,76356990587e-06	2,76356990587e-06	2,76356990587e-06	2,76356990587e-06	2,76356990587e-06	2,78437388544e-06	2,78437388544e-06	2,78437388544e-06	2,78437388544e-06
2700	-3,4938450321e-06	-3,4938450321e-06	-3,4938450321e-06	-3,4938450321e-06	-3,55325946907e-06	-3,55325946907e-06	-3,55325946907e-06	-3,65349725296e-06	-3,65349725296e-06	-3,65349725296e-06	-3,65349725296e-06	-3,65349725296e-06	-3,65349725296e-06	-3,67863310038e-06	-3,67863310038e-06	-3,67863310038e-06	-3,67863310038e-06
3600	3,78619884702e-08	3,78619884702e-08	3,78619884702e-08	3,78619884702e-08	3,7277930493e-08	3,7277930493e-08	3,7277930493e-08	4,57317401275e-08	4,57317401275e-08	4,57317401275e-08	4,57317401275e-08	4,57317401275e-08	4,57317401275e-08	4,68139870454e-08	4,68139870454e-08	4,68139870454e-08	4,68139870454e-08
4500	6,79276192978e-07	6,79276192978e-07	6,79276192978e-07	6,79276192978e-07	6,9200145327e-07	6,9200145327e-07	6,9200145327e-07	7,04442647264e-07	7,04442647264e-07	7,04442647264e-07	7,04442647264e-07	7,04442647264e-07	7,04442647264e-07	7,0738359428e-07	7,0738359428e-07	7,0738359428e-07	7,0738359428e-07
5400	8,04973946174e-07	8,04973946174e-07	8,04973946174e-07	8,04973946174e-07	8,19488068097e-07	8,19488068097e-07	8,19488068097e-07	8,37621705176e-07	8,37621705176e-07	8,37621705176e-07	8,37621705176e-07	8,37621705176e-07	8,37621705176e-07	8,40035184645e-07	8,40035184645e-07	8,40035184645e-07	8,40035184645e-07
6300	4,11829567793e-07	4,11829567793e-07	4,11829567793e-07	4,11829567793e-07	4,19334827363e-07	4,19334827363e-07	4,19334827363e-07	4,28132261429e-07	4,28132261429e-07	4,28132261429e-07	4,28132261429e-07	4,28132261429e-07	4,28132261429e-07	4,29482494308e-07	4,29482494308e-07	4,29482494308e-07	4,29482494308e-07
7200	-5,62040455597e-07	-5,62040455597e-07	-5,62040455597e-07	-5,62040455597e-07	-5,71823215883e-07	-5,71823215883e-07	-5,71823215883e-07	-5,86591812631e-07	-5,86591812631e-07	-5,86591812631e-07	-5,86591812631e-07	-5,86591812631e-07	-5,86591812631e-07	-5,88103199601e-07	-5,88103199601e-07	-5,88103199601e-07	-5,88103199601e-07
8100	8,94180999e-07	8,94180999e-07	8,94180999e-07	8,94180999e-07	9,08782498286e-07	9,08782498286e-07	9,08782498286e-07	9,38046841724e-07	9,38046841724e-07	9,38046841724e-07	9,38046841724e-07	9,38046841724e-07	9,38046841724e-07	9,44325904428e-07	9,44325904428e-07	9,44325904428e-07	9,44325904428e-07
9000	1,90767671404e-07	1,90767671404e-07	1,90767671404e-07	1,90767671404e-07	1,93842288418e-07	1,93842288418e-07	1,93842288418e-07	2,00328456813e-07	2,00328456813e-07	2,00328456813e-07	2,00328456813e-07	2,00328456813e-07	2,00328456813e-07	2,02998481655e-07	2,02998481655e-07	2,02998481655e-07	2,02998481655e-07
9900	-5,92073250467e-08	-5,92073250467e-08	-5,92073250467e-08	-5,92073250467e-08	-5,94034763991e-08	-5,94034763991e-08	-5,94034763991e-08	-6,59651838194e-08	-6,59651838194e-08	-6,59651838194e-08	-6,59651838194e-08	-6,59651838194e-08	-6,59651838194e-08	-6,76685552163e-08	-6,76685552163e-08	-6,76685552163e-08	-6,76685552163e-08
10800	3,39924442521e-07	3,39924442521e-07	3,39924442521e-07	3,39924442521e-07	3,45308428712e-07	3,45308428712e-07	3,45308428712e-07	3,57432825677e-07	3,57432825677e-07	3,57432825677e-07	3,57432825677e-07	3,57432825677e-07	3,57432825677e-07	3,59134186465e-07	3,59134186465e-07	3,59134186465e-07	3,59134186465e-07
11700	-1,72412280557e-07	-1,72412280557e-07	-1,72412280557e-07	-1,72412280557e-07	-1,75551238602e-07	-1,75551238602e-07	-1,75551238602e-07	-1,79252099401e-07	-1,79252099401e-07	-1,79252099401e-07	-1,79252099401e-07	-1,79252099401e-07	-1,79252099401e-07	-1,80312405381e-07	-1,80312405381e-07	-1,80312405381e-07	-1,80312405381e-07
12600	-2,49925024819e-07	-2,49925024819e-07	-2,49925024819e-07	-2,49925024819e-07	-2,54076718212e-07	-2,54076718212e-07	-2,54076718212e-07	-2,61832742972e-07	-2,61832742972e-07	-2,61832742972e-07	-2,61832742972e-07	-2,61832742972e-07	-2,61832742972e-07	-2,63365027571e-07	-2,63365027571e-07	-2,63365027571e-07	-2,63365027571e-07
13500	-2,52056134173e-07	-2,52056134173e-07	-2,52056134173e-07	-2,52056134173e-07	-2,56434417421e-07	-2,56434417421e-07	-2,56434417421e-07	-2,63109952982e-07	-2,63109952982e-07	-2,63109952982e-07	-2,63109952982e-07	-2,63109952982e-07	-2,63109952982e-07	-2,63813793767e-07	-2,63813793767e-07	-2,63813793767e-07	-2,63813793767e-07
14400	4,58569607814e-07	4,58569607814e-07	4,58569607814e-07	4,58569607814e-07	4,66382402774e-07	4,66382402774e-07	4,66382402774e-07	4,79441717956e-07	4,79441717956e-07	4,79441717956e-07	4,79441717956e-07	4,79441717956e-07	4,79441717956e-07	4,82547860074e-07	4,82547860074e-07	4,82547860074e-07	4,82547860074e-07
15300	3,7792578869e-07	3,7792578869e-07	3,7792578869e-07	3,7792578869e-07	3,84593821321e-07	3,84593821321e-07	3,84593821321e-07	3,93980225525e-07	3,93980225525e-07	3,93980225525e-07	3,93980225525e-07	3,93980225525e-07	3,93980225525e-07	3,95256537084e-07	3,95256537084e-07	3,95256537084e-07	3,95256537084e-07
16200	-5,3487752441e-07	-5,3487752441e-07	-5,3487752441e-07	-5,3487752441e-07	-5,43532439963e-07	-5,43532439963e-07	-5,43532439963e-07	-5,61513342245e-07	-5,61513342245e-07	-5,61513342245e-07	-5,61513342245e-07	-5,61513342245e-07	-5,61513342245e-07	-5,6563463975e-07	-5,6563463975e-07	-5,6563463975e-07	-5,6563463975e-07
17100	1,91758821977e-07	1,91758821977e-07	1,91758821977e-07	1,91758821977e-07	1,9452744151e-07	1,9452744151e-07	1,9452744151e-07	2,02978996794e-07	2,02978996794e-07	2,02978996794e-07	2,02978996794e-07	2,02978996794e-07	2,02978996794e-07	2,04289858582e-07	2,04289858582e-07	2,04289858582e-07	2,04289858582e-07
18000	-5,55813458546e-09	-5,55813458546e-09	-5,55813458546e-09	-5,55813458546e-09	-5,86997084389e-09	-5,86997084389e-09	-5,86997084389e-09	-4,72540665587e-09	-4,72540665587e-09	-4,72540665587e-09	-4,72540665587e-09	-4,72540665587e-09	-4,72540665587e-09	-2,07423891973e-09	-2,07423891973e-09	-2,07423891973e-09	-2,07423891973e-09
18900	-9,85942377885e-08	-9,85942377885e-08	-9,85942377885e-08	-9,85942377885e-08	-1,00295855691e-07	-1,00295855691e-07	-1,00295855691e-07	-1,02972692537e-07	-1,02972692537e-07	-1,02972692537e-07	-1,02972692537e-07	-1,02972692537e-07	-1,02972692537e-07	-1,04227292191e-07	-1,04227292191e-07	-1,04227292191e-07	-1,04227292191e-07
19800	2,47467732671e-07	2,47467732671e-07	2,47467732671e-07	2,47467732671e-07	2,51518458274e-07	2,51518458274e-07	2,51518458274e-07	2,59558345912e-07	2,59558345912e-07	2,59558345912e-07	2,59558345912e-07	2,59558345912e-07	2,59558345912e-07	2,60858292923e-07	2,60858292923e-07	2,60858292923e-07	2,60858292923e-07
20700	-2,90173404475e-07	-2,90173404475e-07	-2,90173404475e-07	-2,90173404475e-07	-2,94866116927e-07	-2,94866116927e-07	-2,94866116927e-07	-3,04636431768e-07	-3,04636431768e-07	-3,04636431768e-07	-3,04636431768e-07	-3,04636431768e-07	-3,04636431768e-07	-3,07253540752e-07	-3,07253540752e-07	-3,07253540752e-07	-3,07253540752e-07
21600	-2,97987426189e-07	-2,97987426189e-07	-2,97987426189e-07	-2,97987426189e-07	-3,02629437454e-07	-3,02629437454e-07	-3,02629437454e-07	-3,13725999866e-07	-3,13725999866e-07	-3,13725999866e-07	-3,13725999866e-07	-3,13725999866e-07	-3,13725999866e-07	-3,1719265315e-07	-3,1719265315e-07	-3,1719265315e-07	-3,1719265315e-07
22500	-2,36045445268e-07	-2,36045445268e-07	-2,36045445268e-07	-2,36045445268e-07	-2,40367464241e-07	-2,40367464241e-07	-2,40367464241e-07	-2,4528824224e-07	-2,4528824224e-07	-2,4528824224e-07	-2,4528824224e-07	-2,4528824224e-07	-2,4528824224e-07	-2,45138541578e-07	-2,45138541578e-07	-2,45138541578e-07	-2,45138541578e-07
23400	-1,65137457546e-07	-1,65137457546e-07	-1,65137457546e-07	-1,65137457546e-07	-1,68078225663e-07	-1,68078225663e-07	-1,68078225663e-07	-1,72018530601e-07	-1,72018530601e-07	-1,72018530601e-07	-1,72018530601e-07	-1,72018530601e-07	-1,72018530601e-07	-1,72122309486e-07	-1,72122309486e-07	-1,72122309486e-07	-1,72122309486e-07
24300	1,41670273129e-07	1,41670273129e-07	1,41670273129e-07	1,41670273129e-07	1,43726400525e-07	1,43726400525e-07	1,43726400525e-07	1,49907036774e-07	1,49907036774e-07	1,49907036774e-07	1,49907036774e-07	1,49907036774e-07	1,49907036774e-07	1,50955792395e-07	1,50955792395e-07	1,50955792395e-07	1,50955792395e-07
25200	-5,09498016108e-07	-5,09498016108e-07	-5,09498016108e-07	-5,09498016108e-07	-5,18077543865e-07	-5,18077543865e-07	-5,18077543865e-07	-5,33197761308e-07	-5,33197761308e-07	-5,33197761308e-07	-5,33197761308e-07	-5,33197761308e-07	-5,33197761308e-07	-5,37957708493e-07	-5,37957708493e-07	-5,37957708493e-07	-5,37957708493e-07
26100	-1,14725891354e-07	-1,14725891354e-07	-1,14725891354e-07	-1,14725891354e-07	-1,16010990231e-07	-1,16010990231e-07	-1,16010990231e-07	-1,23296553256e-07	-1,23296553256e-07	-1,23296553256e-07	-1,23296553256e-07	-1,23296553256e-07	-1,23296553256e-07	-1,24935763267e-07	-1,24935763267e-07	-1,24935763267e-07	-1,24935763267e-07
27000	4,43387667839e-08	4,43387667839e-08	4,43387667839e-08	4,43387667839e-08	4,50004038841e-08	4,50004038841e-08	4,50004038841e-08	4,68262084043e-08	4,68262084043e-08	4,68262084043e-08	4,68262084043e-08	4,68262084043e-08	4,68262084043e-08	4,81469156673e-08	4,81469156673e-08	4,81469156673e-08	4,81469156673e-08
27900	-5,88774241897e-07	-5,88774241897e-07	-5,88774241897e-07	-5,88774241897e-07	-5,98400286355e-07	-5,98400286355e-07	-5,98400286355e-07	-6,17606883591e-07	-6,17606883591e-07	-6,17606883591e-07	-6,17606883591e-07	-6,17606883591e-07	-6,17606883591e-07	-6,2295492521e-07	-6,2295492521e-07	-6,2295492521e-07	-6,2295492521e-07
28800	-1,16520219291e-06	-1,16520219291e-06	-1,16520219291e-06	-1,16520219291e-06	-1,18473588098e-06	-1,18473588098e-06	-1,18473588098e-06	-1,21985652935e-06	-1,21985652935e-06	-1,21985652935e-06	-1,21985652935e-06	-1,21985652935e-06	-1,21985652935e-06	-1,22821241048e-06	-1,22821241048e-06	-1,22821241048e-06	-1,22821241048e-06
29700	-1,01105398032e-06	-1,01105398032e-06	-1,01105398032e-06	-1,01105398032e-06	-1,03116859038e-06	-1,03116859038e-06	-1,03116859038e-06	-1,04266047625e-06	-1,04266047625e-06	-1,04266047625e-06	-1,04266047625e-06	-1,04266047625e-06	-1,04266047625e-06	-1,04350437916e-06	-1,04350437916e-06	-1,04350437916e-06	-1,04350437916e-06
30600	-3,03517418487e-06	-3,03517418487e-06	-3,03517418487e-06	-3,03517418487e-06	-3,0821890682e-06	-3,0821890682e-06	-3,0821890682e-06	-3,19697676705e-06	-3,19697676705e-06	-3,19697676705e-06	-3,19697676705e-06	-3,19697676705e-06	-3,19697676705e-06	-3,22932951254e-06	-3,22932951254e-06	-3,22932951254e-06	-3,22932951254e-06
31500	1,23788720785e-06	1,23788720785e-06	1,23788720785e-06	1,23788720785e-06	1,25746923099e-06	1,25746923099e-06	1,25746923099e-06	1,30182983278e-06	1,30182983278e-06	1,30182983278e-06	1,30182983278e-06	1,30182983278e-06	1,30182983278e-06	1,31505467918e-06	1,31505467918e-06	1,31505467918e-06	1,31505467918e-06
32400	1,757410658e-06	1,757410658e-06	1,757410658e-06	1,757410658e-06	1,78798751378e-06	1,78798751378e-06	1,78798751378e-06	1,83428129807e-06	1,83428129807e-06	1,83428129807e-06	1,83428129807e-06	1,83428129807e-06	1,83428129807e-06	1,84528402078e-06	1,84528402078e-06	1,84528402078e-06	1,84528402078e-06
33300	-5,71953631054e-07	-5,71953631054e-07	-5,71953631054e-07	-5,71953631054e-07	-5,81743122909e-07	-5,81743122909e-07	-5,81743122909e-07	-5,97783122178e-07	-5,97783122178e-07	-5,97783122178e-07	-5,97783122178e-07	-5,97783122178e-07	-5,97783122178e-07	-6,02519785415e-07	-6,02519785415e-07	-6,02519785415e-07	-6,02519785415e-07
34200	8,19601605573e-07	8,19601605573e-07	8,19601605573e-07	8,19601605573e-07	8,27031051163e-07	8,27031051163e-07	8,27031051163e-07	8,69852907171e-07	8,69852907171e-07	8,69852907171e-07	8,69852907171e-07	8,69852907171e-07	8,69852907171e-07	8,80658699549e-07	8,80658699549e-07	8,80658699549e-07	8,80658699549e-07
35100	-3,21651771363e-06	-3,21651771363e-06	-3,21651771363e-06	-3,21651771363e-06	-3,26900952557e-06	-3,26900952557e-06	-3,26900952557e-06	-3,35489115625e-06	-3,35489115625e-06	-3,35489115625e-06	-3,35489115625e-06	-3,35489115625e-06	-3,35489115625e-06	-3,37669335858e-06	-3,37669335858e-06	-3,37669335858e-06	-3,37669335858e-06
36000	5,64815613629e-06	5,64815613629e-06	5,64815613629e-06	5,64815613629e-06	5,73953284527e-06	5,73953284527e-06	5,73953284527e-06	5,88177479572e-06	5,88177479572e-06	5,88177479572e-06	5,88177479572e-06	5,88177479572e-06	5,88177479572e-06	5,9098076301e-06	5,9098076301e-06	5,9098076301e-06	5,9098076301e-06
36900	-1,04987876891e-06	-1,04987876891e-06	-1,04987876891e-06	-1,04987876891e-06	-1,06104696141e-06	-1,06104696141e-06	-1,06104696141e-06	-1,13097256907e-06	-1,13097256907e-06	-1,13097256907e-06	-1,13097256907e-06	-1,13097256907e-06	-1,13097256907e-06	-1,14490427276e-06	-1,14490427276e-06	-1,14490427276e-06	-1,14490427276e-06
37800	-2,05408822399e-06	-2,05408822399e-06	-2,05408822399e-06	-2,05408822399e-06	-2,08885768592e-06	-2,08885768592e-06	-2,08885768592e-06	-2,14599715753e-06	-2,14599715753e-06	-2,14599715753e-06	-2,14599715753e-06	-2,14599715753e-06	-2,14599715753e-06	-2,16380751543e-06	-2,16380751543e-06	-2,16380751543e-06	-2,16380751543e-06
38700	8,78925599072e-06	8,78925599072e-06	8,78925599072e-06	8,78925599072e-06	8,93299823575e-06	8,93299823575e-06	8,93299823575e-06	9,18482779008e-06	9,18482779008e-06	9,18482779008e-06	9,18482779008e-06	9,18482779008e-06	9,18482779008e-06	9,25207809152e-06	9,25207809152e-06	9,25207809152e-06	9,25207809152e-06
39600	1,97664517929e-06	1,97664517929e-06	1,97664517929e-06	1,97664517929e-06	2,01083926354e-06	2,01083926354e-06	2,01083926354e-06	2,02796376698e-06	2,02796376698e-06	2,02796376698e-06	2,02796376698e-06	2,02796376698e-06	2,02796376698e-06	2,02631459655e-06	2,02631459655e-06	2,02631459655e-06	2,02631459655e-06
40500	2,00262015785e-06	2,00262015785e-06	2,00262015785e-06	2,00262015785e-06	2,03012601127e-06	2,03012601127e-06	2,03012601127e-06	2,12468544841e-06	2,12468544841e-06	2,12468544841e-06	2,12468544841e-06	2,12468544841e-06	2,12468544841e-06	2,1490034648e-06	2,1490034648e-06	2,1490034648e-06	2,1490034648e-06
41400	1,86897557414e-06	1,86897557414e-06	1,86897557414e-06	1,86897557414e-06	1,90403765941e-06	1,90403765941e-06	1,90403765941e-06	1,93134074768e-06	1,93134074768e-06	1,93134074768e-06	1,93134074768e-06	1,93134074768e-06	1,93134074768e-06	1,92960958246e-06	1,92960958246e-06	1,92960958246e-06	1,92960958246e-06
42300	2,55611540183e-05	2,55611540183e-05	2,55611540183e-05	2,55611540183e-05	2,59785134816e-05	2,59785134816e-05	2,59785134816e-05	2,66482029325e-05	2,66482029325e-05	2,66482029325e-05	2,66482029325e-05	2,66482029325e-05	2,66482029325e-05	2,67950434025e-05	2,67950434025e-05	2,67950434025e-05	2,67950434025e-05
43200	-3,31792208366e-06	-3,31792208366e-06	-3,31792208366e-06	-3,31792208366e-06	-3,37080449216e-06	-3,37080449216e-06	-3,37080449216e-06	-3,47355263017e-06	-3,47355263017e-06	-3,47355263017e-06	-3,47355263017e-06	-3,47355263017e-06	-3,47355263017e-06	-3,49628115106e-06	-3,49628115106e-06	-3,49628115106e-06	-3,49628115106e-06
44100	-1,47229656727e-05	-1,47229656727e-05	-1,47229656727e-05	-1,47229656727e-05	-1,49719212279e-05	-1,49719212279e-05	-1,49719212279e-05	-1,53144299781e-05	-1,53144299781e-05	-1,53144299781e-05	-1,53144299781e-05	-1,53144299781e-05	-1,53144299781e-05	-1,53928449557e-05	-1,53928449557e-05	-1,53928449557e-05	-1,53928449557e-05
45000	9,14213449245e-06	9,14213449245e-06	9,14213449245e-06	9,14213449245e-06	9,2865281047e-06	9,2865281047e-06	9,2865281047e-06	9,50917306697e-06	9,50917306697e-06	9,50917306697e-06	9,50917306697e-06	9,50917306697e-06	9,50917306697e-06	9,57467299104e-06	9,57467299104e-06	9,57467299104e-06	9,57467299104e-06
45900	-5,58073088424e-07	-5,58073088424e-07	-5,58073088424e-07	-5,58073088424e-07	-5,72998952612e-07	-5,72998952612e-07	-5,72998952612e-07	-5,47302995644e-07	-5,47302995644e-07	-5,47302995644e-07	-5,47302995644e-07	-5,47302995644e-07	-5,47302995644e-07	-5,51112988566e-07	-5,51112988566e-07	-5,51112988566e-07	-5,51112988566e-07
46800	-6,33754975969e-06	-6,33754975969e-06	-6,33754975969e-06	-6,33754975969e-06	-6,43984421922e-06	-6,43984421922e-06	-6,43984421922e-06	-6,63025688051e-06	-6,63025688051e-06	-6,63025688051e-06	-6,63025688051e-06	-6,63025688051e-06	-6,63025688051e-06	-6,67361304456e-06	-6,67361304456e-06	-6,67361304456e-06	-6,67361304456e-06
47700	1,89822126525e-05	1,89822126525e-05	1,89822126525e-05	1,89822126525e-05	1,93066283191e-05	1,93066283191e-05	1,93066283191e-05	1,97326263887e-05	1,97326263887e-05	1,97326263887e-05	1,97326263887e-05	1,97326263887e-05	1,97326263887e-05	1,98304865897e-05	1,98304865897e-05	1,98304865897e-05	1,98304865897e-05
48600	-1,24045509434e-05	-1,24045509434e-05	-1,24045509434e-05	-1,24045509434e-05	-1,26068634398e-05	-1,26068634398e-05	-1,26068634398e-05	-1,29412369266e-05	-1,29412369266e-05	-1,29412369266e-05	-1,29412369266e-05	-1,29412369266e-05	-1,29412369266e-05	-1,30073484417e-05	-1,30073484417e-05	-1,30073484417e-05	-1,30073484417e-05
49500	-7,27724020186e-06	-7,27724020186e-06	-7,27724020186e-06	-7,27724020186e-06	-7,39530236318e-06	-7,39530236318e-06	-7,39530236318e-06	-7,53483364479e-06	-7,53483364479e-06	-7,53483364479e-06	-7,53483364479e-06	-7,53483364479e-06	-7,53483364479e-06	-7,57125409376e-06	-7,57125409376e-06	-7,57125409376e-06	-7,57125409376e-06
50400	2,44404671423e-05	2,44404671423e-05	2,44404671423e-05	2,44404671423e-05	2,48384122873e-05	2,48384122873e-05	2,48384122873e-05	2,54857144792e-05	2,54857144792e-05	2,54857144792e-05	2,54857144792e-05	2,54857144792e-05	2,54857144792e-05	2,56312508751e-05	2,56312508751e-05	2,56312508751e-05	2,56312508751e-05
51300	-2,43347506228e-05	-2,43347506228e-05	-2,43347506228e-05	-2,43347506228e-05	-2,47339684045e-05	-2,47339684045e-05	-2,47339684045e-05	-2,53525216314e-05	-2,53525216314e-05	-2,53525216314e-05	-2,53525216314e-05	-2,53525216314e-05	-2,53525216314e-05	-2,54851969046e-05	-2,54851969046e-05	-2,54851969046e-05	-2,54851969046e-05
52200	-1,39498265509e-05	-1,39498265509e-05	-1,39498265509e-05	-1,39498265509e-05	-1,41789843102e-05	-1,41789843102e-05	-1,41789843102e-05	-1,45495413111e-05	-1,45495413111e-05	-1,45495413111e-05	-1,45495413111e-05	-1,45495413111e-05	-1,45495413111e-05	-1,46377213395e-05	-1,46377213395e-05	-1,46377213395e-05	-1,46377213395e-05
53100	-7,53445981854e-06	-7,53445981854e-06	-7,53445981854e-06	-7,53445981854e-06	-7,65596780539e-06	-7,65596780539e-06	-7,65596780539e-06	-7,85258541771e-06	-7,85258541771e-06	-7,85258541771e-06	-7,85258541771e-06	-7,85258541771e-06	-7,85258541771e-06	-7,89477983957e-06	-7,89477983957e-06	-7,89477983957e-06	-7,89477983957e-06
54000	1,93568732146e-07	1,93568732146e-07	1,93568732146e-07	1,93568732146e-07	1,95285213764e-07	1,95285213764e-07	1,95285213764e-07	2,00429205521e-07	2,00429205521e-07	2,00429205521e-07	2,00429205521e-07	2,00429205521e-07	2,00429205521e-07	2,03404916456e-07	2,03404916456e-07	2,03404916456e-07	2,03404916456e-07
54900	1,39705114585e-05	1,39705114585e-05	1,39705114585e-05	1,39705114585e-05	1,41962870936e-05	1,41962870936e-05	1,41962870936e-05	1,45738347245e-05	1,45738347245e-05	1,45738347245e-05	1,45738347245e-05	1,45738347245e-05	1,45738347245e-05	1,46641927093e-05	1,46641927093e-05	1,46641927093e-05	1,46641927093e-05
55800	-1,20270485959e-05	-1,20270485959e-05	-1,20270485959e-05	-1,20270485959e-05	-1,22173838253e-05	-1,22173838253e-05	-1,22173838253e-05	-1,25444962676e-05	-1,25444962676e-05	-1,25444962676e-05	-1,25444962676e-05	-1,25444962676e-05	-1,25444962676e-05	-1,2628330215e-05	-1,2628330215e-05	-1,2628330215e-05	-1,2628330215e-05
56700	-7,11570895507e-06	-7,11570895507e-06	-7,11570895507e-06	-7,11570895507e-06	-7,23171844868e-06	-7,23171844868e-06	-7,23171844868e-06	-7,42758177462e-06	-7,42758177462e-06	-7,42758177462e-06	-7,42758177462e-06	-7,42758177462e-06	-7,42758177462e-06	-7,4766380899e-06	-7,4766380899e-06	-7,4766380899e-06	-7,4766380899e-06
57600	3,78892970283e-06	3,78892970283e-06	3,78892970283e-06	3,78892970283e-06	3,85026613442e-06	3,85026613442e-06	3,85026613442e-06	3,96635312525e-06	3,96635312525e-06	3,96635312525e-06	3,96635312525e-06	3,96635312525e-06	3,96635312525e-06	4,00127424891e-06	4,00127424891e-06	4,00127424891e-06	4,00127424891e-06
58500	-4,6975396777e-06	-4,6975396777e-06	-4,6975396777e-06	-4,6975396777e-06	-4,77671893513e-06	-4,77671893513e-06	-4,77671893513e-06	-4,90470306916e-06	-4,90470306916e-06	-4,90470306916e-06	-4,90470306916e-06	-4,90470306916e-06	-4,90470306916e-06	-4,92806395381e-06	-4,92806395381e-06	-4,92806395381e-06	-4,92806395381e-06
59400	-1,24248296266e-06	-1,24248296266e-06	-1,24248296266e-06	-1,24248296266e-06	-1,26333294067e-06	-1,26333294067e-06	-1,26333294067e-06	-1,30072073359e-06	-1,30072073359e-06	-1,30072073359e-06	-1,30072073359e-06	-1,30072073359e-06	-1,30072073359e-06	-1,31393712863e-06	-1,31393712863e-06	-1,31393712863e-06	-1,31393712863e-06
60300	3,28045424727e-07	3,28045424727e-07	3,28045424727e-07	3,28045424727e-07	3,29932715807e-07	3,29932715807e-07	3,29932715807e-07	3,61509428837e-07	3,61509428837e-07	3,61509428837e-07	3,61509428837e-07	3,61509428837e-07	3,61509428837e-07	3,72297234964e-07	3,72297234964e-07	3,72297234964e-07	3,72297234964e-07
61200	-1,48496582138e-06	-1,48496582138e-06	-1,48496582138e-06	-1,48496582138e-06	-1,50765712159e-06	-1,50765712159e-06	-1,50765712159e-06	-1,56572235806e-06	-1,56572235806e-06	-1,56572235806e-06	-1,56572235806e-06	-1,56572235806e-06	-1,56572235806e-06	-1,58182517163e-06	-1,58182517163e-06	-1,58182517163e-06	-1,58182517163e-06
62100	1,72416100941e-06	1,72416100941e-06	1,72416100941e-06	1,72416100941e-06	1,75262239178e-06	1,75262239178e-06	1,75262239178e-06	1,80732596652e-06	1,80732596652e-06	1,80732596652e-06	1,80732596652e-06	1,80732596652e-06	1,80732596652e-06	1,81687478687e-06	1,81687478687e-06	1,81687478687e-06	1,81687478687e-06
63000	-2,35683052224e-07	-2,35683052224e-07	-2,35683052224e-07	-2,35683052224e-07	-2,39910388759e-07	-2,39910388759e-07	-2,39910388759e-07	-2,45367485744e-07	-2,45367485744e-07	-2,45367485744e-07	-2,45367485744e-07	-2,45367485744e-07	-2,45367485744e-07	-2,45630683552e-07	-2,45630683552e-07	-2,45630683552e-07	-2,45630683552e-07
63900	6,44673686425e-07	6,44673686425e-07	6,44673686425e-07	6,44673686425e-07	6,58173550739e-07	6,58173550739e-07	6,58173550739e-07	6,6147696934e-07	6,6147696934e-07	6,6147696934e-07	6,6147696934e-07	6,6147696934e-07	6,6147696934e-07	6,61250119015e-07	6,61250119015e-07	6,61250119015e-07	6,61250119015e-07
64800	1,23507830008e-06	1,23507830008e-06	1,23507830008e-06	1,23507830008e-06	1,25620991885e-06	1,25620991885e-06	1,25620991885e-06	1,29091867217e-06	1,29091867217e-06	1,29091867217e-06	1,29091867217e-06	1,29091867217e-06	1,29091867217e-06	1,30077883115e-06	1,30077883115e-06	1,30077883115e-06	1,30077883115e-06
65700	-2,33422962458e-06	-2,33422962458e-06	-2,33422962458e-06	-2,33422962458e-06	-2,37363971417e-06	-2,37363971417e-06	-2,37363971417e-06	-2,44244506646e-06	-2,44244506646e-06	-2,44244506646e-06	-2,44244506646e-06	-2,44244506646e-06	-2,44244506646e-06	-2,45760237737e-06	-2,45760237737e-06	-2,45760237737e-06	-2,45760237737e-06
66600	1,93771091152e-07	1,93771091152e-07	1,93771091152e-07	1,93771091152e-07	1,94892843533e-07	1,94892843533e-07	1,94892843533e-07	2,13503352434e-07	2,13503352434e-07	2,13503352434e-07	2,13503352434e-07	2,13503352434e-07	2,13503352434e-07	2,20313432813e-07	2,20313432813e-07	2,20313432813e-07	2,20313432813e-07
67500	1,11730059674e-06	1,11730059674e-06	1,11730059674e-06	1,11730059674e-06	1,13545033113e-06	1,13545033113e-06	1,13545033113e-06	1,17265810837e-06	1,17265810837e-06	1,17265810837e-06	1,17265810837e-06	1,17265810837e-06	1,17265810837e-06	1,18534150497e-06	1,18534150497e-06	1,18534150497e-06	1,18534150497e-06
68400	-4,6403252208e-06	-4,6403252208e-06	-4,6403252208e-06	-4,6403252208e-06	-4,72231705056e-06	-4,72231705056e-06	-4,72231705056e-06	-4,83733940115e-06	-4,83733940115e-06	-4,83733940115e-06	-4,83733940115e-06	-4,83733940115e-06	-4,83733940115e-06	-4,86546874351e-06	-4,86546874351e-06	-4,86546874351e-06	-4,86546874351e-06
69300	1,57182481953e-06	1,57182481953e-06	1,57182481953e-06	1,57182481953e-06	1,59936943113e-06	1,59936943113e-06	1,59936943113e-06	1,63968292862e-06	1,63968292862e-06	1,63968292862e-06	1,63968292862e-06	1,63968292862e-06	1,63968292862e-06	1,64958755241e-06	1,64958755241e-06	1,64958755241e-06	1,64958755241e-06
70200	-1,91399771113e-06	-1,91399771113e-06	-1,91399771113e-06	-1,91399771113e-06	-1,94677048534e-06	-1,94677048534e-06	-1,94677048534e-06	-2,00049817753e-06	-2,00049817753e-06	-2,00049817753e-06	-2,00049817753e-06	-2,00049817753e-06	-2,00049817753e-06	-2,01670587818e-06	-2,01670587818e-06	-2,01670587818e-06	-2,01670587818e-06
71100	-1,49028657293e-06	-1,49028657293e-06	-1,49028657293e-06	-1,49028657293e-06	-1,51053604453e-06	-1,51053604453e-06	-1,51053604453e-06	-1,5839986452e-06	-1,5839986452e-06	-1,5839986452e-06	-1,5839986452e-06	-1,5839986452e-06	-1,5839986452e-06	-1,6039970955e-06	-1,6039970955e-06	-1,6039970955e-06	-1,6039970955e-06
72000	-7,30385756573e-07	-7,30385756573e-07	-7,30385756573e-07	-7,30385756573e-07	-7,43217736189e-07	-7,43217736189e-07	-7,43217736189e-07	-7,61778437596e-07	-7,61778437596e-07	-7,61778437596e-07	-7,61778437596e-07	-7,61778437596e-07	-7,61778437596e-07	-7,63981769697e-07	-7,63981769697e-07	-7,63981769697e-07	-7,63981769697e-07
72900	3,08050079145e-06	3,08050079145e-06	3,08050079145e-06	3,08050079145e-06	3,13304550895e-06	3,13304550895e-06	3,13304550895e-06	3,22070687283e-06	3,22070687283e-06	3,22070687283e-06	3,22070687283e-06	3,22070687283e-06	3,22070687283e-06	3,23526478818e-06	3,23526478818e-06	3,23526478818e-06	3,23526478818e-06
73800	3,47824289358e-07	3,47824289358e-07	3,47824289358e-07	3,47824289358e-07	3,52345372346e-07	3,52345372346e-07	3,52345372346e-07	3,70713994647e-07	3,70713994647e-07	3,70713994647e-07	3,70713994647e-07	3,70713994647e-07	3,70713994647e-07	3,83363712747e-07	3,83363712747e-07	3,83363712747e-07	3,83363712747e-07
74700	7,99509033332e-07	7,99509033332e-07	7,99509033332e-07	7,99509033332e-07	8,12510387587e-07	8,12510387587e-07	8,12510387587e-07	8,39070762638e-07	8,39070762638e-07	8,39070762638e-07	8,39070762638e-07	8,39070762638e-07	8,39070762638e-07	8,45467666906e-07	8,45467666906e-07	8,45467666906e-07	8,45467666906e-07
75600	2,3186256639e-06	2,3186256639e-06	2,3186256639e-06	2,3186256639e-06	2,35663230248e-06	2,35663230248e-06	2,35663230248e-06	2,43180445134e-06	2,43180445134e-06	2,43180445134e-06	2,43180445134e-06	2,43180445134e-06	2,43180445134e-06	2,44674193105e-06	2,44674193105e-06	2,44674193105e-06	2,44674193105e-06
76500	-3,02661699478e-08	-3,02661699478e-08	-3,02661699478e-08	-3,02661699478e-08	-2,93824908622e-08	-2,93824908622e-08	-2,93824908622e-08	-3,86428201509e-08	-3,86428201509e-08	-3,86428201509e-08	-3,86428201509e-08	-3,86428201509e-08	-3,86428201509e-08	-4,13075721627e-08	-4,13075721627e-08	-4,13075721627e-08	-4,13075721627e-08
77400	1,64572822693e-06	1,64572822693e-06	1,64572822693e-06	1,64572822693e-06	1,67574475276e-06	1,67574475276e-06	1,67574475276e-06	1,71084043286e-06	1,71084043286e-06	1,71084043286e-06	1,71084043286e-06	1,71084043286e-06	1,71084043286e-06	1,71794089132e-06	1,71794089132e-06	1,71794089132e-06	1,71794089132e-06
78300	-8,30978029676e-07	-8,30978029676e-07	-8,30978029676e-07	-8,30978029676e-07	-8,46083671525e-07	-8,46083671525e-07	-8,46083671525e-07	-8,64114447258e-07	-8,64114447258e-07	-8,64114447258e-07	-8,64114447258e-07	-8,64114447258e-07	-8,64114447258e-07	-8,7258078398e-07	-8,7258078398e-07	-8,7258078398e-07	-8,7258078398e-07
79200	1,29327118862e-06	1,29327118862e-06	1,29327118862e-06	1,29327118862e-06	1,31628243854e-06	1,31628243854e-06	1,31628243854e-06	1,34731812817e-06	1,34731812817e-06	1,34731812817e-06	1,34731812817e-06	1,34731812817e-06	1,34731812817e-06	1,35629058621e-06	1,35629058621e-06	1,35629058621e-06	1,35629058621e-06
80100	3,87851821402e-07	3,87851821402e-07	3,87851821402e-07	3,87851821402e-07	3,9494049024e-07	3,9494049024e-07	3,9494049024e-07	4,03120847138e-07	4,03120847138e-07	4,03120847138e-07	4,03120847138e-07	4,03120847138e-07	4,03120847138e-07	4,04201905151e-07	4,04201905151e-07	4,04201905151e-07	4,04201905151e-07
81000	7,40557753898e-07	7,40557753898e-07	7,40557753898e-07	7,40557753898e-07	7,52512318987e-07	7,52512318987e-07	7,52512318987e-07	7,77609981389e-07	7,77609981389e-07	7,77609981389e-07	7,77609981389e-07	7,77609981389e-07	7,77609981389e-07	7,84682511084e-07	7,84682511084e-07	7,84682511084e-07	7,84682511084e-07
81900	-4,43043699525e-07	-4,43043699525e-07	-4,43043699525e-07	-4,43043699525e-07	-4,50549163405e-07	-4,50549163405e-07	-4,50549163405e-07	-4,6344417941e-07	-4,6344417941e-07	-4,6344417941e-07	-4,6344417941e-07	-4,6344417941e-07	-4,6344417941e-07	-4,65898961402e-07	-4,65898961402e-07	-4,65898961402e-07	-4,65898961402e-07
82800	1,66143638271e-06	1,66143638271e-06	1,66143638271e-06	1,66143638271e-06	1,69011733991e-06	1,69011733991e-06	1,69011733991e-06	1,73524151488e-06	1,73524151488e-06	1,73524151488e-06	1,73524151488e-06	1,73524151488e-06	1,73524151488e-06	1,74412211758e-06	1,74412211758e-06	1,74412211758e-06	1,74412211758e-06
83700	3,00184384224e-07	3,00184384224e-07	3,00184384224e-07	3,00184384224e-07	3,04625768211e-07	3,04625768211e-07	3,04625768211e-07	3,17221756549e-07	3,17221756549e-07	3,17221756549e-07	3,17221756549e-07	3,17221756549e-07	3,17221756549e-07	3,22092543281e-07	3,22092543281e-07	3,22092543281e-07	3,22092543281e-07
84600	1,61131690221e-07	1,61131690221e-07	1,61131690221e-07	1,61131690221e-07	1,63846608651e-07	1,63846608651e-07	1,63846608651e-07	1,68622251247e-07	1,68622251247e-07	1,68622251247e-07	1,68622251247e-07	1,68622251247e-07	1,68622251247e-07	1,68885941096e-07	1,68885941096e-07	1,68885941096e-07	1,68885941096e-07
85500	7,54493411752e-07	7,54493411752e-07	7,54493411752e-07	7,54493411752e-07	7,669369023e-07	7,669369023e-07	7,669369023e-07	7,90908215423e-07	7,90908215423e-07	7,90908215423e-07	7,90908215423e-07	7,90908215423e-07	7,90908215423e-07	7,97444856566e-07	7,97444856566e-07	7,97444856566e-07	7,97444856566e-07
86400	1,50528314581e-06	1,50528314581e-06	1,50528314581e-06	1,50528314581e-06	1,52940479859e-06	1,52940479859e-06	1,52940479859e-06	1,58143696923e-06	1,58143696923e-06	1,58143696923e-06	1,58143696923e-06	1,58143696923e-06	1,58143696923e-06	1,59354635938e-06	1,59354635938e-06	1,59354635938e-06	1,59354635938e-06
87300	2,44894519995e-07	2,44894519995e-07	2,44894519995e-07	2,44894519995e-07	2,50054593303e-07	2,50054593303e-07	2,50054593303e-07	2,51104849125e-07	2,51104849125e-07	2,51104849125e-07	2,51104849125e-07	2,51104849125e-07	2,51104849125e-07	2,48363548439e-07	2,48363548439e-07	2,48363548439e-07	2,48363548439e-07
88200	1,75772460174e-09	1,75772460174e-09	1,75772460174e-09	1,75772460174e-09	1,32426209994e-09	1,32426209994e-09	1,32426209994e-09	4,15481093836e-09	4,15481093836e-09	4,15481093836e-09	4,15481093836e-09	4,15481093836e-09	4,15481093836e-09	6,2427721938e-09	6,2427721938e-09	6,2427721938e-09	6,2427721938e-09
89100	6,47174257445e-07	6,47174257445e-07	6,47174257445e-07	6,47174257445e-07	6,58200778761e-07	6,58200778761e-07	6,58200778761e-07	6,76631922604e-07	6,76631922604e-07	6,76631922604e-07	6,76631922604e-07	6,76631922604e-07	6,76631922604e-07	6,82191864794e-07	6,82191864794e-07	6,82191864794e-07	6,82191864794e-07
90000	4,65370303915e-07	4,65370303915e-07	4,65370303915e-07	4,65370303915e-07	4,73360155271e-07	4,73360155271e-07	4,73360155271e-07	4,86246505245e-07	4,86246505245e-07	4,86246505245e-07	4,86246505245e-07	4,86246505245e-07	4,86246505245e-07	4,89999163389e-07	4,89999163389e-07	4,89999163389e-07	4,89999163389e-07
90900	-1,69218439087e-07	-1,69218439087e-07	-1,69218439087e-07	-1,69218439087e-07	-1,71372090367e-07	-1,71372090367e-07	-1,71372090367e-07	-1,80567854832e-07	-1,80567854832e-07	-1,80567854832e-07	-1,80567854832e-07	-1,80567854832e-07	-1,80567854832e-07	-1,84378653239e-07	-1,84378653239e-07	-1,84378653239e-07	-1,84378653239e-07
91800	5,70586001707e-07	5,70586001707e-07	5,70586001707e-07	5,70586001707e-07	5,80218260177e-07	5,80218260177e-07	5,80218260177e-07	5,97000374906e-07	5,97000374906e-07	5,97000374906e-07	5,97000374906e-07	5,97000374906e-07	5,97000374906e-07	6,00491884519e-07	6,00491884519e-07	6,00491884519e-07	6,00491884519e-07
92700	-3,28826784074e-07	-3,28826784074e-07	-3,28826784074e-07	-3,28826784074e-07	-3,34326326845e-07	-3,34326326845e-07	-3,34326326845e-07	-3,44307646901e-07	-3,44307646901e-07	-3,44307646901e-07	-3,44307646901e-07	-3,44307646901e-07	-3,44307646901e-07	-3,47335035901e-07	-3,47335035901e-07	-3,47335035901e-07	-3,47335035901e-07
93600	-8,73551047928e-08	-8,73551047928e-08	-8,73551047928e-08	-8,73551047928e-08	-8,8548141711e-08	-8,8548141711e-08	-8,8548141711e-08	-9,28075456681e-08	-9,28075456681e-08	-9,28075456681e-08	-9,28075456681e-08	-9,28075456681e-08	-9,28075456681e-08	-9,34301244919e-08	-9,34301244919e-08	-9,34301244919e-08	-9,34301244919e-08
94500	1,82484495642e-07	1,82484495642e-07	1,82484495642e-07	1,82484495642e-07	1,8519627304e-07	1,8519627304e-07	1,8519627304e-07	1,92776710179e-07	1,92776710179e-07	1,92776710179e-07	1,92776710179e-07	1,92776710179e-07	1,92776710179e-07	1,95988735625e-07	1,95988735625e-07	1,95988735625e-07	1,95988735625e-07
95400	1,45106889788e-07	1,45106889788e-07	1,45106889788e-07	1,45106889788e-07	1,47696814433e-07	1,47696814433e-07	1,47696814433e-07	1,51122856045e-07	1,51122856045e-07	1,51122856045e-07	1,51122856045e-07	1,51122856045e-07	1,51122856045e-07	1,51722330134e-07	1,51722330134e-07	1,51722330134e-07	1,51722330134e-07
96300	2,98315332439e-07	2,98315332439e-07	2,98315332439e-07	2,98315332439e-07	3,03591182835e-07	3,03591182835e-07	3,03591182835e-07	3,10925424532e-07	3,10925424532e-07	3,10925424532e-07	3,10925424532e-07	3,10925424532e-07	3,10925424532e-07	3,12031502051e-07	3,12031502051e-07	3,12031502051e-07	3,12031502051e-07
97200	-1,65320917622e-07	-1,65320917622e-07	-1,65320917622e-07	-1,65320917622e-07	-1,6819410239e-07	-1,6819410239e-07	-1,6819410239e-07	-1,72562398526e-07	-1,72562398526e-07	-1,72562398526e-07	-1,72562398526e-07	-1,72562398526e-07	-1,72562398526e-07	-1,73983748519e-07	-1,73983748519e-07	-1,73983748519e-07	-1,73983748519e-07
98100	-1,01647269404e-07	-1,01647269404e-07	-1,01647269404e-07	-1,01647269404e-07	-1,03333090295e-07	-1,03333090295e-07	-1,03333090295e-07	-1,06503524397e-07	-1,06503524397e-07	-1,06503524397e-07	-1,06503524397e-07	-1,06503524397e-07	-1,06503524397e-07	-1,07651197808e-07	-1,07651197808e-07	-1,07651197808e-07	-1,07651197808e-07
99000	-4,91148497178e-08	-4,91148497178e-08	-4,91148497178e-08	-4,91148497178e-08	-5,00478683826e-08	-5,00478683826e-08	-5,00478683826e-08	-5,08691130331e-08	-5,08691130331e-08	-5,08691130331e-08	-5,08691130331e-08	-5,08691130331e-08	-5,08691130331e-08	-4,97456383453e-08	-4,97456383453e-08	-4,97456383453e-08	-4,97456383453e-08
99900	-3,74604528745e-08	-3,74604528745e-08	-3,74604528745e-08	-3,74604528745e-08	-3,83480076773e-08	-3,83480076773e-08	-3,83480076773e-08	-3,79188013695e-08	-3,79188013695e-08	-3,79188013695e-08	-3,79188013695e-08	-3,79188013695e-08	-3,79188013695e-08	-3,74476967169e-08	-3,74476967169e-08	-3,74476967169e-08	-3,74476967169e-08
100800	4,95674733893e-07	4,95674733893e-07	4,95674733893e-07	4,95674733893e-07	5,04060071845e-07	5,04060071845e-07	5,04060071845e-07	5,18531391412e-07	5,18531391412e-07	5,18531391412e-07	5,18531391412e-07	5,18531391412e-07	5,18531391412e-07	5,20797945651e-07	5,20797945651e-07	5,20797945651e-07	5,20797945651e-07
101700	-3,34579055152e-07	-3,34579055152e-07	-3,34579055152e-07	-3,34579055152e-07	-3,39934682938e-07	-3,39934682938e-07	-3,39934682938e-07	-3,51530404642e-07	-3,51530404642e-07	-3,51530404642e-07	-3,51530404642e-07	-3,51530404642e-07	-3,51530404642e-07	-3,54201438674e-07	-3,54201438674e-07	-3,54201438674e-07	-3,54201438674e-07
102600	-1,7624458646e-07	-1,7624458646e-07	-1,7624458646e-07	-1,7624458646e-07	-1,79196196417e-07	-1,79196196417e-07	-1,79196196417e-07	-1,84521954068e-07	-1,84521954068e-07	-1,84521954068e-07	-1,84521954068e-07	-1,84521954068e-07	-1,84521954068e-07	-1,85122226747e-07	-1,85122226747e-07	-1,85122226747e-07	-1,85122226747e-07
103500	1,85263915102e-07	1,85263915102e-07	1,85263915102e-07	1,85263915102e-07	1,88420668597e-07	1,88420668597e-07	1,88420668597e-07	1,93694126139e-07	1,93694126139e-07	1,93694126139e-07	1,93694126139e-07	1,93694126139e-07	1,93694126139e-07	1,94214694418e-07	1,94214694418e-07	1,94214694418e-07	1,94214694418e-07
104400	-7,15825500654e-07	-7,15825500654e-07	-7,15825500654e-07	-7,15825500654e-07	-7,28431523295e-07	-7,28431523295e-07	-7,28431523295e-07	-7,46357832788e-07	-7,46357832788e-07	-7,46357832788e-07	-7,46357832788e-07	-7,46357832788e-07	-7,46357832788e-07	-7,47786964554e-07	-7,47786964554e-07	-7,47786964554e-07	-7,47786964554e-07
105300	8,76738777633e-08	8,76738777633e-08	8,76738777633e-08	8,76738777633e-08	8,87686157697e-08	8,87686157697e-08	8,87686157697e-08	9,36596114534e-08	9,36596114534e-08	9,36596114534e-08	9,36596114534e-08	9,36596114534e-08	9,36596114534e-08	9,30272173483e-08	9,30272173483e-08	9,30272173483e-08	9,30272173483e-08
106200	-8,87834077548e-08	-8,87834077548e-08	-8,87834077548e-08	-8,87834077548e-08	-8,99951022166e-08	-8,99951022166e-08	-8,99951022166e-08	-9,43294413549e-08	-9,43294413549e-08	-9,43294413549e-08	-9,43294413549e-08	-9,43294413549e-08	-9,43294413549e-08	-9,67789878002e-08	-9,67789878002e-08	-9,67789878002e-08	-9,67789878002e-08
107100	-8,05666162517e-07	-8,05666162517e-07	-8,05666162517e-07	-8,05666162517e-07	-8,18107748427e-07	-8,18107748427e-07	-8,18107748427e-07	-8,48768671859e-07	-8,48768671859e-07	-8,48768671859e-07	-8,48768671859e-07	-8,48768671859e-07	-8,48768671859e-07	-8,56217893851e-07	-8,56217893851e-07	-8,56217893851e-07	-8,56217893851e-07
108000	-1,48671850713e-06	-1,48671850713e-06	-1,48671850713e-06	-1,48671850713e-06	-1,51342588823e-06	-1,51342588823e-06	-1,51342588823e-06	-1,547531544e-06	-1,547531544e-06	-1,547531544e-06	-1,547531544e-06	-1,547531544e-06	-1,547531544e-06	-1,55141097429e-06	-1,55141097429e-06	-1,55141097429e-06	-1,55141097429e-06
108900	-1,66416419702e-07	-1,66416419702e-07	-1,66416419702e-07	-1,66416419702e-07	-1,68996551408e-07	-1,68996551408e-07	-1,68996551408e-07	-1,75270643119e-07	-1,75270643119e-07	-1,75270643119e-07	-1,75270643119e-07	-1,75270643119e-07	-1,75270643119e-07	-1,79209966593e-07	-1,79209966593e-07	-1,79209966593e-07	-1,79209966593e-07
109800	-1,11491863873e-06	-1,11491863873e-06	-1,11491863873e-06	-1,11491863873e-06	-1,13464177807e-06	-1,13464177807e-06	-1,13464177807e-06	-1,16206119153e-06	-1,16206119153e-06	-1,16206119153e-06	-1,16206119153e-06	-1,16206119153e-06	-1,16206119153e-06	-1,16660399349e-06	-1,16660399349e-06	-1,16660399349e-06	-1,16660399349e-06
110700	-3,51921749575e-07	-3,51921749575e-07	-3,51921749575e-07	-3,51921749575e-07	-3,59229804738e-07	-3,59229804738e-07	-3,59229804738e-07	-3,61390688595e-07	-3,61390688595e-07	-3,61390688595e-07	-3,61390688595e-07	-3,61390688595e-07	-3,61390688595e-07	-3,61484855579e-07	-3,61484855579e-07	-3,61484855579e-07	-3,61484855579e-07
111600	-7,21747198376e-07	-7,21747198376e-07	-7,21747198376e-07	-7,21747198376e-07	-7,3182297387e-07	-7,3182297387e-07	-7,3182297387e-07	-7,65731964638e-07	-7,65731964638e-07	-7,65731964638e-07	-7,65731964638e-07	-7,65731964638e-07	-7,65731964638e-07	-7,76640108578e-07	-7,76640108578e-07	-7,76640108578e-07	-7,76640108578e-07
112500	1,11929068389e-07	1,11929068389e-07	1,11929068389e-07	1,11929068389e-07	1,14700604759e-07	1,14700604759e-07	1,14700604759e-07	1,12705179634e-07	1,12705179634e-07	1,12705179634e-07	1,12705179634e-07	1,12705179634e-07	1,12705179634e-07	1,12415385607e-07	1,12415385607e-07	1,12415385607e-07	1,12415385607e-07
113400	-1,06350753972e-06	-1,06350753972e-06	-1,06350753972e-06	-1,06350753972e-06	-1,08270038493e-06	-1,08270038493e-06	-1,08270038493e-06	-1,10659767733e-06	-1,10659767733e-06	-1,10659767733e-06	-1,10659767733e-06	-1,10659767733e-06	-1,10659767733e-06	-1,11342214103e-06	-1,11342214103e-06	-1,11342214103e-06	-1,11342214103e-06
114300	-9,92139756899e-08	-9,92139756899e-08	-9,92139756899e-08	-9,92139756899e-08	-9,99895383858e-08	-9,99895383858e-08	-9,99895383858e-08	-1,08308623221e-07	-1,08308623221e-07	-1,08308623221e-07	-1,08308623221e-07	-1,08308623221e-07	-1,08308623221e-07	-1,1291433829e-07	-1,1291433829e-07	-1,1291433829e-07	-1,1291433829e-07
115200	-2,19939843879e-06	-2,19939843879e-06	-2,19939843879e-06	-2,19939843879e-06	-2,23697352253e-06	-2,23697352253e-06	-2,23697352253e-06	-2,29913851214e-06	-2,29913851214e-06	-2,29913851214e-06	-2,29913851214e-06	-2,29913851214e-06	-2,29913851214e-06	-2,31233530316e-06	-2,31233530316e-06	-2,31233530316e-06	-2,31233530316e-06
116100	-5,2867604965e-07	-5,2867604965e-07	-5,2867604965e-07	-5,2867604965e-07	-5,37509322388e-07	-5,37509322388e-07	-5,37509322388e-07	-5,53646495091e-07	-5,53646495091e-07	-5,53646495091e-07	-5,53646495091e-07	-5,53646495091e-07	-5,53646495091e-07	-5,51758823629e-07	-5,51758823629e-07	-5,51758823629e-07	-5,51758823629e-07
117000	-1,29496700064e-06	-1,29496700064e-06	-1,29496700064e-06	-1,29496700064e-06	-1,31830637014e-06	-1,31830637014e-06	-1,31830637014e-06	-1,34763142745e-06	-1,34763142745e-06	-1,34763142745e-06	-1,34763142745e-06	-1,34763142745e-06	-1,34763142745e-06	-1,36269138488e-06	-1,36269138488e-06	-1,36269138488e-06	-1,36269138488e-06
117900	3,84902084507e-06	3,84902084507e-06	3,84902084507e-06	3,84902084507e-06	3,91696537233e-06	3,91696537233e-06	3,91696537233e-06	4,01257109973e-06	4,01257109973e-06	4,01257109973e-06	4,01257109973e-06	4,01257109973e-06	4,01257109973e-06	4,03686874912e-06	4,03686874912e-06	4,03686874912e-06	4,03686874912e-06
118800	-2,13508779337e-06	-2,13508779337e-06	-2,13508779337e-06	-2,13508779337e-06	-2,17127326553e-06	-2,17127326553e-06	-2,17127326553e-06	-2,23871519148e-06	-2,23871519148e-06	-2,23871519148e-06	-2,23871519148e-06	-2,23871519148e-06	-2,23871519148e-06	-2,25990809032e-06	-2,25990809032e-06	-2,25990809032e-06	-2,25990809032e-06
119700	6,63183308445e-06	6,63183308445e-06	6,63183308445e-06	6,63183308445e-06	6,73644195908e-06	6,73644195908e-06	6,73644195908e-06	6,93103823204e-06	6,93103823204e-06	6,93103823204e-06	6,93103823204e-06	6,93103823204e-06	6,93103823204e-06	6,97321846337e-06	6,97321846337e-06	6,97321846337e-06	6,97321846337e-06
120600	1,92075774594e-05	1,92075774594e-05	1,92075774594e-05	1,92075774594e-05	1,95228239953e-05	1,95228239953e-05	1,95228239953e-05	2,00249701153e-05	2,00249701153e-05	2,00249701153e-05	2,00249701153e-05	2,00249701153e-05	2,00249701153e-05	2,01389370794e-05	2,01389370794e-05	2,01389370794e-05	2,01389370794e-05
121500	-2,06650561231e-05	-2,06650561231e-05	-2,06650561231e-05	-2,06650561231e-05	-2,10007291593e-05	-2,10007291593e-05	-2,10007291593e-05	-2,15490675234e-05	-2,15490675234e-05	-2,15490675234e-05	-2,15490675234e-05	-2,15490675234e-05	-2,15490675234e-05	-2,16611621762e-05	-2,16611621762e-05	-2,16611621762e-05	-2,16611621762e-05
122400	1,89928975711e-05	1,89928975711e-05	1,89928975711e-05	1,89928975711e-05	1,92952952501e-05	1,92952952501e-05	1,92952952501e-05	1,98020034891e-05	1,98020034891e-05	1,98020034891e-05	1,98020034891e-05	1,98020034891e-05	1,98020034891e-05	1,99234723947e-05	1,99234723947e-05	1,99234723947e-05	1,99234723947e-05
123300	4,34120501755e-06	4,34120501755e-06	4,34120501755e-06	4,34120501755e-06	4,4231600174e-06	4,4231600174e-06	4,4231600174e-06	4,49964048854e-06	4,49964048854e-06	4,49964048854e-06	4,49964048854e-06	4,49964048854e-06	4,49964048854e-06	4,49216493626e-06	4,49216493626e-06	4,49216493626e-06	4,49216493626e-06
124200	-7,51582627479e-08	-7,51582627479e-08	-7,51582627479e-08	-7,51582627479e-08	-8,26294027247e-08	-8,26294027247e-08	-8,26294027247e-08	-6,1315462639e-08	-6,1315462639e-08	-6,1315462639e-08	-6,1315462639e-08	-6,1315462639e-08	-6,1315462639e-08	-5,02555459309e-08	-5,02555459309e-08	-5,02555459309e-08	-5,02555459309e-08
125100	7,99495225987e-06	7,99495225987e-06	7,99495225987e-06	7,99495225987e-06	8,13129752286e-06	8,13129752286e-06	8,13129752286e-06	8,31713991411e-06	8,31713991411e-06	8,31713991411e-06	8,31713991411e-06	8,31713991411e-06	8,31713991411e-06	8,35911296577e-06	8,35911296577e-06	8,35911296577e-06	8,35911296577e-06
126000	-2,99602279161e-06	-2,99602279161e-06	-2,99602279161e-06	-2,99602279161e-06	-3,045446053e-06	-3,045446053e-06	-3,045446053e-06	-3,11180092822e-06	-3,11180092822e-06	-3,11180092822e-06	-3,11180092822e-06	-3,11180092822e-06	-3,11180092822e-06	-3,11640670019e-06	-3,11640670019e-06	-3,11640670019e-06	-3,11640670019e-06
126900	5,6347150906e-07	5,6347150906e-07	5,6347150906e-07	5,6347150906e-07	5,72317103762e-07	5,72317103762e-07	5,72317103762e-07	5,69185024558e-07	5,69185024558e-07	5,69185024558e-07	5,69185024558e-07	5,69185024558e-07	5,69185024558e-07	5,71437408663e-07	5,71437408663e-07	5,71437408663e-07	5,71437408663e-07
127800	-3,32030994758e-06	-3,32030994758e-06	-3,32030994758e-06	-3,32030994758e-06	-3,37493378187e-06	-3,37493378187e-06	-3,37493378187e-06	-3,4402997558e-06	-3,4402997558e-06	-3,4402997558e-06	-3,4402997558e-06	-3,4402997558e-06	-3,4402997558e-06	-3,45752130359e-06	-3,45752130359e-06	-3,45752130359e-06	-3,45752130359e-06
128700	5,2742652287e-06	5,2742652287e-06	5,2742652287e-06	5,2742652287e-06	5,35583181354e-06	5,35583181354e-06	5,35583181354e-06	5,51349865853e-06	5,51349865853e-06	5,51349865853e-06	5,51349865853e-06	5,51349865853e-06	5,51349865853e-06	5,54787661219e-06	5,54787661219e-06	5,54787661219e-06	5,54787661219e-06
129600	-1,01467726174e-06	-1,01467726174e-06	-1,01467726174e-06	-1,01467726174e-06	-1,03068559502e-06	-1,03068559502e-06	-1,03068559502e-06	-1,05242143633e-06	-1,05242143633e-06	-1,05242143633e-06	-1,05242143633e-06	-1,05242143633e-06	-1,05242143633e-06	-1,05389637173e-06	-1,05389637173e-06	-1,05389637173e-06	-1,05389637173e-06
130500	-4,07934290474e-06	-4,07934290474e-06	-4,07934290474e-06	-4,07934290474e-06	-4,1496302609e-06	-4,1496302609e-06	-4,1496302609e-06	-4,24985768294e-06	-4,24985768294e-06	-4,24985768294e-06	-4,24985768294e-06	-4,24985768294e-06	-4,24985768294e-06	-4,27008543076e-06	-4,27008543076e-06	-4,27008543076e-06	-4,27008543076e-06
131400	5,771927737e-07	5,771927737e-07	5,771927737e-07	5,771927737e-07	5,89614225238e-07	5,89614225238e-07	5,89614225238e-07	5,80319362329e-07	5,80319362329e-07	5,80319362329e-07	5,80319362329e-07	5,80319362329e-07	5,80319362329e-07	5,76521396264e-07	5,76521396264e-07	5,76521396264e-07	5,76521396264e-07
132300	-1,69456864069e-07	-1,69456864069e-07	-1,69456864069e-07	-1,69456864069e-07	-1,70224714868e-07	-1,70224714868e-07	-1,70224714868e-07	-1,77792340288e-07	-1,77792340288e-07	-1,77792340288e-07	-1,77792340288e-07	-1,77792340288e-07	-1,77792340288e-07	-1,83263641695e-07	-1,83263641695e-07	-1,83263641695e-07	-1,83263641695e-07
133200	-1,59868480476e-06	-1,59868480476e-06	-1,59868480476e-06	-1,59868480476e-06	-1,62319344793e-06	-1,62319344793e-06	-1,62319344793e-06	-1,66735612803e-06	-1,66735612803e-06	-1,66735612803e-06	-1,66735612803e-06	-1,66735612803e-06	-1,66735612803e-06	-1,68057438945e-06	-1,68057438945e-06	-1,68057438945e-06	-1,68057438945e-06
134100	-7,17286923515e-06	-7,17286923515e-06	-7,17286923515e-06	-7,17286923515e-06	-7,28847366964e-06	-7,28847366964e-06	-7,28847366964e-06	-7,47738738652e-06	-7,47738738652e-06	-7,47738738652e-06	-7,47738738652e-06	-7,47738738652e-06	-7,47738738652e-06	-7,51441255584e-06	-7,51441255584e-06	-7,51441255584e-06	-7,51441255584e-06
135000	5,41422604932e-06	5,41422604932e-06	5,41422604932e-06	5,41422604932e-06	5,50316079542e-06	5,50316079542e-06	5,50316079542e-06	5,64443307143e-06	5,64443307143e-06	5,64443307143e-06	5,64443307143e-06	5,64443307143e-06	5,64443307143e-06	5,67619533629e-06	5,67619533629e-06	5,67619533629e-06	5,67619533629e-06
135900	3,13253780036e-06	3,13253780036e-06	3,13253780036e-06	3,13253780036e-06	3,18258254854e-06	3,18258254854e-06	3,18258254854e-06	3,26726130493e-06	3,26726130493e-06	3,26726130493e-06	3,26726130493e-06	3,26726130493e-06	3,26726130493e-06	3,28072441922e-06	3,28072441922e-06	3,28072441922e-06	3,28072441922e-06
136800	-6,32729469764e-06	-6,32729469764e-06	-6,32729469764e-06	-6,32729469764e-06	-6,43280338231e-06	-6,43280338231e-06	-6,43280338231e-06	-6,57440489882e-06	-6,57440489882e-06	-6,57440489882e-06	-6,57440489882e-06	-6,57440489882e-06	-6,57440489882e-06	-6,60120480008e-06	-6,60120480008e-06	-6,60120480008e-06	-6,60120480008e-06
137700	1,10337433926e-05	1,10337433926e-05	1,10337433926e-05	1,10337433926e-05	1,12137763922e-05	1,12137763922e-05	1,12137763922e-05	1,14983288979e-05	1,14983288979e-05	1,14983288979e-05	1,14983288979e-05	1,14983288979e-05	1,14983288979e-05	1,15633810781e-05	1,15633810781e-05	1,15633810781e-05	1,15633810781e-05
138600	5,98748127318e-06	5,98748127318e-06	5,98748127318e-06	5,98748127318e-06	6,08495819687e-06	6,08495819687e-06	6,08495819687e-06	6,22853368815e-06	6,22853368815e-06	6,22853368815e-06	6,22853368815e-06	6,22853368815e-06	6,22853368815e-06	6,25943044756e-06	6,25943044756e-06	6,25943044756e-06	6,25943044756e-06
139500	-1,85183826102e-05	-1,85183826102e-05	-1,85183826102e-05	-1,85183826102e-05	-1,88211453311e-05	-1,88211453311e-05	-1,88211453311e-05	-1,92978373477e-05	-1,92978373477e-05	-1,92978373477e-05	-1,92978373477e-05	-1,92978373477e-05	-1,92978373477e-05	-1,93983485541e-05	-1,93983485541e-05	-1,93983485541e-05	-1,93983485541e-05
140400	-6,05738916215e-06	-6,05738916215e-06	-6,05738916215e-06	-6,05738916215e-06	-6,15729632765e-06	-6,15729632765e-06	-6,15729632765e-06	-6,30548190389e-06	-6,30548190389e-06	-6,30548190389e-06	-6,30548190389e-06	-6,30548190389e-06	-6,30548190389e-06	-6,34358456543e-06	-6,34358456543e-06	-6,34358456543e-06	-6,34358456543e-06
141300	-7,58760501759e-06	-7,58760501759e-06	-7,58760501759e-06	-7,58760501759e-06	-7,70719442493e-06	-7,70719442493e-06	-7,70719442493e-06	-7,91335137273e-06	-7,91335137273e-06	-7,91335137273e-06	-7,91335137273e-06	-7,91335137273e-06	-7,91335137273e-06	-7,95996906229e-06	-7,95996906229e-06	-7,95996906229e-06	-7,95996906229e-06
142200	1,71820345448e-06	1,71820345448e-06	1,71820345448e-06	1,71820345448e-06	1,74605914903e-06	1,74605914903e-06	1,74605914903e-06	1,78507532557e-06	1,78507532557e-06	1,78507532557e-06	1,78507532557e-06	1,78507532557e-06	1,78507532557e-06	1,7903167885e-06	1,7903167885e-06	1,7903167885e-06	1,7903167885e-06
143100	-2,17739653907e-06	-2,17739653907e-06	-2,17739653907e-06	-2,17739653907e-06	-2,21398694863e-06	-2,21398694863e-06	-2,21398694863e-06	-2,26916861112e-06	-2,26916861112e-06	-2,26916861112e-06	-2,26916861112e-06	-2,26916861112e-06	-2,26916861112e-06	-2,27561466173e-06	-2,27561466173e-06	-2,27561466173e-06	-2,27561466173e-06
144000	-6,31287141463e-06	-6,31287141463e-06	-6,31287141463e-06	-6,31287141463e-06	-6,41493002004e-06	-6,41493002004e-06	-6,41493002004e-06	-6,58809354092e-06	-6,58809354092e-06	-6,58809354092e-06	-6,58809354092e-06	-6,58809354092e-06	-6,58809354092e-06	-6,63865215938e-06	-6,63865215938e-06	-6,63865215938e-06	-6,63865215938e-06
144900	2,91632275534e-07	2,91632275534e-07	2,91632275534e-07	2,91632275534e-07	2,96711985661e-07	2,96711985661e-07	2,96711985661e-07	3,04363122638e-07	3,04363122638e-07	3,04363122638e-07	3,04363122638e-07	3,04363122638e-07	3,04363122638e-07	3,08894696497e-07	3,08894696497e-07	3,08894696497e-07	3,08894696497e-07
145800	9,42736623619e-07	9,42736623619e-07	9,42736623619e-07	9,42736623619e-07	9,57579319239e-07	9,57579319239e-07	9,57579319239e-07	9,91773979378e-07	9,91773979378e-07	9,91773979378e-07	9,91773979378e-07	9,91773979378e-07	9,91773979378e-07	1,00070520699e-06	1,00070520699e-06	1,00070520699e-06	1,00070520699e-06
146700	-2,41866263466e-06	-2,41866263466e-06	-2,41866263466e-06	-2,41866263466e-06	-2,45909157102e-06	-2,45909157102e-06	-2,45909157102e-06	-2,53277435758e-06	-2,53277435758e-06	-2,53277435758e-06	-2,53277435758e-06	-2,53277435758e-06	-2,53277435758e-06	-2,54959320135e-06	-2,54959320135e-06	-2,54959320135e-06	-2,54959320135e-06
147600	1,46244166623e-08	1,46244166623e-08	1,46244166623e-08	1,46244166623e-08	1,38133377753e-08	1,38133377753e-08	1,38133377753e-08	2,05921431156e-08	2,05921431156e-08	2,05921431156e-08	2,05921431156e-08	2,05921431156e-08	2,05921431156e-08	2,54765242969e-08	2,54765242969e-08	2,54765242969e-08	2,54765242969e-08
148500	-1,69596019982e-06	-1,69596019982e-06	-1,69596019982e-06	-1,69596019982e-06	-1,72657957739e-06	-1,72657957739e-06	-1,72657957739e-06	-1,7646457204e-06	-1,7646457204e-06	-1,7646457204e-06	-1,7646457204e-06	-1,7646457204e-06	-1,7646457204e-06	-1,77254718986e-06	-1,77254718986e-06	-1,77254718986e-06	-1,77254718986e-06
149400	-2,39758749227e-06	-2,39758749227e-06	-2,39758749227e-06	-2,39758749227e-06	-2,44554426762e-06	-2,44554426762e-06	-2,44554426762e-06	-2,4713819706e-06	-2,4713819706e-06	-2,4713819706e-06	-2,4713819706e-06	-2,4713819706e-06	-2,4713819706e-06	-2,47436237684e-06	-2,47436237684e-06	-2,47436237684e-06	-2,47436237684e-06
150300	1,9088303712e-06	1,9088303712e-06	1,9088303712e-06	1,9088303712e-06	1,94533615307e-06	1,94533615307e-06	1,94533615307e-06	1,9759268435e-06	1,9759268435e-06	1,9759268435e-06	1,9759268435e-06	1,9759268435e-06	1,9759268435e-06	1,98079987296e-06	1,98079987296e-06	1,98079987296e-06	1,98079987296e-06
151200	-2,06478702297e-06	-2,06478702297e-06	-2,06478702297e-06	-2,06478702297e-06	-2,10295056195e-06	-2,10295056195e-06	-2,10295056195e-06	-2,14402434641e-06	-2,14402434641e-06	-2,14402434641e-06	-2,14402434641e-06	-2,14402434641e-06	-2,14402434641e-06	-2,15755907961e-06	-2,15755907961e-06	-2,15755907961e-06	-2,15755907961e-06
152100	1,14675490393e-07	1,14675490393e-07	1,14675490393e-07	1,14675490393e-07	1,18348133705e-07	1,18348133705e-07	1,18348133705e-07	1,1131039311e-07	1,1131039311e-07	1,1131039311e-07	1,1131039311e-07	1,1131039311e-07	1,1131039311e-07	1,14597962771e-07	1,14597962771e-07	1,14597962771e-07	1,14597962771e-07
153000	-1,16625408118e-07	-1,16625408118e-07	-1,16625408118e-07	-1,16625408118e-07	-1,12651318252e-07	-1,12651318252e-07	-1,12651318252e-07	-1,51750844112e-07	-1,51750844112e-07	-1,51750844112e-07	-1,51750844112e-07	-1,51750844112e-07	-1,51750844112e-07	-1,68195667441e-07	-1,68195667441e-07	-1,68195667441e-07	-1,68195667441e-07
153900	-1,12635214055e-06	-1,12635214055e-06	-1,12635214055e-06	-1,12635214055e-06	-1,14464836378e-06	-1,14464836378e-06	-1,14464836378e-06	-1,18219854658e-06	-1,18219854658e-06	-1,18219854658e-06	-1,18219854658e-06	-1,18219854658e-06	-1,18219854658e-06	-1,193285869e-06	-1,193285869e-06	-1,193285869e-06	-1,193285869e-06
154800	-3,95415506948e-07	-3,95415506948e-07	-3,95415506948e-07	-3,95415506948e-07	-4,00299425771e-07	-4,00299425771e-07	-4,00299425771e-07	-4,2271832548e-07	-4,2271832548e-07	-4,2271832548e-07	-4,2271832548e-07	-4,2271832548e-07	-4,2271832548e-07	-4,3220972771e-07	-4,3220972771e-07	-4,3220972771e-07	-4,3220972771e-07
155700	2,56450385707e-07	2,56450385707e-07	2,56450385707e-07	2,56450385707e-07	2,59733873882e-07	2,59733873882e-07	2,59733873882e-07	2,73577265232e-07	2,73577265232e-07	2,73577265232e-07	2,73577265232e-07	2,73577265232e-07	2,73577265232e-07	2,76180927343e-07	2,76180927343e-07	2,76180927343e-07	2,76180927343e-07
156600	1,05478053295e-06	1,05478053295e-06	1,05478053295e-06	1,05478053295e-06	1,07432390801e-06	1,07432390801e-06	1,07432390801e-06	1,0950208984e-06	1,0950208984e-06	1,0950208984e-06	1,0950208984e-06	1,0950208984e-06	1,0950208984e-06	1,09932062488e-06	1,09932062488e-06	1,09932062488e-06	1,09932062488e-06
157500	-1,28780745651e-06	-1,28780745651e-06	-1,28780745651e-06	-1,28780745651e-06	-1,3142361148e-06	-1,3142361148e-06	-1,3142361148e-06	-1,32411187622e-06	-1,32411187622e-06	-1,32411187622e-06	-1,32411187622e-06	-1,32411187622e-06	-1,32411187622e-06	-1,31165010944e-06	-1,31165010944e-06	-1,31165010944e-06	-1,31165010944e-06
158400	8,8898259681e-07	8,8898259681e-07	8,8898259681e-07	8,8898259681e-07	9,03779510006e-07	9,03779510006e-07	9,03779510006e-07	9,31273766718e-07	9,31273766718e-07	9,31273766718e-07	9,31273766718e-07	9,31273766718e-07	9,31273766718e-07	9,40350916035e-07	9,40350916035e-07	9,40350916035e-07	9,40350916035e-07
159300	5,8063469221e-07	5,8063469221e-07	5,8063469221e-07	5,8063469221e-07	5,89624363629e-07	5,89624363629e-07	5,89624363629e-07	6,11628335819e-07	6,11628335819e-07	6,11628335819e-07	6,11628335819e-07	6,11628335819e-07	6,11628335819e-07	6,12937871061e-07	6,12937871061e-07	6,12937871061e-07	6,12937871061e-07
160200	2,70969969282e-06	2,70969969282e-06	2,70969969282e-06	2,70969969282e-06	2,75668660375e-06	2,75668660375e-06	2,75668660375e-06	2,82911093656e-06	2,82911093656e-06	2,82911093656e-06	2,82911093656e-06	2,82911093656e-06	2,82911093656e-06	2,84169279689e-06	2,84169279689e-06	2,84169279689e-06	2,84169279689e-06
161100	-2,00397038955e-07	-2,00397038955e-07	-2,00397038955e-07	-2,00397038955e-07	-2,0209220267e-07	-2,0209220267e-07	-2,0209220267e-07	-2,18127659108e-07	-2,18127659108e-07	-2,18127659108e-07	-2,18127659108e-07	-2,18127659108e-07	-2,18127659108e-07	-2,22631321925e-07	-2,22631321925e-07	-2,22631321925e-07	-2,22631321925e-07
162000	7,8407455794e-07	7,8407455794e-07	7,8407455794e-07	7,8407455794e-07	7,97842019883e-07	7,97842019883e-07	7,97842019883e-07	8,17767986539e-07	8,17767986539e-07	8,17767986539e-07	8,17767986539e-07	8,17767986539e-07	8,17767986539e-07	8,24189852951e-07	8,24189852951e-07	8,24189852951e-07	8,24189852951e-07
162900	-3,43839081399e-07	-3,43839081399e-07	-3,43839081399e-07	-3,43839081399e-07	-3,492894568e-07	-3,492894568e-07	-3,492894568e-07	-3,61551704569e-07	-3,61551704569e-07	-3,61551704569e-07	-3,61551704569e-07	-3,61551704569e-07	-3,61551704569e-07	-3,64326298139e-07	-3,64326298139e-07	-3,64326298139e-07	-3,64326298139e-07
163800	2,30384765933e-07	2,30384765933e-07	2,30384765933e-07	2,30384765933e-07	2,32694088408e-07	2,32694088408e-07	2,32694088408e-07	2,48964779699e-07	2,48964779699e-07	2,48964779699e-07	2,48964779699e-07	2,48964779699e-07	2,48964779699e-07	2,50924728399e-07	2,50924728399e-07	2,50924728399e-07	2,50924728399e-07
164700	1,1155898477e-06	1,1155898477e-06	1,1155898477e-06	1,1155898477e-06	1,13364511032e-06	1,13364511032e-06	1,13364511032e-06	1,17118559572e-06	1,17118559572e-06	1,17118559572e-06	1,17118559572e-06	1,17118559572e-06	1,17118559572e-06	1,18235508299e-06	1,18235508299e-06	1,18235508299e-06	1,18235508299e-06
165600	2,21257652784e-07	2,21257652784e-07	2,21257652784e-07	2,21257652784e-07	2,25019599824e-07	2,25019599824e-07	2,25019599824e-07	2,31378382783e-07	2,31378382783e-07	2,31378382783e-07	2,31378382783e-07	2,31378382783e-07	2,31378382783e-07	2,33430984995e-07	2,33430984995e-07	2,33430984995e-07	2,33430984995e-07
166500	-4,81419425793e-08	-4,81419425793e-08	-4,81419425793e-08	-4,81419425793e-08	-4,82360586076e-08	-4,82360586076e-08	-4,82360586076e-08	-5,39662251108e-08	-5,39662251108e-08	-5,39662251108e-08	-5,39662251108e-08	-5,39662251108e-08	-5,39662251108e-08	-5,47258338582e-08	-5,47258338582e-08	-5,47258338582e-08	-5,47258338582e-08
167400	7,93992794908e-07	7,93992794908e-07	7,93992794908e-07	7,93992794908e-07	8,07442842914e-07	8,07442842914e-07	8,07442842914e-07	8,30556035393e-07	8,30556035393e-07	8,30556035393e-07	8,30556035393e-07	8,30556035393e-07	8,30556035393e-07	8,34049095926e-07	8,34049095926e-07	8,34049095926e-07	8,34049095926e-07
168300	8,21058470576e-07	8,21058470576e-07	8,21058470576e-07	8,21058470576e-07	8,3509995365e-07	8,3509995365e-07	8,3509995365e-07	8,58197895219e-07	8,58197895219e-07	8,58197895219e-07	8,58197895219e-07	8,58197895219e-07	8,58197895219e-07	8,63825814552e-07	8,63825814552e-07	8,63825814552e-07	8,63825814552e-07
169200	-3,42417481087e-07	-3,42417481087e-07	-3,42417481087e-07	-3,42417481087e-07	-3,49023956842e-07	-3,49023956842e-07	-3,49023956842e-07	-3,5415434236e-07	-3,5415434236e-07	-3,5415434236e-07	-3,5415434236e-07	-3,5415434236e-07	-3,5415434236e-07	-3,53640204267e-07	-3,53640204267e-07	-3,53640204267e-07	-3,53640204267e-07
170100	5,74283648809e-08	5,74283648809e-08	5,74283648809e-08	5,74283648809e-08	5,82218101176e-08	5,82218101176e-08	5,82218101176e-08	6,09695837596e-08	6,09695837596e-08	6,09695837596e-08	6,09695837596e-08	6,09695837596e-08	6,09695837596e-08	6,16621800455e-08	6,16621800455e-08	6,16621800455e-08	6,16621800455e-08
171000	1,2977397675e-06	1,2977397675e-06	1,2977397675e-06	1,2977397675e-06	1,32124723442e-06	1,32124723442e-06	1,32124723442e-06	1,34986088159e-06	1,34986088159e-06	1,34986088159e-06	1,34986088159e-06	1,34986088159e-06	1,34986088159e-06	1,35570338721e-06	1,35570338721e-06	1,35570338721e-06	1,35570338721e-06
171900	-1,62826607454e-08	-1,62826607454e-08	-1,62826607454e-08	-1,62826607454e-08	-1,57091033331e-08	-1,57091033331e-08	-1,57091033331e-08	-2,12792000642e-08	-2,12792000642e-08	-2,12792000642e-08	-2,12792000642e-08	-2,12792000642e-08	-2,12792000642e-08	-2,27029737606e-08	-2,27029737606e-08	-2,27029737606e-08	-2,27029737606e-08
172800	1,03890512472e-07	1,03890512472e-07	1,03890512472e-07	1,03890512472e-07	1,053872299e-07	1,053872299e-07	1,053872299e-07	1,09988878084e-07	1,09988878084e-07	1,09988878084e-07	1,09988878084e-07	1,09988878084e-07	1,09988878084e-07	1,09752334053e-07	1,09752334053e-07	1,09752334053e-07	1,09752334053e-07
173700	9,65000381636e-07	9,65000381636e-07	9,65000381636e-07	9,65000381636e-07	9,81078566158e-07	9,81078566158e-07	9,81078566158e-07	1,01075952804e-06	1,01075952804e-06	1,01075952804e-06	1,01075952804e-06	1,01075952804e-06	1,01075952804e-06	1,01589451218e-06	1,01589451218e-06	1,01589451218e-06	1,01589451218e-06
174600	-5,73190992741e-07	-5,73190992741e-07	-5,73190992741e-07	-5,73190992741e-07	-5,82903959649e-07	-5,82903959649e-07	-5,82903959649e-07	-5,99559423059e-07	-5,99559423059e-07	-5,99559423059e-07	-5,99559423059e-07	-5,99559423059e-07	-5,99559423059e-07	-6,01898323417e-07	-6,01898323417e-07	-6,01898323417e-07	-6,01898323417e-07
175500	1,30144106102e-06	1,30144106102e-06	1,30144106102e-06	1,30144106102e-06	1,32381414061e-06	1,32381414061e-06	1,32381414061e-06	1,35969940917e-06	1,35969940917e-06	1,35969940917e-06	1,35969940917e-06	1,35969940917e-06	1,35969940917e-06	1,36983650794e-06	1,36983650794e-06	1,36983650794e-06	1,36983650794e-06
176400	7,17593774075e-07	7,17593774075e-07	7,17593774075e-07	7,17593774075e-07	7,28425981474e-07	7,28425981474e-07	7,28425981474e-07	7,57232152666e-07	7,57232152666e-07	7,57232152666e-07	7,57232152666e-07	7,57232152666e-07	7,57232152666e-07	7,6427995881e-07	7,6427995881e-07	7,6427995881e-07	7,6427995881e-07
177300	5,35428894504e-08	5,35428894504e-08	5,35428894504e-08	5,35428894504e-08	5,6218300263e-08	5,6218300263e-08	5,6218300263e-08	4,71645291567e-08	4,71645291567e-08	4,71645291567e-08	4,71645291567e-08	4,71645291567e-08	4,71645291567e-08	4,52350475887e-08	4,52350475887e-08	4,52350475887e-08	4,52350475887e-08
178200	3,53732299028e-07	3,53732299028e-07	3,53732299028e-07	3,53732299028e-07	3,59151088753e-07	3,59151088753e-07	3,59151088753e-07	3,72874885754e-07	3,72874885754e-07	3,72874885754e-07	3,72874885754e-07	3,72874885754e-07	3,72874885754e-07	3,74106341369e-07	3,74106341369e-07	3,74106341369e-07	3,74106341369e-07
179100	-6,9795943718e-07	-6,9795943718e-07	-6,9795943718e-07	-6,9795943718e-07	-7,09733055087e-07	-7,09733055087e-07	-7,09733055087e-07	-7,30325877258e-07	-7,30325877258e-07	-7,30325877258e-07	-7,30325877258e-07	-7,30325877258e-07	-7,30325877258e-07	-7,34585462225e-07	-7,34585462225e-07	-7,34585462225e-07	-7,34585462225e-07
180000	8,21417155096e-07	8,21417155096e-07	8,21417155096e-07	8,21417155096e-07	8,35242265237e-07	8,35242265237e-07	8,35242265237e-07	8,59658608752e-07	8,59658608752e-07	8,59658608752e-07	8,59658608752e-07	8,59658608752e-07	8,59658608752e-07	8,65117333061e-07	8,65117333061e-07	8,65117333061e-07	8,65117333061e-07
180900	6,44138264443e-07	6,44138264443e-07	6,44138264443e-07	6,44138264443e-07	6,54313863898e-07	6,54313863898e-07	6,54313863898e-07	6,77451914068e-07	6,77451914068e-07	6,77451914068e-07	6,77451914068e-07	6,77451914068e-07	6,77451914068e-07	6,84799898699e-07	6,84799898699e-07	6,84799898699e-07	6,84799898699e-07
181800	1,05631598027e-07	1,05631598027e-07	1,05631598027e-07	1,05631598027e-07	1,07301507543e-07	1,07301507543e-07	1,07301507543e-07	1,11088465334e-07	1,11088465334e-07	1,11088465334e-07	1,11088465334e-07	1,11088465334e-07	1,11088465334e-07	1,10790690107e-07	1,10790690107e-07	1,10790690107e-07	1,10790690107e-07
182700	1,47872550254e-09	1,47872550254e-09	1,47872550254e-09	1,47872550254e-09	2,28489370693e-09	2,28489370693e-09	2,28489370693e-09	-2,35886488023e-09	-2,35886488023e-09	-2,35886488023e-09	-2,35886488023e-09	-2,35886488023e-09	-2,35886488023e-09	-3,82166423547e-09	-3,82166423547e-09	-3,82166423547e-09	-3,82166423547e-09
183600	-8,93401445076e-08	-8,93401445076e-08	-8,93401445076e-08	-8,93401445076e-08	-9,11822131356e-08	-9,11822131356e-08	-9,11822131356e-08	-9,18069175057e-08	-9,18069175057e-08	-9,18069175057e-08	-9,18069175057e-08	-9,18069175057e-08	-9,18069175057e-08	-9,28225398051e-08	-9,28225398051e-08	-9,28225398051e-08	-9,28225398051e-08
184500	2,91759374588e-07	2,91759374588e-07	2,91759374588e-07	2,91759374588e-07	2,97071519944e-07	2,97071519944e-07	2,97071519944e-07	3,03332108861e-07	3,03332108861e-07	3,03332108861e-07	3,03332108861e-07	3,03332108861e-07	3,03332108861e-07	3,04976868931e-07	3,04976868931e-07	3,04976868931e-07	3,04976868931e-07
185400	-3,60306555268e-07	-3,60306555268e-07	-3,60306555268e-07	-3,60306555268e-07	-3,66974498355e-07	-3,66974498355e-07	-3,66974498355e-07	-3,74060577104e-07	-3,74060577104e-07	-3,74060577104e-07	-3,74060577104e-07	-3,74060577104e-07	-3,74060577104e-07	-3,73564519316e-07	-3,73564519316e-07	-3,73564519316e-07	-3,73564519316e-07
186300	6,44711970799e-07	6,44711970799e-07	6,44711970799e-07	6,44711970799e-07	6,55718937452e-07	6,55718937452e-07	6,55718937452e-07	6,73940662542e-07	6,73940662542e-07	6,73940662542e-07	6,73940662542e-07	6,73940662542e-07	6,73940662542e-07	6,7646835084e-07	6,7646835084e-07	6,7646835084e-07	6,7646835084e-07
187200	-2,38492818089e-07	-2,38492818089e-07	-2,38492818089e-07	-2,38492818089e-07	-2,42493310548e-07	-2,42493310548e-07	-2,42493310548e-07	-2,4966170534e-07	-2,4966170534e-07	-2,4966170534e-07	-2,4966170534e-07	-2,4966170534e-07	-2,4966170534e-07	-2,5142593919e-07	-2,5142593919e-07	-2,5142593919e-07	-2,5142593919e-07
188100	1,1230288013e-07	1,1230288013e-07	1,1230288013e-07	1,1230288013e-07	1,14346012057e-07	1,14346012057e-07	1,14346012057e-07	1,16765260474e-07	1,16765260474e-07	1,16765260474e-07	1,16765260474e-07	1,16765260474e-07	1,16765260474e-07	1,1737898452e-07	1,1737898452e-07	1,1737898452e-07	1,1737898452e-07
189000	-2,41649998872e-08	-2,41649998872e-08	-2,41649998872e-08	-2,41649998872e-08	-2,44292357698e-08	-2,44292357698e-08	-2,44292357698e-08	-2,60022070119e-08	-2,60022070119e-08	-2,60022070119e-08	-2,60022070119e-08	-2,60022070119e-08	-2,60022070119e-08	-2,51631677095e-08	-2,51631677095e-08	-2,51631677095e-08	-2,51631677095e-08
189900	8,7495518529e-08	8,7495518529e-08	8,7495518529e-08	8,7495518529e-08	8,90847993628e-08	8,90847993628e-08	8,90847993628e-08	9,09847759432e-08	9,09847759432e-08	9,09847759432e-08	9,09847759432e-08	9,09847759432e-08	9,09847759432e-08	9,0787533072e-08	9,0787533072e-08	9,0787533072e-08	9,0787533072e-08
190800	5,4023973989e-09	5,4023973989e-09	5,4023973989e-09	5,4023973989e-09	5,08076963079e-09	5,08076963079e-09	5,08076963079e-09	7,71664009366e-09	7,71664009366e-09	7,71664009366e-09	7,71664009366e-09	7,71664009366e-09	7,71664009366e-09	8,13380045029e-09	8,13380045029e-09	8,13380045029e-09	8,13380045029e-09
191700	-3,61520969896e-07	-3,61520969896e-07	-3,61520969896e-07	-3,61520969896e-07	-3,67964813862e-07	-3,67964813862e-07	-3,67964813862e-07	-3,76553567263e-07	-3,76553567263e-07	-3,76553567263e-07	-3,76553567263e-07	-3,76553567263e-07	-3,76553567263e-07	-3,78197135529e-07	-3,78197135529e-07	-3,78197135529e-07	-3,78197135529e-07
192600	-4,0404394974e-07	-4,0404394974e-07	-4,0404394974e-07	-4,0404394974e-07	-4,10618989982e-07	-4,10618989982e-07	-4,10618989982e-07	-4,23979774891e-07	-4,23979774891e-07	-4,23979774891e-07	-4,23979774891e-07	-4,23979774891e-07	-4,23979774891e-07	-4,28909857676e-07	-4,28909857676e-07	-4,28909857676e-07	-4,28909857676e-07
193500	4,23496981171e-07	4,23496981171e-07	4,23496981171e-07	4,23496981171e-07	4,30743593098e-07	4,30743593098e-07	4,30743593098e-07	4,42616122836e-07	4,42616122836e-07	4,42616122836e-07	4,42616122836e-07	4,42616122836e-07	4,42616122836e-07	4,47379536693e-07	4,47379536693e-07	4,47379536693e-07	4,47379536693e-07
194400	-2,45366989249e-07	-2,45366989249e-07	-2,45366989249e-07	-2,45366989249e-07	-2,49338825542e-07	-2,49338825542e-07	-2,49338825542e-07	-2,57578429561e-07	-2,57578429561e-07	-2,57578429561e-07	-2,57578429561e-07	-2,57578429561e-07	-2,57578429561e-07	-2,59339328411e-07	-2,59339328411e-07	-2,59339328411e-07	-2,59339328411e-07
195300	-2,21534987654e-07	-2,21534987654e-07	-2,21534987654e-07	-2,21534987654e-07	-2,25866981843e-07	-2,25866981843e-07	-2,25866981843e-07	-2,28831053791e-07	-2,28831053791e-07	-2,28831053791e-07	-2,28831053791e-07	-2,28831053791e-07	-2,28831053791e-07	-2,29736097862e-07	-2,29736097862e-07	-2,29736097862e-07	-2,29736097862e-07
196200	-3,48066967117e-07	-3,48066967117e-07	-3,48066967117e-07	-3,48066967117e-07	-3,53797336108e-07	-3,53797336108e-07	-3,53797336108e-07	-3,64910708509e-07	-3,64910708509e-07	-3,64910708509e-07	-3,64910708509e-07	-3,64910708509e-07	-3,64910708509e-07	-3,68104125315e-07	-3,68104125315e-07	-3,68104125315e-07	-3,68104125315e-07
197100	-2,19110274221e-07	-2,19110274221e-07	-2,19110274221e-07	-2,19110274221e-07	-2,2284939053e-07	-2,2284939053e-07	-2,2284939053e-07	-2,2905482313e-07	-2,2905482313e-07	-2,2905482313e-07	-2,2905482313e-07	-2,2905482313e-07	-2,2905482313e-07	-2,30716471057e-07	-2,30716471057e-07	-2,30716471057e-07	-2,30716471057e-07
198000	-1,66912564855e-07	-1,66912564855e-07	-1,66912564855e-07	-1,66912564855e-07	-1,69659012296e-07	-1,69659012296e-07	-1,69659012296e-07	-1,74997870053e-07	-1,74997870053e-07	-1,74997870053e-07	-1,74997870053e-07	-1,74997870053e-07	-1,74997870053e-07	-1,74633156321e-07	-1,74633156321e-07	-1,74633156321e-07	-1,74633156321e-07
198900	-1,31551541196e-07	-1,31551541196e-07	-1,31551541196e-07	-1,31551541196e-07	-1,33236797338e-07	-1,33236797338e-07	-1,33236797338e-07	-1,40320838482e-07	-1,40320838482e-07	-1,40320838482e-07	-1,40320838482e-07	-1,40320838482e-07	-1,40320838482e-07	-1,40979830562e-07	-1,40979830562e-07	-1,40979830562e-07	-1,40979830562e-07
199800	-1,63821612004e-07	-1,63821612004e-07	-1,63821612004e-07	-1,63821612004e-07	-1,66319982893e-07	-1,66319982893e-07	-1,66319982893e-07	-1,72743673925e-07	-1,72743673925e-07	-1,72743673925e-07	-1,72743673925e-07	-1,72743673925e-07	-1,72743673925e-07	-1,78264551401e-07	-1,78264551401e-07	-1,78264551401e-07	-1,78264551401e-07
200700	-1,28889194866e-06	-1,28889194866e-06	-1,28889194866e-06	-1,28889194866e-06	-1,31070542748e-06	-1,31070542748e-06	-1,31070542748e-06	-1,34831515424e-06	-1,34831515424e-06	-1,34831515424e-06	-1,34831515424e-06	-1,34831515424e-06	-1,34831515424e-06	-1,35875082949e-06	-1,35875082949e-06	-1,35875082949e-06	-1,35875082949e-06
201600	-2,20787456563e-06	-2,20787456563e-06	-2,20787456563e-06	-2,20787456563e-06	-2,24824019459e-06	-2,24824019459e-06	-2,24824019459e-06	-2,29471017805e-06	-2,29471017805e-06	-2,29471017805e-06	-2,29471017805e-06	-2,29471017805e-06	-2,29471017805e-06	-2,3018003654e-06	-2,3018003654e-06	-2,3018003654e-06	-2,3018003654e-06
202500	1,0832267434e-06	1,0832267434e-06	1,0832267434e-06	1,0832267434e-06	1,10424574376e-06	1,10424574376e-06	1,10424574376e-06	1,11974636529e-06	1,11974636529e-06	1,11974636529e-06	1,11974636529e-06	1,11974636529e-06	1,11974636529e-06	1,11968896616e-06	1,11968896616e-06	1,11968896616e-06	1,11968896616e-06
203400	-2,67209917771e-06	-2,67209917771e-06	-2,67209917771e-06	-2,67209917771e-06	-2,71833856769e-06	-2,71833856769e-06	-2,71833856769e-06	-2,79029443156e-06	-2,79029443156e-06	-2,79029443156e-06	-2,79029443156e-06	-2,79029443156e-06	-2,79029443156e-06	-2,80324926163e-06	-2,80324926163e-06	-2,80324926163e-06	-2,80324926163e-06
204300	-5,95660860675e-07	-5,95660860675e-07	-5,95660860675e-07	-5,95660860675e-07	-6,03731226313e-07	-6,03731226313e-07	-6,03731226313e-07	-6,33198165285e-07	-6,33198165285e-07	-6,33198165285e-07	-6,33198165285e-07	-6,33198165285e-07	-6,33198165285e-07	-6,40842699748e-07	-6,40842699748e-07	-6,40842699748e-07	-6,40842699748e-07
205200	-2,97529573316e-06	-2,97529573316e-06	-2,97529573316e-06	-2,97529573316e-06	-3,02600056522e-06	-3,02600056522e-06	-3,02600056522e-06	-3,11089644533e-06	-3,11089644533e-06	-3,11089644533e-06	-3,11089644533e-06	-3,11089644533e-06	-3,11089644533e-06	-3,12794087221e-06	-3,12794087221e-06	-3,12794087221e-06	-3,12794087221e-06
206100	1,11615549789e-07	1,11615549789e-07	1,11615549789e-07	1,11615549789e-07	1,0848361658e-07	1,0848361658e-07	1,0848361658e-07	1,41873631625e-07	1,41873631625e-07	1,41873631625e-07	1,41873631625e-07	1,41873631625e-07	1,41873631625e-07	1,4232032773e-07	1,4232032773e-07	1,4232032773e-07	1,4232032773e-07
207000	5,80573214109e-06	5,80573214109e-06	5,80573214109e-06	5,80573214109e-06	5,90736529387e-06	5,90736529387e-06	5,90736529387e-06	6,02588562216e-06	6,02588562216e-06	6,02588562216e-06	6,02588562216e-06	6,02588562216e-06	6,02588562216e-06	6,05569451423e-06	6,05569451423e-06	6,05569451423e-06	6,05569451423e-06
207900	-1,71001390565e-07	-1,71001390565e-07	-1,71001390565e-07	-1,71001390565e-07	-1,80683925257e-07	-1,80683925257e-07	-1,80683925257e-07	-1,63454392273e-07	-1,63454392273e-07	-1,63454392273e-07	-1,63454392273e-07	-1,63454392273e-07	-1,63454392273e-07	-1,62384381809e-07	-1,62384381809e-07	-1,62384381809e-07	-1,62384381809e-07
208800	8,12665881366e-06	8,12665881366e-06	8,12665881366e-06	8,12665881366e-06	8,26420711717e-06	8,26420711717e-06	8,26420711717e-06	8,45965925883e-06	8,45965925883e-06	8,45965925883e-06	8,45965925883e-06	8,45965925883e-06	8,45965925883e-06	8,50361115243e-06	8,50361115243e-06	8,50361115243e-06	8,50361115243e-06
209700	6,74032760682e-06	6,74032760682e-06	6,74032760682e-06	6,74032760682e-06	6,84299486213e-06	6,84299486213e-06	6,84299486213e-06	7,04411300309e-06	7,04411300309e-06	7,04411300309e-06	7,04411300309e-06	7,04411300309e-06	7,04411300309e-06	7,10426963483e-06	7,10426963483e-06	7,10426963483e-06	7,10426963483e-06
210600	-6,95150770665e-06	-6,95150770665e-06	-6,95150770665e-06	-6,95150770665e-06	-7,05744018212e-06	-7,05744018212e-06	-7,05744018212e-06	-7,27008122266e-06	-7,27008122266e-06	-7,27008122266e-06	-7,27008122266e-06	-7,27008122266e-06	-7,27008122266e-06	-7,3227619673e-06	-7,3227619673e-06	-7,3227619673e-06	-7,3227619673e-06
211500	1,43035503994e-05	1,43035503994e-05	1,43035503994e-05	1,43035503994e-05	1,45292492153e-05	1,45292492153e-05	1,45292492153e-05	1,49564203889e-05	1,49564203889e-05	1,49564203889e-05	1,49564203889e-05	1,49564203889e-05	1,49564203889e-05	1,50581444183e-05	1,50581444183e-05	1,50581444183e-05	1,50581444183e-05
212400	-1,14880649272e-05	-1,14880649272e-05	-1,14880649272e-05	-1,14880649272e-05	-1,16733226128e-05	-1,16733226128e-05	-1,16733226128e-05	-1,19884160238e-05	-1,19884160238e-05	-1,19884160238e-05	-1,19884160238e-05	-1,19884160238e-05	-1,19884160238e-05	-1,20692489589e-05	-1,20692489589e-05	-1,20692489589e-05	-1,20692489589e-05
213300	1,07634289293e-05	1,07634289293e-05	1,07634289293e-05	1,07634289293e-05	1,09449428808e-05	1,09449428808e-05	1,09449428808e-05	1,12077187919e-05	1,12077187919e-05	1,12077187919e-05	1,12077187919e-05	1,12077187919e-05	1,12077187919e-05	1,12673531368e-05	1,12673531368e-05	1,12673531368e-05	1,12673531368e-05
214200	7,20749643257e-06	7,20749643257e-06	7,20749643257e-06	7,20749643257e-06	7,32542797089e-06	7,32542797089e-06	7,32542797089e-06	7,50498955851e-06	7,50498955851e-06	7,50498955851e-06	7,50498955851e-06	7,50498955851e-06	7,50498955851e-06	7,54058838678e-06	7,54058838678e-06	7,54058838678e-06	7,54058838678e-06
215100	-1,41513992359e-05	-1,41513992359e-05	-1,41513992359e-05	-1,41513992359e-05	-1,43884634288e-05	-1,43884634288e-05	-1,43884634288e-05	-1,47508529822e-05	-1,47508529822e-05	-1,47508529822e-05	-1,47508529822e-05	-1,47508529822e-05	-1,47508529822e-05	-1,48365676622e-05	-1,48365676622e-05	-1,48365676622e-05	-1,48365676622e-05
216000	9,65846297723e-06	9,65846297723e-06	9,65846297723e-06	9,65846297723e-06	9,82568866081e-06	9,82568866081e-06	9,82568866081e-06	1,00429060356e-05	1,00429060356e-05	1,00429060356e-05	1,00429060356e-05	1,00429060356e-05	1,00429060356e-05	1,00876822759e-05	1,00876822759e-05	1,00876822759e-05	1,00876822759e-05
216900	7,82824395551e-06	7,82824395551e-06	7,82824395551e-06	7,82824395551e-06	7,95386104236e-06	7,95386104236e-06	7,95386104236e-06	8,15970233473e-06	8,15970233473e-06	8,15970233473e-06	8,15970233473e-06	8,15970233473e-06	8,15970233473e-06	8,21325440819e-06	8,21325440819e-06	8,21325440819e-06	8,21325440819e-06
217800	-1,84263165012e-05	-1,84263165012e-05	-1,84263165012e-05	-1,84263165012e-05	-1,87301696957e-05	-1,87301696957e-05	-1,87301696957e-05	-1,91965176373e-05	-1,91965176373e-05	-1,91965176373e-05	-1,91965176373e-05	-1,91965176373e-05	-1,91965176373e-05	-1,9288248334e-05	-1,9288248334e-05	-1,9288248334e-05	-1,9288248334e-05
218700	8,82497556071e-06	8,82497556071e-06	8,82497556071e-06	8,82497556071e-06	8,96665901829e-06	8,96665901829e-06	8,96665901829e-06	9,21833090638e-06	9,21833090638e-06	9,21833090638e-06	9,21833090638e-06	9,21833090638e-06	9,21833090638e-06	9,26505505576e-06	9,26505505576e-06	9,26505505576e-06	9,26505505576e-06
219600	1,31376259876e-05	1,31376259876e-05	1,31376259876e-05	1,31376259876e-05	1,33546631195e-05	1,33546631195e-05	1,33546631195e-05	1,3670281473e-05	1,3670281473e-05	1,3670281473e-05	1,3670281473e-05	1,3670281473e-05	1,3670281473e-05	1,37352795008e-05	1,37352795008e-05	1,37352795008e-05	1,37352795008e-05
220500	7,42463392796e-06	7,42463392796e-06	7,42463392796e-06	7,42463392796e-06	7,53657600612e-06	7,53657600612e-06	7,53657600612e-06	7,77818518944e-06	7,77818518944e-06	7,77818518944e-06	7,77818518944e-06	7,77818518944e-06	7,77818518944e-06	7,83645859906e-06	7,83645859906e-06	7,83645859906e-06	7,83645859906e-06
221400	4,65830610484e-06	4,65830610484e-06	4,65830610484e-06	4,65830610484e-06	4,73649093877e-06	4,73649093877e-06	4,73649093877e-06	4,85712622563e-06	4,85712622563e-06	4,85712622563e-06	4,85712622563e-06	4,85712622563e-06	4,85712622563e-06	4,88554612864e-06	4,88554612864e-06	4,88554612864e-06	4,88554612864e-06
222300	-3,30411083976e-05	-3,30411083976e-05	-3,30411083976e-05	-3,30411083976e-05	-3,35818923427e-05	-3,35818923427e-05	-3,35818923427e-05	-3,44382375341e-05	-3,44382375341e-05	-3,44382375341e-05	-3,44382375341e-05	-3,44382375341e-05	-3,44382375341e-05	-3,4631056566e-05	-3,4631056566e-05	-3,4631056566e-05	-3,4631056566e-05
223200	-1,40940199877e-05	-1,40940199877e-05	-1,40940199877e-05	-1,40940199877e-05	-1,43251575865e-05	-1,43251575865e-05	-1,43251575865e-05	-1,47015094909e-05	-1,47015094909e-05	-1,47015094909e-05	-1,47015094909e-05	-1,47015094909e-05	-1,47015094909e-05	-1,47909847823e-05	-1,47909847823e-05	-1,47909847823e-05	-1,47909847823e-05
224100	1,13453551632e-05	1,13453551632e-05	1,13453551632e-05	1,13453551632e-05	1,15343916057e-05	1,15343916057e-05	1,15343916057e-05	1,18082089734e-05	1,18082089734e-05	1,18082089734e-05	1,18082089734e-05	1,18082089734e-05	1,18082089734e-05	1,18876694394e-05	1,18876694394e-05	1,18876694394e-05	1,18876694394e-05
225000	1,03101488274e-06	1,03101488274e-06	1,03101488274e-06	1,03101488274e-06	1,05589095799e-06	1,05589095799e-06	1,05589095799e-06	1,04833030064e-06	1,04833030064e-06	1,04833030064e-06	1,04833030064e-06	1,04833030064e-06	1,04833030064e-06	1,03326874954e-06	1,03326874954e-06	1,03326874954e-06	1,03326874954e-06
225900	-4,32931246797e-06	-4,32931246797e-06	-4,32931246797e-06	-4,32931246797e-06	-4,40158668802e-06	-4,40158668802e-06	-4,40158668802e-06	-4,49537185723e-06	-4,49537185723e-06	-4,49537185723e-06	-4,49537185723e-06	-4,49537185723e-06	-4,49537185723e-06	-4,50485924034e-06	-4,50485924034e-06	-4,50485924034e-06	-4,50485924034e-06
226800	-9,18349178726e-06	-9,18349178726e-06	-9,18349178726e-06	-9,18349178726e-06	-9,33560143071e-06	-9,33560143071e-06	-9,33560143071e-06	-9,56044172118e-06	-9,56044172118e-06	-9,56044172118e-06	-9,56044172118e-06	-9,56044172118e-06	-9,56044172118e-06	-9,60860326313e-06	-9,60860326313e-06	-9,60860326313e-06	-9,60860326313e-06
227700	3,45970563727e-06	3,45970563727e-06	3,45970563727e-06	3,45970563727e-06	3,51535509583e-06	3,51535509583e-06	3,51535509583e-06	3,62242681571e-06	3,62242681571e-06	3,62242681571e-06	3,62242681571e-06	3,62242681571e-06	3,62242681571e-06	3,64680787943e-06	3,64680787943e-06	3,64680787943e-06	3,64680787943e-06
228600	-1,00571382225e-06	-1,00571382225e-06	-1,00571382225e-06	-1,00571382225e-06	-1,01907657392e-06	-1,01907657392e-06	-1,01907657392e-06	-1,06127339192e-06	-1,06127339192e-06	-1,06127339192e-06	-1,06127339192e-06	-1,06127339192e-06	-1,06127339192e-06	-1,07591350904e-06	-1,07591350904e-06	-1,07591350904e-06	-1,07591350904e-06
229500	-3,51541099504e-06	-3,51541099504e-06	-3,51541099504e-06	-3,51541099504e-06	-3,57285617459e-06	-3,57285617459e-06	-3,57285617459e-06	-3,6705630904e-06	-3,6705630904e-06	-3,6705630904e-06	-3,6705630904e-06	-3,6705630904e-06	-3,6705630904e-06	-3,69515252048e-06	-3,69515252048e-06	-3,69515252048e-06	-3,69515252048e-06
230400	-3,11795074721e-06	-3,11795074721e-06	-3,11795074721e-06	-3,11795074721e-06	-3,17045268663e-06	-3,17045268663e-06	-3,17045268663e-06	-3,25355725595e-06	-3,25355725595e-06	-3,25355725595e-06	-3,25355725595e-06	-3,25355725595e-06	-3,25355725595e-06	-3,27613367169e-06	-3,27613367169e-06	-3,27613367169e-06	-3,27613367169e-06
231300	2,44170721068e-06	2,44170721068e-06	2,44170721068e-06	2,44170721068e-06	2,48411661608e-06	2,48411661608e-06	2,48411661608e-06	2,54893069588e-06	2,54893069588e-06	2,54893069588e-06	2,54893069588e-06	2,54893069588e-06	2,54893069588e-06	2,56348399739e-06	2,56348399739e-06	2,56348399739e-06	2,56348399739e-06
232200	-1,69884329582e-06	-1,69884329582e-06	-1,69884329582e-06	-1,69884329582e-06	-1,72760358377e-06	-1,72760358377e-06	-1,72760358377e-06	-1,7772014394e-06	-1,7772014394e-06	-1,7772014394e-06	-1,7772014394e-06	-1,7772014394e-06	-1,7772014394e-06	-1,78916173801e-06	-1,78916173801e-06	-1,78916173801e-06	-1,78916173801e-06
233100	-1,37466194711e-06	-1,37466194711e-06	-1,37466194711e-06	-1,37466194711e-06	-1,40090704113e-06	-1,40090704113e-06	-1,40090704113e-06	-1,42321610873e-06	-1,42321610873e-06	-1,42321610873e-06	-1,42321610873e-06	-1,42321610873e-06	-1,42321610873e-06	-1,42660469724e-06	-1,42660469724e-06	-1,42660469724e-06	-1,42660469724e-06
234000	2,07295023701e-06	2,07295023701e-06	2,07295023701e-06	2,07295023701e-06	2,10827010772e-06	2,10827010772e-06	2,10827010772e-06	2,16742083853e-06	2,16742083853e-06	2,16742083853e-06	2,16742083853e-06	2,16742083853e-06	2,16742083853e-06	2,17820863519e-06	2,17820863519e-06	2,17820863519e-06	2,17820863519e-06
234900	-1,77012755136e-06	-1,77012755136e-06	-1,77012755136e-06	-1,77012755136e-06	-1,80366318967e-06	-1,80366318967e-06	-1,80366318967e-06	-1,83394532978e-06	-1,83394532978e-06	-1,83394532978e-06	-1,83394532978e-06	-1,83394532978e-06	-1,83394532978e-06	-1,83930760545e-06	-1,83930760545e-06	-1,83930760545e-06	-1,83930760545e-06
235800	-9,48269267187e-07	-9,48269267187e-07	-9,48269267187e-07	-9,48269267187e-07	-9,65935183193e-07	-9,65935183193e-07	-9,65935183193e-07	-9,83960009104e-07	-9,83960009104e-07	-9,83960009104e-07	-9,83960009104e-07	-9,83960009104e-07	-9,83960009104e-07	-9,79526661435e-07	-9,79526661435e-07	-9,79526661435e-07	-9,79526661435e-07
236700	1,22107143638e-06	1,22107143638e-06	1,22107143638e-06	1,22107143638e-06	1,24420575141e-06	1,24420575141e-06	1,24420575141e-06	1,26508695803e-06	1,26508695803e-06	1,26508695803e-06	1,26508695803e-06	1,26508695803e-06	1,26508695803e-06	1,26384838999e-06	1,26384838999e-06	1,26384838999e-06	1,26384838999e-06
237600	2,05139393184e-07	2,05139393184e-07	2,05139393184e-07	2,05139393184e-07	2,09947856028e-07	2,09947856028e-07	2,09947856028e-07	2,07923877983e-07	2,07923877983e-07	2,07923877983e-07	2,07923877983e-07	2,07923877983e-07	2,07923877983e-07	2,06689248919e-07	2,06689248919e-07	2,06689248919e-07	2,06689248919e-07
238500	-6,90088607371e-07	-6,90088607371e-07	-6,90088607371e-07	-6,90088607371e-07	-7,04172110826e-07	-7,04172110826e-07	-7,04172110826e-07	-7,09920714e-07	-7,09920714e-07	-7,09920714e-07	-7,09920714e-07	-7,09920714e-07	-7,09920714e-07	-7,07534958193e-07	-7,07534958193e-07	-7,07534958193e-07	-7,07534958193e-07
239400	-1,34967600634e-06	-1,34967600634e-06	-1,34967600634e-06	-1,34967600634e-06	-1,37034228486e-06	-1,37034228486e-06	-1,37034228486e-06	-1,42287133042e-06	-1,42287133042e-06	-1,42287133042e-06	-1,42287133042e-06	-1,42287133042e-06	-1,42287133042e-06	-1,43786554874e-06	-1,43786554874e-06	-1,43786554874e-06	-1,43786554874e-06
240300	-1,03241492469e-06	-1,03241492469e-06	-1,03241492469e-06	-1,03241492469e-06	-1,0466634405e-06	-1,0466634405e-06	-1,0466634405e-06	-1,09621270344e-06	-1,09621270344e-06	-1,09621270344e-06	-1,09621270344e-06	-1,09621270344e-06	-1,09621270344e-06	-1,10670808133e-06	-1,10670808133e-06	-1,10670808133e-06	-1,10670808133e-06
241200	-3,63796670156e-07	-3,63796670156e-07	-3,63796670156e-07	-3,63796670156e-07	-3,70742447681e-07	-3,70742447681e-07	-3,70742447681e-07	-3,76653434981e-07	-3,76653434981e-07	-3,76653434981e-07	-3,76653434981e-07	-3,76653434981e-07	-3,76653434981e-07	-3,76685341921e-07	-3,76685341921e-07	-3,76685341921e-07	-3,76685341921e-07
242100	5,57716866893e-07	5,57716866893e-07	5,57716866893e-07	5,57716866893e-07	5,67947715344e-07	5,67947715344e-07	5,67947715344e-07	5,79510869044e-07	5,79510869044e-07	5,79510869044e-07	5,79510869044e-07	5,79510869044e-07	5,79510869044e-07	5,78574075247e-07	5,78574075247e-07	5,78574075247e-07	5,78574075247e-07
243000	-7,25224119734e-07	-7,25224119734e-07	-7,25224119734e-07	-7,25224119734e-07	-7,3781243047e-07	-7,3781243047e-07	-7,3781243047e-07	-7,57144746474e-07	-7,57144746474e-07	-7,57144746474e-07	-7,57144746474e-07	-7,57144746474e-07	-7,57144746474e-07	-7,55437375515e-07	-7,55437375515e-07	-7,55437375515e-07	-7,55437375515e-07
243900	-2,41343582385e-06	-2,41343582385e-06	-2,41343582385e-06	-2,41343582385e-06	-2,45517819423e-06	-2,45517819423e-06	-2,45517819423e-06	-2,52045824697e-06	-2,52045824697e-06	-2,52045824697e-06	-2,52045824697e-06	-2,52045824697e-06	-2,52045824697e-06	-2,53855348857e-06	-2,53855348857e-06	-2,53855348857e-06	-2,53855348857e-06
244800	1,01321585575e-06	1,01321585575e-06	1,01321585575e-06	1,01321585575e-06	1,02850510577e-06	1,02850510577e-06	1,02850510577e-06	1,06931439748e-06	1,06931439748e-06	1,06931439748e-06	1,06931439748e-06	1,06931439748e-06	1,06931439748e-06	1,08701186204e-06	1,08701186204e-06	1,08701186204e-06	1,08701186204e-06
245700	1,79331845547e-06	1,79331845547e-06	1,79331845547e-06	1,79331845547e-06	1,8178061468e-06	1,8178061468e-06	1,8178061468e-06	1,90544880223e-06	1,90544880223e-06	1,90544880223e-06	1,90544880223e-06	1,90544880223e-06	1,90544880223e-06	1,9188103696e-06	1,9188103696e-06	1,9188103696e-06	1,9188103696e-06
246600	2,67122647931e-06	2,67122647931e-06	2,67122647931e-06	2,67122647931e-06	2,71904293504e-06	2,71904293504e-06	2,71904293504e-06	2,78148518013e-06	2,78148518013e-06	2,78148518013e-06	2,78148518013e-06	2,78148518013e-06	2,78148518013e-06	2,79160108546e-06	2,79160108546e-06	2,79160108546e-06	2,79160108546e-06
247500	-7,08632862134e-07	-7,08632862134e-07	-7,08632862134e-07	-7,08632862134e-07	-7,2225014923e-07	-7,2225014923e-07	-7,2225014923e-07	-7,33224723194e-07	-7,33224723194e-07	-7,33224723194e-07	-7,33224723194e-07	-7,33224723194e-07	-7,33224723194e-07	-7,3592436949e-07	-7,3592436949e-07	-7,3592436949e-07	-7,3592436949e-07
248400	-1,67796275952e-07	-1,67796275952e-07	-1,67796275952e-07	-1,67796275952e-07	-1,69516300607e-07	-1,69516300607e-07	-1,69516300607e-07	-1,81141761025e-07	-1,81141761025e-07	-1,81141761025e-07	-1,81141761025e-07	-1,81141761025e-07	-1,81141761025e-07	-1,80083190078e-07	-1,80083190078e-07	-1,80083190078e-07	-1,80083190078e-07
249300	7,51894347232e-07	7,51894347232e-07	7,51894347232e-07	7,51894347232e-07	7,65443088163e-07	7,65443088163e-07	7,65443088163e-07	7,82483450848e-07	7,82483450848e-07	7,82483450848e-07	7,82483450848e-07	7,82483450848e-07	7,82483450848e-07	7,83573226533e-07	7,83573226533e-07	7,83573226533e-07	7,83573226533e-07
250200	4,66927841298e-07	4,66927841298e-07	4,66927841298e-07	4,66927841298e-07	4,75070189003e-07	4,75070189003e-07	4,75070189003e-07	4,87279304703e-07	4,87279304703e-07	4,87279304703e-07	4,87279304703e-07	4,87279304703e-07	4,87279304703e-07	4,90128516337e-07	4,90128516337e-07	4,90128516337e-07	4,90128516337e-07
251100	1,69461459871e-06	1,69461459871e-06	1,69461459871e-06	1,69461459871e-06	1,72904335273e-06	1,72904335273e-06	1,72904335273e-06	1,74406409606e-06	1,74406409606e-06	1,74406409606e-06	1,74406409606e-06	1,74406409606e-06	1,74406409606e-06	1,74474417882e-06	1,74474417882e-06	1,74474417882e-06	1,74474417882e-06
252000	1,21513060072e-06	1,21513060072e-06	1,21513060072e-06	1,21513060072e-06	1,23603470036e-06	1,23603470036e-06	1,23603470036e-06	1,26949202301e-06	1,26949202301e-06	1,26949202301e-06	1,26949202301e-06	1,26949202301e-06	1,26949202301e-06	1,28035146007e-06	1,28035146007e-06	1,28035146007e-06	1,28035146007e-06
252900	5,6251221356e-09	5,6251221356e-09	5,6251221356e-09	5,6251221356e-09	6,39008765794e-09	6,39008765794e-09	6,39008765794e-09	2,53573846565e-09	2,53573846565e-09	2,53573846565e-09	2,53573846565e-09	2,53573846565e-09	2,53573846565e-09	4,17338915546e-10	4,17338915546e-10	4,17338915546e-10	4,17338915546e-10
253800	-5,76020735925e-07	-5,76020735925e-07	-5,76020735925e-07	-5,76020735925e-07	-5,85854336187e-07	-5,85854336187e-07	-5,85854336187e-07	-6,02171806443e-07	-6,02171806443e-07	-6,02171806443e-07	-6,02171806443e-07	-6,02171806443e-07	-6,02171806443e-07	-6,09601816565e-07	-6,09601816565e-07	-6,09601816565e-07	-6,09601816565e-07
254700	-1,76286058117e-08	-1,76286058117e-08	-1,76286058117e-08	-1,76286058117e-08	-1,88255040698e-08	-1,88255040698e-08	-1,88255040698e-08	-1,39491107526e-08	-1,39491107526e-08	-1,39491107526e-08	-1,39491107526e-08	-1,39491107526e-08	-1,39491107526e-08	-1,18552991788e-08	-1,18552991788e-08	-1,18552991788e-08	-1,18552991788e-08
255600	1,22125431449e-06	1,22125431449e-06	1,22125431449e-06	1,22125431449e-06	1,24178476113e-06	1,24178476113e-06	1,24178476113e-06	1,27827849757e-06	1,27827849757e-06	1,27827849757e-06	1,27827849757e-06	1,27827849757e-06	1,27827849757e-06	1,28591499499e-06	1,28591499499e-06	1,28591499499e-06	1,28591499499e-06
256500	1,14783732633e-06	1,14783732633e-06	1,14783732633e-06	1,14783732633e-06	1,16652566395e-06	1,16652566395e-06	1,16652566395e-06	1,20446235305e-06	1,20446235305e-06	1,20446235305e-06	1,20446235305e-06	1,20446235305e-06	1,20446235305e-06	1,21706663162e-06	1,21706663162e-06	1,21706663162e-06	1,21706663162e-06
257400	2,63385547212e-08	2,63385547212e-08	2,63385547212e-08	2,63385547212e-08	2,78120783708e-08	2,78120783708e-08	2,78120783708e-08	2,2414327165e-08	2,2414327165e-08	2,2414327165e-08	2,2414327165e-08	2,2414327165e-08	2,2414327165e-08	2,08060082795e-08	2,08060082795e-08	2,08060082795e-08	2,08060082795e-08
258300	4,03566949325e-07	4,03566949325e-07	4,03566949325e-07	4,03566949325e-07	4,09843323682e-07	4,09843323682e-07	4,09843323682e-07	4,24945501705e-07	4,24945501705e-07	4,24945501705e-07	4,24945501705e-07	4,24945501705e-07	4,24945501705e-07	4,27916635643e-07	4,27916635643e-07	4,27916635643e-07	4,27916635643e-07
259200	5,14442782207e-07	5,14442782207e-07	5,14442782207e-07	5,14442782207e-07	5,22521093934e-07	5,22521093934e-07	5,22521093934e-07	5,41304883187e-07	5,41304883187e-07	5,41304883187e-07	5,41304883187e-07	5,41304883187e-07	5,41304883187e-07	5,45881592448e-07	5,45881592448e-07	5,45881592448e-07	5,45881592448e-07
260100	8,37588090423e-07	8,37588090423e-07	8,37588090423e-07	8,37588090423e-07	8,5380873433e-07	8,5380873433e-07	8,5380873433e-07	8,65977856433e-07	8,65977856433e-07	8,65977856433e-07	8,65977856433e-07	8,65977856433e-07	8,65977856433e-07	8,66870448957e-07	8,66870448957e-07	8,66870448957e-07	8,66870448957e-07
261000	-3,11513995561e-07	-3,11513995561e-07	-3,11513995561e-07	-3,11513995561e-07	-3,167637832e-07	-3,167637832e-07	-3,167637832e-07	-3,25988282246e-07	-3,25988282246e-07	-3,25988282246e-07	-3,25988282246e-07	-3,25988282246e-07	-3,25988282246e-07	-3,27396469558e-07	-3,27396469558e-07	-3,27396469558e-07	-3,27396469558e-07
261900	9,34543233186e-08	9,34543233186e-08	9,34543233186e-08	9,34543233186e-08	9,4882359649e-08	9,4882359649e-08	9,4882359649e-08	9,85310632041e-08	9,85310632041e-08	9,85310632041e-08	9,85310632041e-08	9,85310632041e-08	9,85310632041e-08	9,97326380476e-08	9,97326380476e-08	9,97326380476e-08	9,97326380476e-08
262800	1,79862807916e-06	1,79862807916e-06	1,79862807916e-06	1,79862807916e-06	1,82875756064e-06	1,82875756064e-06	1,82875756064e-06	1,88308212623e-06	1,88308212623e-06	1,88308212623e-06	1,88308212623e-06	1,88308212623e-06	1,88308212623e-06	1,89490045366e-06	1,89490045366e-06	1,89490045366e-06	1,89490045366e-06
263700	-4,70308839125e-07	-4,70308839125e-07	-4,70308839125e-07	-4,70308839125e-07	-4,77896622664e-07	-4,77896622664e-07	-4,77896622664e-07	-4,93846513088e-07	-4,93846513088e-07	-4,93846513088e-07	-4,93846513088e-07	-4,93846513088e-07	-4,93846513088e-07	-4,9853840325e-07	-4,9853840325e-07	-4,9853840325e-07	-4,9853840325e-07
264600	5,85457475873e-07	5,85457475873e-07	5,85457475873e-07	5,85457475873e-07	5,95522660004e-07	5,95522660004e-07	5,95522660004e-07	6,11657055476e-07	6,11657055476e-07	6,11657055476e-07	6,11657055476e-07	6,11657055476e-07	6,11657055476e-07	6,15076496191e-07	6,15076496191e-07	6,15076496191e-07	6,15076496191e-07
265500	-1,86409306467e-07	-1,86409306467e-07	-1,86409306467e-07	-1,86409306467e-07	-1,89669913828e-07	-1,89669913828e-07	-1,89669913828e-07	-1,94472220102e-07	-1,94472220102e-07	-1,94472220102e-07	-1,94472220102e-07	-1,94472220102e-07	-1,94472220102e-07	-1,957843837e-07	-1,957843837e-07	-1,957843837e-07	-1,957843837e-07
266400	5,26223213323e-07	5,26223213323e-07	5,26223213323e-07	5,26223213323e-07	5,34341980121e-07	5,34341980121e-07	5,34341980121e-07	5,54410922039e-07	5,54410922039e-07	5,54410922039e-07	5,54410922039e-07	5,54410922039e-07	5,54410922039e-07	5,61691261596e-07	5,61691261596e-07	5,61691261596e-07	5,61691261596e-07
267300	4,15259375999e-07	4,15259375999e-07	4,15259375999e-07	4,15259375999e-07	4,21907438243e-07	4,21907438243e-07	4,21907438243e-07	4,3629535418e-07	4,3629535418e-07	4,3629535418e-07	4,3629535418e-07	4,3629535418e-07	4,3629535418e-07	4,38921089638e-07	4,38921089638e-07	4,38921089638e-07	4,38921089638e-07
