time	sensor_1	sensor_2	sensor_3	sensor_4	sensor_5	sensor_6	sensor_7	sensor_8	sensor_9	sensor_10	sensor_11	sensor_12	sensor_13	sensor_14	sensor_15	sensor_16	sensor_17
0	0	0	0	0	0	0	0	0	0	0	0	0	0	0	0	0	0
900	0,00858335983785	0,00836303655824	0	0,00869541958186	0,00869541958186	0,0090678342861	0,00810143584721	0,00836303655824	0	0,00725101313465	0,00938804943233	0,00814622415086	0,00805451653745	0,00814622415086	0,0120605586185	0,00805824040645	0,00788137800238
1800	-0,135278307012	-0,149780755981	0	-0,128791263822	-0,128791263822	-0,101955168055	-0,210422859488	-0,149780755981	0	-18,8688154094	-0,0686558992937	-0,219649866979	-0,148748813101	-0,219649866979	-0,00728628507995	-0,638822752737	-0,253559354017
2700	0,015328475684	0,0154474476354	0	0,015267402427	0,015267402427	0,0149148965135	0,0157988453603	0,0154474476354	0	0,0166561421593	0,0136403462656	0,0157816008753	0,0154322606836	0,0157816008753	0,00810790066925	0,0163507610777	0,0158827386578
3600	-0,000216378371387	-0,000639824919184	0	-7,6891663728e-06	-7,6891663728e-06	-0,000552988482586	0,00075924518663	-0,000639824919184	0	-0,000600414011293	0,00028352082216	-0,0006474758777	-0,000201055864389	-0,0006474758777	0,00276815402892	-0,00152962954011	-0,00015128462747
4500	-0,00466535939462	-0,00421639568651	0	-0,00489378827369	-0,00489378827369	-0,00648147351906	-0,00300280943423	-0,00421639568651	0	-0,00212165027998	-0,00701699571222	-0,00389982622448	-0,00317351883958	-0,00389982622448	-0,000151404455506	-0,00513712544249	-0,00326501591624
5400	-0,00671094697062	-0,00628917399104	0	-0,0069310983302	-0,0069310983302	-0,0060934551884	-0,0080179106912	-0,00628917399104	0	-0,00635392905326	0,00157587146013	-0,00465390505285	-0,00636611298771	-0,00465390505285	-0,0118082789208	-0,00357453493679	-0,00497245024528
6300	-0,00365176632349	-0,00336322940994	0	-0,00380545703246	-0,00380545703246	-0,00291329394761	-0,00508892961928	-0,00336322940994	0	-0,00336461592226	0,00107424157361	-0,00259706874609	-0,00242836683363	-0,00259706874609	0,00467072724369	-0,00337221863687	-0,00306726451531
7200	0,00388949221739	0,00379666057992	0	0,00393836498264	0,00393836498264	0,00404412016382	0,00378409406336	0,00379666057992	0	0,00239132342084	-0,000125901041298	0,00280324413383	0,00246536887767	0,00280324413383	-0,0323102645337	0,00338691772113	0,00380578898282
8100	-0,00924308728092	-0,00970750634988	0	-0,0090046134656	-0,0090046134656	-0,00834214618512	-0,0100369761381	-0,00970750634988	0	-0,00908519024644	-0,0124011822831	-0,00969882670482	-0,0102804188161	-0,00969882670482	-0,141928780536	-0,00803556972113	-0,0104091895573
9000	-0,00190441034918	-0,00202390613232	0	-0,00184357980902	-0,00184357980902	-0,00194125819162	-0,00169208909694	-0,00202390613232	0	-0,00220681667362	-0,00694371334831	-0,00320017874404	-0,00135399587311	-0,00320017874404	0,0149127556213	-0,0046599862508	-0,00336206315359
9900	0,00056052656943	0,000989961798986	0	0,000333023208481	0,000333023208481	-0,000756994101682	0,00176866101938	0,000989961798986	0	0,00244765510582	0,000113972155881	0,00154651882322	0,00129487131092	0,00154651882322	0,00733710496786	0,000611526593407	0,00159015791278
10800	-0,00378980117061	-0,00406712404777	0	-0,00364593693254	-0,00364593693254	-0,00369129622681	-0,00358459657396	-0,00406712404777	0	-0,0040862889023	4,19548027836e-05	-0,00331717182983	-0,00414468058995	-0,00331717182983	-0,00449282191831	-0,00327466538868	-0,00319940351595
11700	0,00168435814208	0,0015801934337	0	0,00173785585585	0,00173785585585	0,00232563530304	0,000889325785434	0,0015801934337	0	-0,000401496282881	0,00493029910806	0,00162684740423	0,00100828342488	0,00162684740423	-0,672343598525	0,00386632849803	0,00125663420506
12600	0,0022497570277	0,00230756902574	0	0,0022198644102	0,0022198644102	0,00256594061525	0,00168876391818	0,00230756902574	0	0,00258332720334	0,000616772930741	0,00218344139723	0,00207344446388	0,00218344139723	0,0131543941893	0,00213000856951	0,00237092028983
13500	0,00212386908119	0,00209111113049	0	0,00214073174649	0,00214073174649	0,00232879716986	0,00184305009142	0,00209111113049	0	0,00133829070729	0,00159058448848	0,00154779335848	0,00228904144336	0,00154779335848	0,0142697804234	-1,34361691894e-05	0,00173648276439
14400	-0,00484909780085	-0,00486813896311	0	-0,00483926299406	-0,00483926299406	-0,00534378728668	-0,00408541880387	-0,00486813896311	0	-0,00375981179562	-0,00611085816281	-0,00507612970602	-0,00363715559753	-0,00507612970602	0,00776296723384	-0,00738622405385	-0,00541224809875
15300	-0,00448117575396	-0,00431449727666	0	-0,00456793237173	-0,00456793237173	-0,00552182666408	-0,00328616263426	-0,00431449727666	0	-0,00243029323151	-0,00356458381603	-0,0033096981572	-0,00396177505524	-0,0033096981572	-0,00184328181077	-0,00354063115706	-0,00339600054583
16200	0,00467552937273	0,00485099165542	0	0,00458219522692	0,00458219522692	0,00481004505884	0,00426023234009	0,00485099165542	0	0,00470665071612	0,00734372630978	0,00498456019104	0,00574897283291	0,00498456019104	-0,0884943171529	0,00779857684411	0,00370203496127
17100	-0,00197349113416	-0,00227775588574	0	-0,00181559946364	-0,00181559946364	-0,00146881227469	-0,00232445765006	-0,00227775588574	0	-0,00355474822661	-0,00269691917221	-0,00199813340516	-0,00485396536987	-0,00199813340516	-0,0370633782701	-0,0030385427338	-0,00029579514363
18000	5,54620935434e-05	-6,96671459843e-05	0	0,000119734696761	0,000119734696761	0,000145453468684	8,25627902544e-05	-6,96671459843e-05	0	-0,000822894970959	-0,0178595969749	-0,00221487458512	-0,00138153722385	-0,00221487458512	0,0125058629473	-0,00282782647798	-0,0023901351284
18900	0,000942684959364	0,00093492101192	0	0,000946664242672	0,000946664242672	0,000802779299437	0,00115475194206	0,00093492101192	0	0,00167133046904	0,00379084558399	0,00144281630803	0,0016976533787	0,00144281630803	0,011128273393	-1,63588795513e-05	0,0019103651999
19800	-0,00268725132716	-0,00281779328146	0	-0,00262086098261	-0,00262086098261	-0,00292527048285	-0,00219607852764	-0,00281779328146	0	-0,0027140913075	-0,000189314918612	-0,00247561331356	-0,00241938524655	-0,00247561331356	0,00675204218323	-0,00366312775697	-0,00312313791795
20700	0,00266429732571	0,00279919077399	0	0,00259469657708	0,00259469657708	0,00266635693989	0,00249273495935	0,00279919077399	0	0,00320302258429	0,00323370572061	0,00318097250362	0,00255659736736	0,00318097250362	-0,0329932941911	0,00495881476168	0,00315108622233
21600	0,00252607571837	0,00271830536881	0	0,00242492962909	0,00242492962909	0,00283440632339	0,00180348224891	0,00271830536881	0	0,00314799267524	0,00497454858299	0,003382816363	0,00271949527247	0,003382816363	-0,000868554898291	0,00512839289392	0,00237998355502
22500	0,00190294869452	0,00176907123456	0	0,00197239094287	0,00197239094287	0,00166791601736	0,00241145405403	0,00176907123456	0	0,00105008564962	1,18314010644e-05	0,000876000745885	0,00223720404011	0,000876000745885	0,0107763899904	-0,00213898952253	0,00172080251802
23400	0,001291385057	0,00123817471537	0	0,00131885689218	0,00131885689218	0,00103142641136	0,00171496883841	0,00123817471537	0	0,000632732723973	-0,00132152888049	0,00071689749096	0,000716679303621	0,00071689749096	0,00456878062134	-0,000868991868358	0,00163070358135
24300	-0,00119040899527	-0,00137780739623	0	-0,00109508169209	-0,00109508169209	-0,00123757980162	-0,000901272186228	-0,00137780739623	0	-0,000760875300703	-0,000764869883773	-0,00132280292009	-0,000501237388249	-0,00132280292009	0,00359950362636	-0,00185970100101	-0,00176078193906
25200	0,003526358669	0,00358282143354	0	0,00349741872765	0,00349741872765	0,00395085661197	0,00283042776174	0,00358282143354	0	0,00328818874847	0,00680735811982	0,00425704455883	0,00326300725778	0,00425704455883	-0,0431964132172	0,00541728758814	0,00491366539833
26100	0,000810373396307	0,00107469346007	0	0,000671648845651	0,000671648845651	0,00059796224975	0,000776868229292	0,00107469346007	0	0,00208749089858	-0,000427029200036	0,00127786450365	0,00116466676373	0,00127786450365	-0,00623702807593	0,00153782813653	0,00121776290906
27000	-0,000321675394986	-0,000360245340442	0	-0,000301518043452	-0,000301518043452	-0,000547079388904	4,34355115181e-05	-0,000360245340442	0	-0,000420357941964	-0,00260755255785	-0,000909370221152	-6,97144303623e-05	-0,000909370221152	0,00707527286116	-0,000802722182865	-0,001389078437
27900	0,00355695487317	0,00366772603903	0	0,00349829933855	0,00349829933855	0,00337463294066	0,00366736381272	0,00366772603903	0	0,00404621446577	0,00496923296062	0,00413681253575	0,00361408205397	0,00413681253575	-0,0347262651163	0,0039482601646	0,00473395736751
28800	0,00553881693879	0,00557791078189	0	0,00551798385847	0,00551798385847	0,00554030779832	0,00548689785977	0,00557791078189	0	0,00585457518385	0,00626190872048	0,00566066740534	0,00607096852926	0,00566066740534	0,0160856441969	0,00386543563558	0,004908648316
29700	0,00425248281487	0,00364990198666	0	0,00455136529207	0,00455136529207	0,00425143308411	0,004945870662	0,00364990198666	0	0,00174134505491	-0,000960537378625	0,00251574038887	0,00219614431372	0,00251574038887	-0,00530936491529	0,00424468930306	0,00190948213241
30600	0,00829602291969	0,00879279948946	0	0,00802568404834	0,00802568404834	0,00851025480236	0,00729690629956	0,00879279948946	0	0,0101358095358	0,012436263238	0,00985688929281	0,0101974711819	0,00985688929281	0,0126443561313	0,00923749240062	0,00974237855123
31500	-0,00479777030836	-0,00511427152427	0	-0,00462972437373	-0,00462972437373	-0,0054533469641	-0,00350411915297	-0,00511427152427	0	-0,00543169849941	-0,0240736784752	-0,00620643290384	-0,0101697495244	-0,00620643290384	-0,021114189984	-0,00343895929575	-0,00125824585122
32400	-0,00882730071088	-0,00849792945749	0	-0,00900547793858	-0,00900547793858	-0,00887259409546	-0,00919128464192	-0,00849792945749	0	-0,00808213399902	0,000923870096327	-0,00824312294724	-0,00368082607435	-0,00824312294724	0,00223341486969	-0,0116183400754	-0,0155477779992
33300	0,00229956061841	0,00226270709081	0	0,00231939590202	0,00231939590202	0,00224736278412	0,00241799116692	0,00226270709081	0	0,00208355732195	0,0041050702048	0,00247119988734	0,00264457833395	0,00247119988734	0,00255416488344	0,00275911952679	0,00216237446115
34200	-0,00402562806099	-0,00483345052813	0	-0,00297184032342	-0,00297184032342	-0,005014646715	0,00035277282739	-0,00483345052813	0	-0,0126776360316	-0,00755281026984	-0,00627337923783	-0,00890587871509	-0,00627337923783	-0,0256445846814	-0,00435788366826	-0,00361126364997
35100	0,00872055032805	0,00860736859237	0	0,00851908422814	0,00851908422814	0,0101423807017	0,004729173438	0,00860736859237	0	0,00907189816582	0,00968414154693	0,00882762388215	0,00846178308302	0,00882762388215	-0,0612372233993	0,00970532074382	0,00831365125223
36000	-0,0633768601028	-0,0571579505377	0	-0,0576549446501	-0,0576549446501	-0,0457263419032	-0,0609066331782	-0,0571579505377	0	-0,0499096662686	-0,0509735548625	-0,0449707779016	-0,0536739632019	-0,0449707779016	0,0141024982972	-0,0506825272835	-0,0449415457781
36900	0,00549566724407	0,00666465922372	0	0,00453898824052	0,00453898824052	0,00114475996778	0,00841092815397	0,00666465922372	0	0,00914375393841	0,0017839991192	0,00659025971747	0,00741769089806	0,00659025971747	0,00579425281634	0,00535976575776	0,00727999670588
37800	0,00758484264969	0,00716752564912	0	0,00755458933456	0,00755458933456	0,00767720134667	0,00679613858154	0,00716752564912	0	0,00470999997639	0,0106179607234	0,00738578295608	0,00521791480167	0,00738578295608	-0,0165628257153	0,00801099298969	0,00930935958318
38700	1,24527043027	13,6445120493	0	1,92598638571	1,92598638571	7,0846333173	1,14074035528	13,6445120493	0	4,07342987769	0,42318604213	2,28701790682	1,53801511155	2,28701790682	0,0999011816338	0,702141689361	124,880310632
39600	0,0149160831741	0,0161769563254	0	0,0154588759676	0,0154588759676	0,0159844458426	0,0117584841099	0,0161769563254	0	0,0113220725425	-0,0149401832397	0,0127662047895	-0,00500060749217	0,0127662047895	0,0136900418097	0,00922825719771	0,0165805630389
40500	0,0107956340286	0,0139129920346	0	0,0105785646175	0,0105785646175	0,0122030484095	0,0125339439785	0,0139129920346	0	0,0162259071631	0,0145183812256	0,0132570469852	0,0163651172781	0,0132570469852	-0,153790580638	-0,0263633647136	0,00973070551743
41400	0,00790737868198	0,00784066420325	0	0,0085583286944	0,0085583286944	0,0105484260174	0,00744626078576	0,00784066420325	0	-0,00922798433997	0,00997024350611	0,00329676717288	0,00345303299625	0,00329676717288	0,014272386661	0,0108821365359	0,00320864746495
42300	0,000509793938198	-0,178119785131	0	-0,010420501184	-0,010420501184	-0,0141848342621	-0,00342967376368	-0,178119785131	0	-0,0286891019313	-0,0384484138069	-0,105924451708	-0,178981384133	-0,105924451708	0,0798312884431	-0,027476870875	-0,0754336157976
43200	-0,00470476185283	-0,00644726020426	0	-0,00510442030533	-0,00510442030533	-0,00523703901802	-0,00541638925021	-0,00644726020426	0	-0,00467434513349	-0,00430163036816	-0,00406216707831	-0,00506719101604	-0,00406216707831	-0,00496329815249	-0,00596613468513	-0,000355130847613
44100	-0,0546868530688	-0,0881275121061	0	-0,053525325614	-0,053525325614	-0,0532355536053	-0,0474704908359	-0,0881275121061	0	-0,0918890118483	-0,0746328140306	-0,210974098649	-0,118910818164	-0,210974098649	-0,160949081459	-0,265709977203	-0,533920837432
45000	0,0108482529779	0,0145050951987	0	0,0109871477625	0,0109871477625	0,0112056796421	0,0108596627712	0,0145050951987	0	0,0130203553204	0,0129895356541	0,0154284965179	0,0142235786807	0,0154284965179	0,0181931933165	0,0156028237484	0,0161993971302
45900	-8,05284624014e-05	-0,00197809074324	0	0,000474697300832	0,000474697300832	0,000858594037532	0,000735167999354	-0,00197809074324	0	-0,00323309866406	-0,00301957630837	-0,00959622696074	-0,00358252720005	-0,00959622696074	0,042160445763	-0,00828959432255	-0,0136021382299
46800	-0,0180578812572	-0,0220526687702	0	-0,0186953861284	-0,0186953861284	-0,0194574155624	-0,0173152561039	-0,0220526687702	0	-0,0191485232447	-0,0213531743702	-0,0153984282198	-0,0182095196811	-0,0153984282198	0,0498740258625	-0,0172963925898	-0,00417728392676
47700	0,0130811362399	0,0122224879507	0	0,0128720245703	0,0128720245703	0,0127317251963	0,0123670006102	0,0122224879507	0	0,0138541537587	0,013391795784	0,0136416670664	0,0134510730112	0,0136416670664	0,0135964971652	0,0142307163829	0,0122063894587
48600	-0,026069241063	-0,0276772135024	0	-0,0278320592437	-0,0278320592437	-0,0283232167471	-0,0285800926024	-0,0276772135024	0	-0,0225878049921	-0,0285636912478	-0,0208136535848	-0,0244424732143	-0,0208136535848	-0,0232248932846	-0,0283828950582	-0,0233134224931
49500	-0,0179422123776	-0,0279716325763	0	-0,0175866045936	-0,0175866045936	-0,0176559618805	-0,0169098266972	-0,0279716325763	0	-0,0256790286142	-0,0196463430524	-0,0527873783706	-0,0331881940177	-0,0527873783706	0,0751927451306	-0,049470981805	-0,0705921772472
50400	0,0144290253208	0,0153661445603	0	0,0145798890412	0,0145798890412	0,0146436214606	0,0146062391462	0,0153661445603	0	0,0147746866544	0,0147764045991	0,0155087428648	0,0152193343239	0,0155087428648	0,0179845629077	0,0156412564659	0,0157148171874
51300	-0,0934937232708	-0,0887579317682	0	-0,0940877023558	-0,0940877023558	-0,0930531759156	-0,0924510006698	-0,0887579317682	0	-0,0873664322208	-0,106010592942	-0,107145062029	-0,100026809036	-0,107145062029	-0,0992640837894	-0,116335327042	-0,110577222794
52200	-0,0271532143704	0,00862889054808	0	-0,0172605777573	-0,0172605777573	-0,0380157306323	-0,186491038834	0,00862889054808	0	0,00941570787382	0,00979260782668	-0,00969332370737	0,014258722898	-0,00969332370737	0,0125620136423	0,0132653793857	0,0148078725273
53100	0,0190049996777	0,0177613323734	0	0,0183882119831	0,0183882119831	0,0174767951157	0,0168821628004	0,0177613323734	0	0,0206977199923	0,0206810278629	0,0168750645396	0,0207119703916	0,0168750645396	0,0440040854578	0,017797710349	0,0186727648312
54000	-0,00125613462801	-0,00105776008817	0	-0,000926630202114	-0,000926630202114	-0,000559015102416	-0,000569995028096	-0,00105776008817	0	-0,00027673704214	-0,0132181285445	-0,00197157006569	-0,000738331738201	-0,00197157006569	0,0106955650074	-0,0128215638442	0,00275910245141
54900	0,0230840902888	0,0247756400228	0	0,0238798836122	0,0238798836122	0,0257098276347	0,0285715976602	0,0247756400228	0	0,0206927122891	0,019661964995	0,0239622091977	0,0229145287844	0,0239622091977	0,0182920867568	0,0215355459084	0,0294398384916
55800	0,126928925128	0,0979530634591	0	0,11598251719	0,11598251719	0,105442198868	0,0661115683001	0,0979530634591	0	0,117259086596	0,151632942512	0,0900128692138	0,0949634480287	0,0900128692138	0,268404028513	0,138447908186	0,057620611417
56700	0,0150082817698	0,0147535162983	0	0,0149093301395	0,0149093301395	0,0149284951844	0,0143132113345	0,0147535162983	0	0,0146194152965	0,0152982304806	0,0146054388443	0,0146634701208	0,0146054388443	0,00492804993464	0,0150234755662	0,0141470593407
57600	-0,0246140668438	-0,0245376312248	0	-0,0238185510598	-0,0238185510598	-0,0238129426286	-0,0219477364848	-0,0245376312248	0	-0,0265517858182	-0,0523185880271	-0,0298221670615	-0,0240081513447	-0,0298221670615	0,013105436246	-0,0250643664754	-0,0503816729268
58500	-0,0276106400747	-0,08790970876	0	-0,0870262885164	-0,0870262885164	-0,141534427697	-0,144300449836	-0,08790970876	0	-0,288132849703	-0,182094745614	-0,443859052076	-0,560649563123	-0,443859052076	0,541681731386	-0,556699057055	-0,611723133182
59400	0,00329755360212	0,00352029147876	0	0,00347708007845	0,00347708007845	0,00373814263705	0,00353805391471	0,00352029147876	0	0,00426133091569	0,0050772395321	0,00517418387089	0,0044082290769	0,00517418387089	0,00520086997184	0,00539202257428	0,00524801770393
60300	-0,00152318394034	-0,00278311462918	0	-0,0020998817654	-0,0020998817654	-0,00294821145261	-0,00332338494417	-0,00278311462918	0	-0,00596384134843	-0,00365358478626	-0,00462189930873	-0,00490631954677	-0,00462189930873	-0,00319298268067	-0,00509726112263	-0,00248446041614
61200	0,00381562027658	0,00452195956547	0	0,0041893130428	0,0041893130428	0,0049138128601	0,00446424554331	0,00452195956547	0	0,00587719182641	0,00539552732861	0,0062376910152	0,00555209593335	0,0062376910152	0,00715204751618	0,00678382030861	0,00676476958076
62100	-0,00517410388058	-0,00528925953666	0	-0,00516521358625	-0,00516521358625	-0,00556347320876	-0,00486078650828	-0,00528925953666	0	-0,00429045463574	-0,00383251210144	-0,00402153547145	-0,00467301176394	-0,00402153547145	0,0365533036955	-0,00429016449643	-0,00307352011217
63000	0,000605401382177	0,000527384009268	0	0,000586953759848	0,000586953759848	0,00061583091247	0,000448331531609	0,000527384009268	0	-0,000144245719252	0,000415216569119	0,000414050276309	0,00016547833485	0,000414050276309	0,000404681272714	-0,000228583350529	0,00130449728691
63900	-0,00150676941835	-0,000763946695164	0	-0,0011773959086	-0,0011773959086	-2,82140459462e-05	-0,00158453056711	-0,000763946695164	0	-9,30202507509e-05	-0,000541618457083	-0,000234300232701	0,000169845585547	-0,000234300232701	-0,000438492038681	0,000268082426137	-0,00116508224944
64800	0,0139091650766	0,0154301257862	0	0,0154419356683	0,0154419356683	0,0157867623925	0,0158888533674	0,0154301257862	0	0,0161601105415	0,0159231500458	0,0162880204958	0,0163871133799	0,0162880204958	0,00178597028777	0,0163709864093	0,0163902354819
65700	-0,0679621382526	-0,17353884484	0	-0,175661268617	-0,175661268617	-0,262095828468	-0,272654879026	-0,17353884484	0	-0,458793383308	-0,330269399741	-0,674001869387	-0,86754989037	-0,674001869387	0,0356675837983	-0,906055575755	-0,9969786941
66600	-0,000855531497351	-0,0014892885548	0	-0,00115697694959	-0,00115697694959	-0,00127822565058	-0,00222119132732	-0,0014892885548	0	-0,00280403688205	-0,00306999186947	-0,00204394789462	-0,00305937573445	-0,00204394789462	0,034323212265	-0,00256645568021	-7,62759784693e-05
67500	-0,00396162727979	-0,00487118357065	0	-0,00453809844004	-0,00453809844004	-0,00618221323679	-0,00397454322567	-0,00487118357065	0	-0,00698092842224	-0,0105135229492	-0,0123625235159	-0,00801511903326	-0,0123625235159	0,0566427817217	-0,0178735080166	-0,0187991960226
68400	0,00813302146395	0,0079111544315	0	0,00796520212349	0,00796520212349	0,00784514755346	0,00748690844185	0,0079111544315	0	0,00821650631696	0,00808006915081	0,00770851093538	0,00815236300362	0,00770851093538	0,00497212434361	0,00633622063182	0,00634603924932
69300	-0,0036892857923	-0,00349627912763	0	-0,00349462269745	-0,00349462269745	-0,00339316468151	-0,0030853256569	-0,00349627912763	0	-0,00346514988198	-0,00336025805521	-0,00197469226366	-0,00410475580761	-0,00197469226366	0,00335260724271	0,000627075951434	0,000946054372191
70200	0,00376696355176	0,0039440465831	0	0,00385733922922	0,00385733922922	0,00423124214582	0,00360027492825	0,0039440465831	0	0,00448015996751	0,00554424701139	0,00525896948334	0,00499238673402	0,00525896948334	0,00581480417737	0,00620980763033	0,00482619456645
71100	0,00314469664232	0,00398134164624	0	0,00359300347732	0,00359300347732	0,00413990362025	0,00450836083866	0,00398134164624	0	0,00466343068479	0,00518782915111	0,005005858457	0,00498029870407	0,005005858457	0,00474520386425	0,004319232631	0,00533584065523
72000	0,00121546102745	0,00107279434508	0	0,00115713049076	0,00115713049076	0,00111698925513	0,0010069110104	0,00107279434508	0	0,000488292471571	-2,22382939772e-05	0,000738655049612	-0,000332698636026	0,000738655049612	0,0309533367085	0,00192654735304	0,000401772242395
72900	-0,00679341811469	-0,00606829626436	0	-0,00626122012021	-0,00626122012021	-0,00579660295073	-0,00571745463541	-0,00606829626436	0	-0,00307334731633	-0,00138708208706	-0,00181241122966	-0,0018863191372	-0,00181241122966	0,0335298349989	-0,000923333105622	0,00128434641623
73800	-0,0012312316851	-0,00195967141078	0	-0,00172427774678	-0,00172427774678	-0,00218214774901	-0,00247433059432	-0,00195967141078	0	-0,00465310592332	-0,00588145059477	-0,00586865327994	-0,00433753981579	-0,00586865327994	-0,0080164600835	-0,0072045521909	-0,00667711300315
74700	-0,00186302891336	-0,00186052197168	0	-0,00176812208031	-0,00176812208031	-0,00177639715995	-0,00169743442602	-0,00186052197168	0	-0,00123931314201	-0,00228754190741	-0,00050593248963	-0,00245788859393	-0,00050593248963	0,0312858566498	0,00130200620241	0,000780173280715
75600	-0,00754866896377	-0,00843207692404	0	-0,00806632556314	-0,00806632556314	-0,00817138526063	-0,00986016363414	-0,00843207692404	0	-0,0110817487371	-0,00746370918834	-0,0106074733008	-0,00900508925291	-0,0106074733008	0,0466403352248	-0,0126540189068	-0,0132282903873
76500	0,00031135890162	0,000709991905279	0	0,000542587288045	0,000542587288045	0,000923146268806	0,000858657468562	0,000709991905279	0	0,00102545610116	0,000755784942922	0,00140549403107	0,000652981724965	0,00140549403107	0,031415645611	0,00205484635254	0,00123445209892
77400	0,0138097536926	0,0154478618472	0	0,0154412378143	0,0154412378143	0,0158423168593	0,0158954436133	0,0154478618472	0	0,0162461769267	0,0159023302325	0,0163422017842	0,0164320399144	0,0163422017842	0,01530408094	0,0164378736572	0,0164054701427
78300	-0,0933326620365	-0,23285055997	0	-0,236103607492	-0,236103607492	-0,354875203819	-0,371024509357	-0,23285055997	0	-0,596614004194	-0,34335467919	-0,830527651687	-1,10162660517	-0,830527651687	0,23384672055	-1,23388602037	-1,05754434794
79200	0,0139008363696	0,0154483777818	0	0,0154625134755	0,0154625134755	0,0158560640672	0,0158691613197	0,0154483777818	0	0,0161708612063	0,0160883282278	0,0163210372631	0,0164183420286	0,0163210372631	0,0176126777975	0,0164153206258	0,0164054636187
80100	-0,00138199895783	-0,00127102332711	0	-0,00144122643412	-0,00144122643412	-0,00138852734933	-0,00152175600138	-0,00127102332711	0	-0,000841472906551	-0,00201573807895	-0,000953721110699	-0,00190879531112	-0,000953721110699	-0,0117955888353	0,000259650362147	-0,0015521827842
81000	-0,00292180941425	-0,00306033142213	0	-0,0028485934923	-0,0028485934923	-0,0028658862245	-0,00282149184928	-0,00306033142213	0	-0,00417285627614	-0,0031020022593	-0,00358195387638	-0,00317689074852	-0,00358195387638	-0,0211253263031	-0,00568480072593	-0,00111524166521
81900	0,00155877341014	0,00155908231376	0	0,00155858720954	0,00155858720954	0,00153453742933	0,0015947467222	0,00155908231376	0	0,000491043748277	0,00316604604841	0,00143234475712	0,0016345001264	0,00143234475712	0,0105727411367	0,00156719773762	0,000494627915618
82800	-0,00810118942485	-0,00790515430396	0	-0,00820586181743	-0,00820586181743	-0,00899759588774	-0,00710378563864	-0,00790515430396	0	-0,00630857850841	-0,00693117837874	-0,00707393667866	-0,00741678664483	-0,00707393667866	-0,085069991552	-0,00658463360243	-0,00599245824039
83700	-0,0014019030137	-0,00157806071715	0	-0,00130908121513	-0,00130908121513	-0,00109097580395	-0,00162098489446	-0,00157806071715	0	-0,00303307046739	-0,00635457353053	-0,00247801743384	-0,00366917803003	-0,00247801743384	0,00306968950612	-0,00205012777506	-0,00306433578991
84600	-0,000762528301907	-0,000767400111477	0	-0,000759952587635	-0,000759952587635	-0,000519115944133	-0,00111755993684	-0,000767400111477	0	0,000518008583721	-0,000404951970099	-0,000470109328177	0,000285424442041	-0,000470109328177	-0,00342915158816	0,00072794082913	-0,00175720403352
85500	-0,0041829458766	-0,00431506909661	0	-0,00411392438036	-0,00411392438036	-0,0045721467698	-0,00346785703841	-0,00431506909661	0	-0,00460869679441	-0,011176740111	-0,00497245471824	-0,00595300935981	-0,00497245471824	-0,00627834750055	-0,00478835598001	-0,00515751998189
86400	-0,0119154513308	-0,0129522580344	0	-0,0114013592701	-0,0114013592701	-0,011239771385	-0,0116253470524	-0,0129522580344	0	-0,0139767827534	-0,0225723374714	-0,0144368705529	-0,0137691154258	-0,0144368705529	0,00703242703387	-0,015969445122	-0,014479858728
87300	-0,00181462204769	-0,00138892377136	0	-0,00203329089657	-0,00203329089657	-0,0021146371579	-0,00192123158017	-0,00138892377136	0	-0,000244585582547	0,00770975795193	0,00067772548798	0,000273691352466	0,00067772548798	0,00428466097354	0,000684390712541	0,000297939514065
88200	-1,26948259098e-05	-0,000208975953594	0	8,63137447752e-05	8,63137447752e-05	0,000662078328843	-0,000799776754918	-0,000208975953594	0	-0,00253920057747	-0,00176539660379	-0,00121013103757	-0,00130763303906	-0,00121013103757	-0,0227795777135	-0,00128398709475	-0,000159168111964
89100	-0,00587881427394	-0,00595728308407	0	-0,00583935085271	-0,00583935085271	-0,00637742971746	-0,00505712020062	-0,00595728308407	0	-0,0037828017936	-0,0277194708238	-0,00726465888503	-0,00648768209432	-0,00726465888503	0,00233797752675	-0,00726561008578	-0,0080208051352
90000	-0,00472209429185	-0,00474880541521	0	-0,004708674636	-0,004708674636	-0,00519949894735	-0,0040329558012	-0,00474880541521	0	-0,00471876511966	-0,022780717855	-0,00576164041615	-0,00532473967473	-0,00576164041615	-0,0138147197548	-0,00632639807498	-0,00474768995028
90900	0,0015005190237	0,00186453399345	0	0,0013114060593	0,0013114060593	0,00132297462653	0,0012929999857	0,00186453399345	0	0,00252297994073	0,0112182891852	0,00333481876783	0,00307962957601	0,00333481876783	0,00499778889021	0,00192011805692	0,00444409840159
91800	-0,00669576074395	-0,0067794557014	0	-0,00665253460701	-0,00665253460701	-0,00755703167573	-0,00550911731231	-0,0067794557014	0	-0,00604146035415	-0,00644530810932	-0,00645609111529	-0,00644897549056	-0,00645609111529	0,00454344604605	-0,00537408902737	-0,00884740563195
92700	0,00304184107644	0,00309540048999	0	0,00301402414309	0,00301402414309	0,00341413794999	0,00247208605892	0,00309540048999	0	0,0020361010233	0,00654786283121	0,00355585319461	0,0025460388237	0,00355585319461	-0,00998098706093	0,00478770890818	0,00451911022727
93600	0,000817406303877	0,000969426769218	0	0,000737355560804	0,000737355560804	0,0014591563917	-0,000356011339457	0,000969426769218	0	0,0011354674782	-0,000365855263417	0,000842183782047	0,000790391747566	0,000842183782047	0,00257431796767	0,00162009183816	9,65445747406e-05
94500	-0,00187352743367	-0,00211973877827	0	-0,00174641731375	-0,00174641731375	-0,00187331320305	-0,0015561327845	-0,00211973877827	0	-0,00214260284215	-0,0112924462389	-0,00365355337059	-0,0017735136039	-0,00365355337059	-0,00494723036745	-0,00581409117811	-0,00407653490777
95400	-0,00155055446457	-0,00147717726214	0	-0,00158868191754	-0,00158868191754	-0,00197966389548	-0,00103708253644	-0,00147717726214	0	-0,000939507565397	-0,00021857745995	-0,00127112382269	-0,000792242991801	-0,00127112382269	0,00841701526259	-0,00366587124909	-0,00046750944466
96300	-0,0036156974877	-0,00346217013479	0	-0,00369632872653	-0,00369632872653	-0,00465727946088	-0,00247794361202	-0,00346217013479	0	-0,00230104254476	-0,0024280462805	-0,00277439013277	-0,00315331435926	-0,00277439013277	0,00190330022549	-0,00332009183417	-0,00311740622582
97200	0,00175369520514	0,00171649340561	0	0,00177314672228	0,00177314672228	0,00228275188164	0,00107224292996	0,00171649340561	0	0,000523441610246	0,00502475806101	0,00199514097482	0,00119313719789	0,00199514097482	-0,216764373068	0,00457143904374	0,00171970641603
98100	0,00105529409619	0,00107901376372	0	0,00104285753325	0,00104285753325	0,00175623683543	-5,69886363126e-05	0,00107901376372	0	0,000763592406995	0,00283596348309	0,00139524187322	0,000889233872329	0,00139524187322	0,0131100131649	0,00235360548433	0,00122012356477
99000	0,000506406682848	0,000449344348552	0	0,000536165700532	0,000536165700532	0,000213233268606	0,0010100523185	0,000449344348552	0	6,87685028378e-05	-0,0049608019287	-0,000654392945218	0,000273879160648	-0,000654392945218	-0,0319801210021	-0,00241890590292	-5,5797573348e-06
99900	0,000382505773862	0,000237422832841	0	0,000457230805997	0,000457230805997	3,57723456648e-05	0,00103922967485	0,000237422832841	0	0,000737311964726	-0,00352073872157	-0,000204907060431	0,000574374465296	-0,000204907060431	0,0142789721488	-0,0014908862606	-0,000731614356579
100800	-0,00654999760133	-0,00663510740894	0	-0,0065063288462	-0,0065063288462	-0,00671173221452	-0,00622830266253	-0,00663510740894	0	-0,00569042999757	-0,00117505089467	-0,00550971280068	-0,00566090137979	-0,00550971280068	0,00313310237533	-0,00732027464323	-0,00562198410317
101700	0,00341960215082	0,00360328012793	0	0,00332347840707	0,00332347840707	0,00349850019057	0,00307828636318	0,00360328012793	0	0,00272711015595	0,00554525694168	0,00375879274913	0,00319564436121	0,00375879274913	-0,0276147025269	0,00518384861507	0,00414903475022
102600	0,00175297497412	0,00177656709915	0	0,00174060049671	0,00174060049671	0,00224707839852	0,00097264870056	0,00177656709915	0	0,00148980937574	-0,000208576224703	0,00134881105765	0,00150678927156	0,00134881105765	0,00123117366893	0,00209697939597	0,000559220956333
103500	-0,00206845364946	-0,00206200361929	0	-0,00207181623464	-0,00207181623464	-0,00218497170548	-0,00190294946344	-0,00206200361929	0	-0,00149219457218	-0,000209679153006	-0,0014478415909	-0,00190136707958	-0,0014478415909	-0,0457421211316	2,87636925381e-05	-0,00178981421167
104400	0,00569926992094	0,0055498171138	0	0,0057760492692	0,0057760492692	0,00513538943367	0,00661163430378	0,0055498171138	0	0,00571405345674	-0,0219697152934	0,00400814025629	0,00487675348397	0,00400814025629	0,0152376673843	0,00115226681852	0,00456028613499
105300	-0,000798400244502	-0,00102201684778	0	-0,0006854931598	-0,0006854931598	-0,000413768774543	-0,00105154888121	-0,00102201684778	0	-0,000601293132258	0,00648179398465	7,98603925556e-05	-0,00107276169619	7,98603925556e-05	-0,00779258778164	0,000236929254074	0,000695631990123
106200	0,000771203012199	0,000925104315646	0	0,000692333366028	0,000692333366028	0,00160864473809	-0,000739449756924	0,000925104315646	0	0,000292895570942	0,00951284847103	0,00199612744601	0,00244565023058	0,00199612744601	0,00555679784494	0,00279069109291	0,000695015059292
107100	0,00532859736514	0,00570540389291	0	0,0051257297242	0,0051257297242	0,00509533965524	0,0051700332256	0,00570540389291	0	0,00644395073584	0,0063891931771	0,00609195692487	0,00609156171481	0,00609195692487	0,00742624464591	0,00604789403447	0,00592806100034
108000	0,00714876616056	0,00684500879856	0	0,00730456409526	0,00730456409526	0,00706929031227	0,00764933652061	0,00684500879856	0	0,00468154680625	-2,07331015989e-05	0,00538746007577	0,00508500746752	0,00538746007577	-0,000453693579764	0,00544503922633	0,00590782077993
108900	0,000875468965183	0,000953367034447	0	0,000835139382253	0,000835139382253	0,000448598829709	0,00136629904669	0,000953367034447	0	0,00294712263644	0,00420291106961	0,00203921111737	0,002324508393	0,00203921111737	0,00640670146541	0,00165883421894	0,00178430474971
109800	0,00466276926315	0,0045317581323	0	0,00472945251138	0,00472945251138	0,00474908552724	0,00470317149196	0,0045317581323	0	0,0040056467342	-0,00110853121739	0,00394397771731	0,00336287840553	0,00394397771731	0,00129178597469	0,00472623402664	0,00341534703662
110700	0,0014850170487	0,00118949497488	0	0,00163143748705	0,00163143748705	0,00216560515228	0,000827982771787	0,00118949497488	0	-7,99695726033e-05	0,00132652340362	0,000776187041335	0,000698606042095	0,000776187041335	-0,0232204279898	0,00107890952436	0,00159014834377
111600	0,00272819239865	0,00318886227442	0	0,00248819090046	0,00248819090046	0,00267330395459	0,00219642833465	0,00318886227442	0	0,00432699608191	0,00808524458114	0,0044280989619	0,0039922687044	0,0044280989619	-0,0222696454655	0,00569898945898	0,00364858104866
112500	-0,000450937609406	-0,000249245941494	0	-0,000557666938774	-0,000557666938774	-0,000971003203385	4,78107296023e-05	-0,000249245941494	0	0,00124492214639	0,00101598256294	-0,00012629668885	0,0019690857491	-0,00012629668885	0,013782929836	-0,00160027519211	-0,000238487080573
113400	0,00356030539529	0,00337092544196	0	0,00365832536825	0,00365832536825	0,00309478467038	0,00440764950934	0,00337092544196	0	0,00350601329973	0,00159271610832	0,00347975840426	0,00241642804585	0,00347975840426	-0,00800945615394	0,00205338544202	0,00526976585097
114300	0,00034656754713	0,000526264024754	0	0,000251912961964	0,000251912961964	0,00122743092681	-0,00125196968348	0,000526264024754	0	-3,96028108129e-05	0,00500663056112	0,0013117967967	0,000670799065386	0,0013117967967	-0,0412786552675	0,00409843224493	-0,00182386686347
115200	-0,0667230467467	-0,168634755872	0	-0,172105074841	-0,172105074841	-0,269159410619	-0,248895217429	-0,168634755872	0	-0,41410103531	-0,397931869757	-0,620164163757	-0,812759249592	-0,620164163757	-0,00700760892387	-0,908477571486	-0,743397000984
116100	0,00111456666867	0,0007140908986	0	0,000762758001312	0,000762758001312	0,000952012699845	-0,000311574525778	0,0007140908986	0	-0,0021015370458	-0,00222625253291	-0,00297976430399	-0,000836304371151	-0,00297976430399	0,0404915575076	-0,00908069826491	-0,00215801652054
117000	0,00311948528661	0,003171500376	0	0,0032407344692	0,0032407344692	0,00274792512308	0,00398316542699	0,003171500376	0	0,00490891148379	0,00572871827372	0,00505668637836	0,00455117758542	0,00505668637836	0,00585489947235	0,00600962595912	0,00468051659497
117900	0,0124309784388	0,0148264215999	0	0,0148070154857	0,0148070154857	0,0154500080006	0,0153844786929	0,0148264215999	0	0,0159453141832	0,0158458953195	0,0161607771483	0,0162950385616	0,0161607771483	0,0175411460579	0,0163163335957	0,0162612878838
118800	-0,0641861200964	-0,153477767762	0	-0,156613352078	-0,156613352078	-0,225412029423	-0,227593728164	-0,153477767762	0	-0,366049082765	-0,299150452673	-0,459602595756	-0,69014306881	-0,459602595756	-0,216061525964	-0,540251346636	-0,527079187489
119700	0,00464484456703	0,0112717750331	0	0,0114994079926	0,0114994079926	0,0135940766348	0,012866222503	0,0112717750331	0	0,0143036063224	0,0136222094567	0,0151119384444	0,0148866644519	0,0151119384444	0,0140218475498	0,0155961154744	0,0156753564934
120600	0,0729967350427	1,32249855733	0	0,121009511913	0,121009511913	0,178271150707	0,134463770736	1,32249855733	0	0,431658623285	0,353635035393	3,15690313992	1,04416199398	3,15690313992	-0,804353733082	5,9257676339	7,02509567468
121500	0,0196882890195	0,0167995355649	0	0,0183932330859	0,0183932330859	0,0180796985405	0,0179099580593	0,0167995355649	0	0,0170524605633	0,0217662665836	0,0167393600396	0,0168155597933	0,0167393600396	0,0163359104075	0,0167076397818	0,0167142231688
122400	0,128923115068	0,838574705733	0	0,204184176104	0,204184176104	0,223573645354	0,277189860683	0,838574705733	0	0,609482173128	0,0646975025018	1,76840135269	1,19006745041	1,76840135269	0,430645633994	3,22323732702	1,85152152201
123300	0,00637729088966	-0,0622609360876	0	0,00518409449248	0,00518409449248	0,00347058415051	0,00446608499706	-0,0622609360876	0	-0,000469425825596	0,00329438397031	-0,0145021174874	-0,00611669693748	-0,0145021174874	0,050134338196	-0,00482910662785	-0,0224769651088
124200	0,000838337378965	0,0111608064768	0	0,00168467192983	0,00168467192983	0,00258209163607	0,00224307142909	0,0111608064768	0	0,000640954936038	0,00413998192608	0,00579816237255	0,00401803763723	0,00579816237255	0,0262842071898	0,00105771264575	0,007053670796
125100	0,00924593205064	0,00989026476531	0	0,00918481932111	0,00918481932111	0,00902171752279	0,0089272968044	0,00989026476531	0	0,0109157807058	0,00936822028738	0,0119624155801	0,0109828461936	0,0119624155801	0,0114396676654	0,0127599587356	0,0123279436455
126000	-0,00416688424271	0,0028485296997	0	-0,00370335655394	-0,00370335655394	-0,00328335848934	-0,00353377153125	0,0028485296997	0	-0,000712388411704	-0,00139685115928	0,00338134764534	0,00126958411284	0,00338134764534	0,00246306126656	0,00553319370224	0,00298803387046
126900	0,00044862639393	0,00148931389071	0	0,000292729476895	0,000292729476895	0,00017238704155	0,000393289966092	0,00148931389071	0	0,00121056507352	0,00163824540417	0,00264530497528	0,00275440822689	0,00264530497528	0,00195656860103	0,00316322003476	0,0042308456263
127800	-0,0058912785644	-0,00574245681965	0	-0,00563467896717	-0,00563467896717	-0,00524904260064	-0,00586533558545	-0,00574245681965	0	-0,00565199969358	-0,0087103196946	-0,00753499376728	-0,00851024017024	-0,00753499376728	-0,00682439206195	-0,0103640399568	-0,00575699038832
128700	0,00701892515757	0,00801127132199	0	0,00732878876023	0,00732878876023	0,00747385917981	0,00761200038827	0,00801127132199	0	0,00627295167605	0,00793745274136	0,00725311833107	0,00740974176494	0,00725311833107	0,00716227665183	0,00762985292882	0,00600212169274
129600	-0,00134701791657	-0,000961228880706	0	-0,00131515551564	-0,00131515551564	-0,00129022413198	-0,00131379489967	-0,000961228880706	0	-0,00164246315791	-0,000838800647843	-0,00325999107214	-0,00159339736185	-0,00325999107214	-0,00263437839995	-0,00246961557198	-0,00519856457804
130500	-0,00778902283163	-0,0048870739774	0	-0,00741068020039	-0,00741068020039	-0,00726769729843	-0,00663149332053	-0,0048870739774	0	-0,00574638697538	-0,00823028016621	-0,00495204759493	-0,0049839955279	-0,00495204759493	-0,00514381133073	-0,00474012191989	-0,00579683704488
131400	-0,000221985428987	-0,00629860019133	0	-0,000989532203428	-0,000989532203428	-0,00146353512242	-0,00150849040889	-0,00629860019133	0	-0,00188401840012	-0,00251020685222	-0,00913785100452	-0,00382513746746	-0,00913785100452	-0,00821026428476	-0,0101070162806	-0,012588259119
132300	-0,000313946914518	-0,000572577599721	0	-0,000409677940923	-0,000409677940923	-0,000435622024769	-0,000600718721126	-0,000572577599721	0	-0,000498191913767	0,000497884547366	0,00226179823531	-0,000402224548405	0,00226179823531	0,00200704829894	0,00279709896135	0,00529582068296
133200	-0,00368126170296	-0,00964692051555	0	-0,00405752275394	-0,00405752275394	-0,00412935706507	-0,00462415304061	-0,00964692051555	0	-0,0052294941064	-0,0072717938685	-0,0132658725674	-0,00897372149886	-0,0132658725674	0,0459753829889	-0,0186640547642	-0,0133328994286
134100	0,0146436078798	0,0165022464101	0	0,0154974507484	0,0154974507484	0,0156285861126	0,0154569209086	0,0165022464101	0	0,0161676758767	0,016274427244	0,0165467688957	0,0164804765201	0,0165467688957	0,0169422161982	0,0165579010916	0,0165648071216
135000	-0,15028768694	-1,65944945093	0	-0,270872152687	-0,270872152687	-0,308693570195	-0,259908004399	-1,65944945093	0	-0,586223539018	-0,717274410818	-1,74884137881	-1,38025859708	-1,74884137881	-0,781561130237	-1,83663424252	-2,21929330913
135900	0,00512461626982	0,00369373298542	0	0,00520493587697	0,00520493587697	0,00511579778098	0,00538422493462	0,00369373298542	0	0,00405630203176	0,00433001618611	0,00340968684152	0,0033299145465	0,00340968684152	0,00381898990314	0,00304743271985	0,00374730942896
136800	-0,0184620311838	-0,0071107706501	0	-0,0170908578732	-0,0170908578732	-0,016173252822	-0,0160075700684	-0,0071107706501	0	-0,0126503700034	-0,0160808638568	-0,00787715895661	-0,0111323401611	-0,00787715895661	-0,00953362187509	-0,00539481285114	-0,00747128857668
137700	0,0119556300139	0,0118812559116	0	0,0119626120082	0,0119626120082	0,0119778955257	0,0118557480341	0,0118812559116	0	0,0118351922532	0,0121578150524	0,0115923713443	0,011930502303	0,0115923713443	0,011775478853	0,0117381646634	0,0117137988139
138600	0,00585298908653	0,00522991531811	0	0,00576125317059	0,00576125317059	0,0056825620544	0,00573643476941	0,00522991531811	0	0,00537629855901	0,0060539481128	0,00554599214787	0,00552722375019	0,00554599214787	0,00557212320123	0,00572416386904	0,00503529410377
139500	-0,103287053146	-0,0810211146302	0	-0,103944496543	-0,103944496543	-0,100768467698	-0,102587292938	-0,0810211146302	0	-0,0891778664478	-0,0967118371888	-0,0908592072366	-0,085948735181	-0,0908592072366	-0,0920361807307	-0,0898694381257	-0,0904989973603
140400	0,0132762277537	0,0161597436186	0	0,0144726799415	0,0144726799415	0,0147063893581	0,013072222906	0,0161597436186	0	0,0159609572708	0,0159911501214	0,0163025913558	0,0163169115162	0,0163025913558	0,0149110914742	0,0163366827645	0,016080270687
141300	0,113463493717	0,0852385202475	0	0,100623796441	0,100623796441	0,0924699270795	0,0482818458436	0,0852385202475	0	0,0982909148886	0,264742782904	0,0926064186859	0,109363829973	0,0926064186859	0,0420079869546	0,117131624138	0,0454178263257
142200	-0,372024931848	-0,157109207159	0	-0,260237580197	-0,260237580197	-0,173298415629	-0,133983153307	-0,157109207159	0	-0,136514662504	-0,0306322325805	-0,0938868495519	-0,8332884282	-0,0938868495519	-0,14083578861	-0,0277946184163	-0,0882099897649
143100	0,0161799859698	0,0155759320871	0	0,0159898069552	0,0159898069552	0,0157245392877	0,0153694422104	0,0155759320871	0	0,015381932353	0,014829953704	0,0147341004369	0,0163989950358	0,0147341004369	-0,0116357141462	0,0141607481225	0,0140861204031
144000	0,015227426949	0,0149729851741	0	0,0150992422098	0,0150992422098	0,014988435775	0,0146054560262	0,0149729851741	0	0,0149123742396	0,0147011744474	0,0153998149653	0,0152200304214	0,0153998149653	0,0164573912156	0,0151547318118	0,0152650565214
144900	-0,00114302398132	-0,00110003623129	0	-0,00116642839095	-0,00116642839095	-0,00151953202139	-0,00066201858185	-0,00110003623129	0	-0,00104833386412	-0,000666392913206	-0,00179465529996	0,000925605483828	-0,00179465529996	0,00586672768406	-0,00427750853187	-0,00555441188173
145800	-0,00432803542399	-0,00462104410778	0	-0,00417160270681	-0,00417160270681	-0,00398997604461	-0,00443479243192	-0,00462104410778	0	-0,00565861254695	-0,00548328529131	-0,00511938026682	-0,00522475719579	-0,00511938026682	-0,00661951982961	-0,00509504315605	-0,00481320198072
146700	0,00701182169899	0,00705442098571	0	0,00698884310088	0,00698884310088	0,00703178569457	0,00692511516234	0,00705442098571	0	0,00642296359975	0,00606266155439	0,00697068399013	0,00584149316959	0,00697068399013	-0,062812797235	0,00713804817281	0,00880681380142
147600	-4,82529065005e-05	-0,000247115156143	0	5,67671983272e-05	5,67671983272e-05	-0,000488823229746	0,000803151016038	-0,000247115156143	0	0,000626654124944	-0,0102707220347	-0,00126776927053	-0,000161851682868	-0,00126776927053	0,0123799789846	-0,00281198333921	-0,0017466883704
148500	-0,0781005034093	-0,201973229006	0	-0,202116304373	-0,202116304373	-0,308439976056	-0,321123863899	-0,201973229006	0	-0,555910358265	-0,289091110643	-0,758680828675	-1,01211706728	-0,758680828675	-0,205040571895	-1,07069373543	-0,874058958814
149400	0,00447817697597	0,00302223967555	0	0,00377448456335	0,00377448456335	0,00301882847373	0,00158091460266	0,00302223967555	0	0,00141440937429	0,00022746049497	0,000341368553373	0,00089347038433	0,000341368553373	0,0335561077352	0,00114887331437	-0,00188346242958
150300	-0,00510942194331	-0,00406866973336	0	-0,00469150016605	-0,00469150016605	-0,00388430535644	-0,00369740245371	-0,00406866973336	0	-0,00353044138539	-0,00197972660959	-0,0033864667201	-0,00227017109623	-0,0033864667201	-0,00492835445638	-0,00472205792875	-0,00404756802332
151200	0,00431816407125	0,00402152711817	0	0,0041970137328	0,0041970137328	0,00418200472034	0,00343386813752	0,00402152711817	0	0,00446123361739	0,00491807325863	0,00454250436117	0,00454949200011	0,00454250436117	0,00435345124238	0,00471517888061	0,00385555434699
152100	-0,000133607495349	9,9018336208e-05	0	2,68085225321e-05	2,68085225321e-05	0,000269943758935	0,000449986651679	9,9018336208e-05	0	-0,0010907339376	-0,00111517630599	-0,000574236800829	-0,000768364757077	-0,000574236800829	-0,000176567593184	-0,000590494277202	0,000599763035442
153000	0,00105421363922	0,00247823168039	0	0,00174836238197	0,00174836238197	0,00227075799848	0,00368586961295	0,00247823168039	0	0,00400917901256	0,00517257060531	0,00456379215961	0,00410962412523	0,00456379215961	0,00465703332859	0,00374368688491	0,00472739635509
153900	0,00254357400999	0,00286650370184	0	0,00274409567951	0,00274409567951	0,00308170597461	0,00280323386458	0,00286650370184	0	0,00370763091461	0,00370621228899	0,00409089431571	0,00377784021258	0,00409089431571	0,00470055968313	0,00522921198749	0,0042585238756
154800	0,00116716535314	0,00169635597936	0	0,00147935590152	0,00147935590152	0,00189825262546	0,00176531467989	0,00169635597936	0	0,00297327661059	0,00268758466454	0,00299406779826	0,00285477261698	0,00299406779826	0,0298700092135	0,0035265395746	0,00314987617641
155700	-0,00063550962541	-0,000786914077793	0	-0,000698833185975	-0,000698833185975	-0,000800536553654	-0,000847563373809	-0,000786914077793	0	-0,000845800140235	-0,000407696447569	-0,000545987984006	-0,00072345479641	-0,000545987984006	-0,000438581780804	-0,000545777279811	-0,000274790231645
156600	-0,00200300950249	-0,00134607660411	0	-0,00153665007473	-0,00153665007473	-0,00118728547198	-0,000855614198591	-0,00134607660411	0	1,80529760238e-05	-0,000405925175282	0,000274551162509	-0,000132036561555	0,000274551162509	0,00136817096569	0,00215159468943	0,000108263450083
157500	0,00163682875236	-1,2197233603e-05	0	0,000697528752737	0,000697528752737	-0,000263500358117	-0,000824538527977	-1,2197233603e-05	0	-0,00541408266605	-0,00590733203443	-0,00603950267555	-0,00506217987198	-0,00603950267555	-0,00756500548319	-0,0066951303261	-0,00784775648593
158400	-0,00234926473026	-0,00283633976431	0	-0,00270218834021	-0,00270218834021	-0,00338014465015	-0,002628858049	-0,00283633976431	0	-0,00474287632604	-0,00566669009654	-0,00663397669634	-0,00489519822131	-0,00663397669634	0,0447175308885	-0,0119891424384	-0,00740589952901
159300	-0,00128850483673	-0,00122085159751	0	-0,00115943900031	-0,00115943900031	-0,000898599545862	-0,0014578030134	-0,00122085159751	0	-0,000304739679739	0,000917050791769	0,00114666765323	-0,00026191612792	0,00114666765323	0,0298796107641	0,00283107882915	0,00226787890379
160200	-0,00838377500006	-0,00786068424743	0	-0,00819052096024	-0,00819052096024	-0,00868312909441	-0,00680592959378	-0,00786068424743	0	-0,00526357972943	-0,00548936116642	-0,0062897014163	-0,00554540143247	-0,0062897014163	0,0403204208685	-0,00587537586708	-0,00765718853526
161100	0,00076663556347	0,0011556589312	0	0,000942916809166	0,000942916809166	0,00151017593358	0,000880846515191	0,0011556589312	0	0,00135137022641	0,00094152940446	0,00125581131749	0,00111013134185	0,00125581131749	0,0321957259192	0,000543760394757	0,00129995888094
162000	0,014167418585	0,0155559777141	0	0,0155697984265	0,0155697984265	0,0159209970158	0,0159312513915	0,0155559777141	0	0,0162360432057	0,0160647299113	0,0163525030313	0,0164395216449	0,0163525030313	0,0151224858609	0,0164456179436	0,0164331322484
162900	-0,102790487886	-0,250140698717	0	-0,254911063683	-0,254911063683	-0,381808042709	-0,383220675572	-0,250140698717	0	-0,684674718032	-0,487313984863	-0,969850387901	-1,28425613056	-0,969850387901	0,225877109046	-1,42265155469	-1,32894937463
163800	-0,000807642904287	-0,00104247880379	0	-0,000895227180972	-0,000895227180972	-0,00107208596586	-0,00121698617737	-0,00104247880379	0	-0,000465722469157	0,000171571424288	0,000189931496652	-0,000341765693912	0,000189931496652	0,00123558534816	0,00117007466248	0,000860384483865
164700	0,013986545198	0,0154547487883	0	0,0155078029635	0,0155078029635	0,0158782437746	0,0159030419524	0,0154547487883	0	0,0161370570548	0,0160079618789	0,0163033422842	0,0163991617541	0,0163033422842	0,0872122697864	0,0164067210442	0,0164014241693
165600	-0,000755436989402	-0,000761124676307	0	-0,000752508899715	-0,000752508899715	-0,00068130922562	-0,00085482320908	-0,000761124676307	0	-0,00123359017892	-0,00336805398795	-0,000929028806644	-0,00225597190953	-0,000929028806644	0,0161547945629	2,81335811742e-05	-0,00113306171897
166500	0,000161367061079	0,00030116354374	0	8,88017196792e-05	8,88017196792e-05	1,1404811835e-05	0,000197880971727	0,00030116354374	0	0,000763081364352	-0,000796922350056	0,000284622601103	0,00041477441575	0,000284622601103	-0,123592033767	-0,00275508561894	0,00218448526386
167400	-0,00302626371439	-0,0030493114188	0	-0,00301427339101	-0,00301427339101	-0,00355033092108	-0,00229889837814	-0,0030493114188	0	-0,00230039806318	-0,00190203670578	-0,00249513880607	-0,00293036617837	-0,00249513880607	0,0097031052944	-0,0013441619918	-0,00394261483154
168300	-0,00345853555057	-0,00345033280513	0	-0,00346273174171	-0,00346273174171	-0,00379893549743	-0,0030307531679	-0,00345033280513	0	-0,00405928540156	-0,00366017543362	-0,00353031910073	-0,00415322917664	-0,00353031910073	-0,028089852395	-0,00548552890095	-0,00135957183644
169200	0,00129382966593	0,00113594156	0	0,00137442716329	0,00137442716329	0,00150884018501	0,00119915199972	0,00113594156	0	0,000983866398716	-0,00357692520599	0,000495874142086	0,000719009197669	0,000495874142086	0,0134174990333	0,00199060905325	-0,000544250449383
170100	-0,00022360309111	-0,000267474157364	0	-0,00020127394863	-0,00020127394863	0,000322713469337	-0,000940785838699	-0,000267474157364	0	0,000192946920127	0,000635168549374	-0,000330945102291	0,000848974708706	-0,000330945102291	0,00707951551884	-0,00153142361529	-0,00100483172043
171000	-0,00646080772406	-0,00601729720979	0	-0,0066929434523	-0,0066929434523	-0,00578813752377	-0,00810378881148	-0,00601729720979	0	-0,00485425043845	-0,00166759088772	-0,00534626795391	-0,0041438329521	-0,00534626795391	-0,0118696932238	-0,00530292585889	-0,00503596885616
171900	7,41899450818e-05	0,000292384105652	0	-4,22057874606e-05	-4,22057874606e-05	-0,000481935183947	0,000597207308704	0,000292384105652	0	0,000774865093021	7,0581052467e-05	0,000531125896029	0,000253634567304	0,000531125896029	0,00656866512524	0,000122762702768	0,000408186524877
172800	-0,000484196623911	-0,000553848795301	0	-0,000447282077631	-0,000447282077631	-0,000587694056671	-0,000246084373079	-0,000553848795301	0	0,00038202008111	0,000681202621095	-0,00015987484481	0,000322122476167	-0,00015987484481	0,000863106618244	0,000914826933431	-0,00144942353149
173700	-0,00555517411121	-0,00565751571745	0	-0,00550122915864	-0,00550122915864	-0,00497786363678	-0,00629391660212	-0,00565751571745	0	-0,00723927196322	-0,00142515503817	-0,0048116388784	-0,00733392768965	-0,0048116388784	-0,0739176404087	-0,00384091626136	-0,00433125051023
174600	0,00268693005292	0,0026893558139	0	0,00268562671107	0,00268562671107	0,00323922264948	0,0017544579613	0,0026893558139	0	0,00212496628474	0,0035546654682	0,00216543158964	0,00375812682968	0,00216543158964	0,0146256829763	0,000938199028235	0,001386128359
175500	-0,00880353683508	-0,00864655529215	0	-0,00888686148613	-0,00888686148613	-0,00965994667848	-0,00768537497456	-0,00864655529215	0	-0,00892626104046	-0,0155057158437	-0,00967139230423	-0,01000956948	-0,00967139230423	0,00161872429958	-0,0111480338391	-0,0116432778558
176400	-0,00536547748871	-0,00606273469161	0	-0,00501151637961	-0,00501151637961	-0,00496178124637	-0,0050844875255	-0,00606273469161	0	-0,00678181416153	-0,00909968632409	-0,00713752254284	-0,00585777860697	-0,00713752254284	-0,013955670079	-0,00834031168475	-0,00449230076323
177300	-0,000378790822472	0,00032823567863	0	-0,000761369570019	-0,000761369570019	-0,00164898700781	0,000463550423116	0,00032823567863	0	0,00222524368728	0,00387281774357	0,000886534623141	0,00300556552991	0,000886534623141	0,00756161692903	0,000139893732603	-0,00125070356924
178200	-0,00279773543198	-0,00306297523139	0	-0,00265734149165	-0,00265734149165	-0,00280356975276	-0,00245640025459	-0,00306297523139	0	-0,00348200352048	-0,00470032402737	-0,0020881830226	-0,00676502368348	-0,0020881830226	-0,0739594398487	0,00194401986492	-0,000950813806165
179100	0,00426310518418	0,00427425905301	0	0,00425716220304	0,00425716220304	0,00514646076368	0,00280064773372	0,00427425905301	0	0,00279044795358	0,00645895525756	0,00407205691727	0,00440299208802	0,00407205691727	0,00607686377906	0,00366319867134	0,00434945640939
180000	-0,00704524964298	-0,00709033168002	0	-0,00702134960221	-0,00702134960221	-0,00770746528807	-0,00597780572013	-0,00709033168002	0	-0,0065323697824	-0,0130378341943	-0,00697409026818	-0,00993109262369	-0,00697409026818	-0,378293968928	-0,00698228826196	-0,00472458433884
180900	-0,00646537332497	-0,00700945312454	0	-0,00618726253836	-0,00618726253836	-0,00667765330472	-0,00547587081963	-0,00700945312454	0	-0,00806386340532	-0,0254557007649	-0,00972317570674	-0,00766059381022	-0,00972317570674	0,0155011701156	-0,0132274678349	-0,00981484742003
181800	-0,00101793689888	-0,0011002748198	0	-0,00097607980432	-0,00097607980432	-0,000851570992309	-0,00115840015395	-0,0011002748198	0	-0,00214907786115	0,00520490512338	-0,000265609881177	-0,00138685241228	-0,000265609881177	-0,00674364557525	-0,000185485698384	0,000217586853558
182700	-1,40476167138e-05	0,000408100599759	0	-0,000236860407879	-0,000236860407879	-0,000822265985728	0,000552882109247	0,000408100599759	0	0,00274696606075	-0,000750450211664	0,00106429131468	0,00139685392429	0,00106429131468	-0,00247640781647	0,00198690538995	0,000393139560561
183600	0,000817199612006	0,000651335802483	0	0,000903293740748	0,000903293740748	0,000965127582132	0,00081988352681	0,000651335802483	0	0,000432482892314	0,00255126220518	0,00108852348234	0,000157234700257	0,00108852348234	-0,015395996189	0,00206250058735	0,00169668542518
184500	-0,00307044833961	-0,00284021089472	0	-0,00319209242329	-0,00319209242329	-0,00248403994283	-0,00425033108801	-0,00284021089472	0	-0,003274492096	-0,000717396025947	-0,00277640458268	-0,00238064684768	-0,00277640458268	0,00139013536599	-0,00262493037435	-0,00275320593457
185400	0,00311391903557	0,00287298203976	0	0,00323789186085	0,00323789186085	0,00327253595489	0,00318751696777	0,00287298203976	0	-0,000160769886115	0,000888442862998	0,00127670939249	0,00237206557683	0,00127670939249	0,0113026183179	-0,0008653696295	0,000636949450083
186300	-0,00786806919827	-0,00788158466151	0	-0,00786107774399	-0,00786107774399	-0,00898923251477	-0,00634152177732	-0,00788158466151	0	-0,00305374696257	-0,0102119437657	-0,00615027767778	-0,00686575271041	-0,00615027767778	-0,00655555318446	-0,00603312171929	-0,0062042451022
187200	0,00234856431282	0,0023879352588	0	0,00232821578314	0,00232821578314	0,00275586015741	0,00170849720849	0,0023879352588	0	0,00185552144311	0,00451376764882	0,00249598735374	0,0025456827401	0,00249598735374	-0,00659928132019	0,00328016189759	0,00240075616923
188100	-0,00121002564699	-0,00112822997789	0	-0,00125256756603	-0,00125256756603	-0,000830533618652	-0,00190136902479	-0,00112822997789	0	-0,000788309070492	-0,00207391762496	-0,00110042312186	-0,00122390521145	-0,00110042312186	-0,0079967014878	-0,00090823435936	-0,000914442679578
189000	0,000252893610829	0,000340064784587	0	0,000207209724701	0,000207209724701	-8,43650797039e-05	0,000635128708448	0,000340064784587	0	-0,000748120540423	-0,00117936270154	-0,000571163189265	0,000502172108334	-0,000571163189265	0,00905403472451	-0,00144852978419	-0,000935577899976
189900	-0,000958634108565	-0,000891772648441	0	-0,000993867938883	-0,000993867938883	-0,00135987440596	-0,000482199589602	-0,000891772648441	0	3,00622777209e-06	0,00152801866113	-0,000297722829981	-1,6653161297e-06	-0,000297722829981	0,00675345310431	-0,0015914846602	-0,000650849649799
190800	-5,85155937234e-05	-0,000317938416235	0	7,5095882043e-05	7,5095882043e-05	-0,00017691114001	0,000417085301482	-0,000317938416235	0	-0,000430244174882	-0,00319058673153	-0,000395689564142	-0,00156990745793	-0,000395689564142	-0,00822871120796	0,000343822390103	6,16210742883e-05
191700	0,00331749570517	0,00319766853217	0	0,00337844227775	0,00337844227775	0,00378520929117	0,00278753477947	0,00319766853217	0	0,00269555439285	0,00129319030783	0,00289096124079	0,00253392362569	0,00289096124079	-0,0337869306033	0,00418946926221	0,00300627496475
192600	0,00331806501191	0,00346280155316	0	0,0032431940278	0,0032431940278	0,003471724902	0,00289544674923	0,00346280155316	0	0,00450768597793	0,0066000604362	0,0045619131177	0,00360061187725	0,0045619131177	0,0098637663003	0,00385499487822	0,00633052380804
193500	-0,00438021255489	-0,00436894895359	0	-0,00438600885588	-0,00438600885588	-0,00513992519596	-0,0033365950063	-0,00436894895359	0	-0,00453742662986	-0,0151250505521	-0,00622048308228	-0,00379550761844	-0,00622048308228	-0,00466739474475	-0,00541800563515	-0,0105386321728
194400	0,00215542697965	0,00225350487536	0	0,00210417372323	0,00210417372323	0,00191077083199	0,00236467413043	0,00225350487536	0	0,00236361264676	0,00488328628138	0,00229616053923	0,00332763959735	0,00229616053923	0,0122975893	0,000408856306707	0,00141386582176
195300	0,00184463584032	0,0015946283476	0	0,00197203707737	0,00197203707737	0,00141868232599	0,00266034780312	0,0015946283476	0	0,00130386035867	-0,0040675326493	0,00152502694685	-0,000472237516924	0,00152502694685	-0,0261832579819	0,00337394988707	0,00211078592494
196200	0,00262562474363	0,00271795773287	0	0,00257805604917	0,00257805604917	0,00328618695696	0,00158715138896	0,00271795773287	0	0,00166368845416	0,00803270768134	0,00316017673403	0,00295755796219	0,00316017673403	-0,0264965030984	0,00351021564086	0,00362280824669
197100	0,00159858522459	0,00160152241029	0	0,00159706468577	0,00159706468577	0,00204907237306	0,000916764081912	0,00160152241029	0	0,00233514279808	0,000881590536627	0,00172703721955	0,00189543959589	0,00172703721955	-0,017484928419	0,00149721770549	0,00218998118699
198000	0,00118164951326	0,00122311945653	0	0,00116019745113	0,00116019745113	0,000927741980256	0,00149703470746	0,00122311945653	0	0,00163267217985	-0,000386721240801	0,000393857873517	0,00290028559666	0,000393857873517	0,0155450757653	-0,00120840735286	-0,000829541149959
198900	0,000909430810435	0,00112103557632	0	0,000797839870649	0,000797839870649	0,00026506982981	0,00151088373162	0,00112103557632	0	0,00175893531552	0,000439214680115	0,000833408117769	0,00220604863574	0,000833408117769	0,00661230478899	-0,0010731261701	0,000838018558692
199800	0,00109165906059	0,00119184866235	0	0,00103835040623	0,00103835040623	0,00100074722724	0,00108784689562	0,00119184866235	0	0,00185849551428	0,00587277124486	0,00312321405563	-0,00017463200248	0,00312321405563	-0,0243662024531	0,00583234325797	0,00276801327324
200700	0,0062020143796	0,00619637805593	0	0,00620496355161	0,00620496355161	0,00632491697646	0,00604055589453	0,00619637805593	0	0,0058948230475	0,00840473719241	0,00650426581469	0,00652528471531	0,00650426581469	-0,0712539930947	0,00603192926816	0,00791586617009
201600	0,00759704650903	0,0072116287393	0	0,00778968149765	0,00778968149765	0,00877031470749	0,00597646417194	0,0072116287393	0	0,0052699106561	0,00645838479541	0,00600495006434	0,00737061037255	0,00600495006434	0,0163202623675	0,0046228754986	0,00323453811943
202500	-0,00528762816968	-0,00450023725589	0	-0,00570371742548	-0,00570371742548	-0,00827554018221	-0,00212172986462	-0,00450023725589	0	-0,0014732737668	-0,00560754299954	-0,00239343011845	-0,00679013377755	-0,00239343011845	-0,798679285816	-0,000624911319756	0,00183182144748
203400	0,00771286742317	0,00761673177146	0	0,00776271434591	0,00776271434591	0,0071851981176	0,00846219885348	0,00761673177146	0	0,00780132099872	-0,0023301468839	0,00685858650286	0,0065984250127	0,00685858650286	0,0142183684911	0,00790804225631	0,00592456300612
204300	0,00182014026438	0,00214857842679	0	0,0016437129717	0,0016437129717	0,00222712956918	0,000868750300552	0,00214857842679	0	0,00266046259365	0,00184863470716	0,00260046608333	0,00155617528806	0,00260046608333	0,0129966035533	0,003302776381	0,00299748824811
205200	-0,0603576646664	-0,155874246995	0	-0,156527419375	-0,156527419375	-0,224552123813	-0,254120313411	-0,155874246995	0	-0,457287477845	-0,179592115823	-0,593426337355	-0,69682892495	-0,593426337355	-0,203360667007	-0,894649506973	-0,783355925901
206100	-0,000777797020909	-0,00173249490386	0	-0,00123560495104	-0,00123560495104	-0,00225200741811	-0,00192477999629	-0,00173249490386	0	-0,00110484164763	0,00102257057933	-0,000493699920955	-0,000974126366765	-0,000493699920955	-0,00029473189899	-0,000297349363439	-0,00103251252858
207000	0,0100635442437	0,014041736123	0	0,0138442922412	0,0138442922412	0,0149346386776	0,0148716276427	0,014041736123	0	0,0156907246557	0,0154981755562	0,0159219785334	0,016206660436	0,0159219785334	0,0160780462706	0,0160596051349	0,0159586315159
207900	0,000720164011215	-2,42318191335e-06	0	0,00150168632453	0,00150168632453	0,00294515589202	-0,000223681524886	-2,42318191335e-06	0	-0,00191856420374	-0,00311917899946	2,96965437217e-05	-0,00268338019798	2,96965437217e-05	-0,00417704753411	-0,00373808286407	0,00487078836827
208800	12,0785466982	5,21397762471	0	22,4130855184	22,4130855184	5,74440346917	1,8808757826	5,21397762471	0	10,0596116841	1,61326207597	2,2117634622	2,52588367658	2,2117634622	0,738070024834	1,90497595819	0,826031998797
209700	0,0166360631685	0,0165801278795	0	0,0166469498478	0,0166469498478	0,0165056973	0,0164236585103	0,0165801278795	0	0,0166457881609	0,0164890820127	0,0164820079945	0,0165281138787	0,0164820079945	0,0153891583805	0,016453575658	0,0158916771915
210600	-94,5840424111	-15,3967898883	0	-22,5300336995	-22,5300336995	-2,97383904711	-7,16486674007	-15,3967898883	0	-22,5861462674	-8,71094281182	-22,261773148	-17,5900860772	-22,261773148	-2,58219868841	-82,9879056813	-7,76894991754
211500	0,0166532010099	0,0162838051722	0	0,0165897659257	0,0165897659257	0,0162791600387	0,0164244796883	0,0162838051722	0	0,0163215774098	0,0161291356643	0,0162535778442	0,0160860600752	0,0162535778442	0,0157393087605	0,0165680058699	0,015548235066
212400	-0,00449840009354	0,0117060929014	0	-0,00183722536822	-0,00183722536822	0,00582518483877	0,00184846125872	0,0117060929014	0	0,0123428498716	0,0141861014441	0,012660095253	0,0148889941093	0,012660095253	0,0042677318634	0,0125579575087	0,0140356408927
213300	-0,000454127446479	-0,129629762725	0	-0,00507187886649	-0,00507187886649	-0,0219187056277	-0,0125650034019	-0,129629762725	0	-0,105387667068	-0,157613972989	-0,183479904106	-0,338319558624	-0,183479904106	-0,0363284498756	-0,187479253204	-0,287283632458
214200	0,00963471107267	0,00856308340737	0	0,00963706611501	0,00963706611501	0,00962858041179	0,00943907334852	0,00856308340737	0	0,00962084953227	0,00898563990416	0,00936267539448	0,00929628326743	0,00936267539448	0,00927447060457	0,00916760339473	0,00931743710861
215100	0,00947581898518	0,0159651019676	0	0,011993588799	0,011993588799	0,0115277410467	0,0108765114181	0,0159651019676	0	0,0147421045814	0,0150784774646	0,015862008066	0,0160164303727	0,015862008066	0,0155857854245	0,0101181752228	0,0161295845987
216000	-0,0543113806258	-2,04546650035	0	-0,101052641147	-0,101052641147	-0,0971813376473	-0,0803708517307	-2,04546650035	0	-0,328727801493	-0,360724681083	-1,04460406006	-1,25305348938	-1,04460406006	-0,730078072502	-0,085960490901	-2,04210254529
216900	0,00966538801638	0,0137187091618	0	0,0100077947699	0,0100077947699	0,010253286272	0,0101077909562	0,0137187091618	0	0,0110133918563	0,0107661435691	0,0121734088318	0,0120752331041	0,0121734088318	0,0118371279776	0,0114284224783	0,0131865212742
217800	0,00415657735146	0,0155405777251	0	0,00899534709008	0,00899534709008	0,0103913241217	-0,00302792614915	0,0155405777251	0	0,0130940272202	0,0151263854528	0,0157902826463	0,0149172759565	0,0157902826463	0,0162024480604	0,0162126801155	0,0156537200438
218700	-0,0422131797751	-0,398230591451	0	-0,0754520687335	-0,0754520687335	-0,0907391173589	-0,0175057209692	-0,398230591451	0	-0,18326515502	-0,384093913868	-0,566948909396	-0,343726242399	-0,566948909396	-1,13137205647	-0,979824472856	-0,488517709864
219600	0,0120666556677	0,0108618428235	0	0,0119850530126	0,0119850530126	0,0118229485794	0,0118544639342	0,0108618428235	0	0,0119758380217	0,0117535092061	0,0113630126476	0,0117626210202	0,0113630126476	0,0114541485419	0,0112281597048	0,0117016586051
220500	0,00711042214634	0,00935712292098	0	0,00756197511008	0,00756197511008	0,00781989344376	0,00783530104997	0,00935712292098	0	0,00759038911434	0,00732826265737	0,00779030738554	0,00823343119353	0,00779030738554	0,00784881862039	0,00735352486589	0,00686411114412
221400	0,00380928188007	0,00414336554479	0	0,00381223594335	0,00381223594335	0,00381394180314	0,00369549466255	0,00414336554479	0	0,00386602313352	0,00457842136922	0,00456622660147	0,00444022764648	0,00456622660147	0,00433804878522	0,00416716885675	0,00550666072772
222300	-0,0110970942071	0,0132372865587	0	-0,0028099718143	-0,0028099718143	0,00241615171332	-0,110032973044	0,0132372865587	0	0,0123397106855	0,0111270534246	0,013958895179	0,014695139577	0,013958895179	0,00849479831269	0,012157661332	0,014364678217
223200	0,0307091550176	0,02937193502	0	0,0278473093823	0,0278473093823	0,0320129720959	0,0176375400594	0,02937193502	0	0,0419662653626	0,0497609565599	0,0274049043003	0,0479293458031	0,0274049043003	0,0287021268916	0,0204749539697	0,0274787683566
224100	0,0713608420699	0,0922398300595	0	0,0895208698017	0,0895208698017	0,127194908495	0,239602324036	0,0922398300595	0	0,0382556266544	0,0292799719109	0,0762264606956	0,0366876281522	0,0762264606956	0,0381383675055	0,226967917336	0,0669135067651
225000	0,0059915600892	0,00486491219394	0	0,00749604935871	0,00749604935871	0,0104248291113	0,00842284466487	0,00486491219394	0	-0,0572277520425	-0,00976113529338	-0,0144094388005	-0,0285252501425	-0,0144094388005	0,00441960104658	0,00157597034467	-0,000609548578087
225900	-0,620519495075	-1,00473447437	0	-1,09919312015	-1,09919312015	-1,40437869146	-0,123943572233	-1,00473447437	0	-0,0709272648549	-0,0495916098578	-0,632058464209	-0,428006004814	-0,632058464209	-0,0535948640252	-0,802787913791	-0,298015948122
226800	0,0168217411717	0,0167282058209	0	0,01674994543	0,01674994543	0,0167217597586	0,0169714080044	0,0167282058209	0	0,0169501069914	0,020290272929	0,0167304919434	0,0167720058993	0,0167304919434	0,0256381644227	0,0167117788222	0,0169106851281
227700	-0,03195721838	-0,0319843650783	0	-0,0295499266553	-0,0295499266553	-0,0290372420236	-0,0258683394911	-0,0319843650783	0	-0,0586371539519	-0,0063499686622	-0,043623536533	-0,0532568083624	-0,043623536533	-0,00299284655679	-0,060749221297	-0,03140098187
228600	0,00520389784432	0,00555400932623	0	0,00463757290528	0,00463757290528	0,00560772295276	0,00248122871188	0,00555400932623	0	0,00859857840566	-0,015765315758	0,00841453902888	0,0107229063713	0,00841453902888	0,0116150640658	0,00854141472784	0,0053242190596
229500	0,0101276099487	0,00989420549409	0	0,00997482934277	0,00997482934277	0,00971613200848	0,0096878605007	0,00989420549409	0	0,0107469007744	0,0118801270177	0,0104203258051	0,00957582789766	0,0104203258051	0,00461261775146	0,0107805308895	0,0106690677832
230400	-0,055398254113	-0,148670011789	0	-0,148642571515	-0,148642571515	-0,224479117236	-0,241537921963	-0,148670011789	0	-0,43400335651	-0,168659454044	-0,556609459747	-0,788507081834	-0,556609459747	0,451201233954	-0,708910963999	-0,731322719916
231300	0,0133113905484	0,0151934611038	0	0,0151916281289	0,0151916281289	0,0156425114264	0,0157116876457	0,0151934611038	0	0,016130850911	0,015865837402	0,0162670469018	0,01637028168	0,0162670469018	0,0171784952808	0,0163637886405	0,0163360648962
232200	-0,0757326239062	-0,189394340199	0	-0,191086004465	-0,191086004465	-0,276809102042	-0,300709404877	-0,189394340199	0	-0,540961145726	-0,357673400219	-0,711955348171	-0,985333717343	-0,711955348171	0,588101111905	-0,929971747468	-0,86129553729
233100	0,00295497651629	0,00228855368956	0	0,00265012676731	0,00265012676731	0,00239713260922	0,00173424262389	0,00228855368956	0	0,00163364945752	0,00133813487928	0,00162985490558	0,00145510431326	0,00162985490558	0,0018984126783	0,00216702326576	0,00160418286266
234000	0,0136422138825	0,015335295257	0	0,0153706585448	0,0153706585448	0,0158365265006	0,0157617504933	0,015335295257	0	0,0160550848745	0,0161615925385	0,0163054952679	0,0163728289864	0,0163054952679	0,0211530880274	0,0164111694186	0,016406664745
234900	-0,0823894176652	-0,220307575281	0	-0,221495806196	-0,221495806196	-0,380726708818	-0,331212612481	-0,220307575281	0	-0,512893795365	-0,569988686317	-0,9103771766	-1,04873364182	-0,9103771766	0,098112691397	-1,47218275581	-1,25288571262
235800	0,00183834866444	0,00110129039943	0	0,00141561178027	0,00141561178027	0,000206788107267	0,00165728213212	0,00110129039943	0	-0,00197780577192	-0,00312382519163	-0,00434431806151	-0,00223124629977	-0,00434431806151	-0,00820315549723	-0,00744552986289	-0,0065440689757
236700	-0,00287657141755	-0,00186728377479	0	-0,00235930557994	-0,00235930557994	-0,00144109242281	-0,0017645060459	-0,00186728377479	0	0,0014383710327	0,00127418519946	0,0019086133786	0,00130045447822	0,0019086133786	0,00428634363867	0,00607597054251	3,93273441e-05
237600	-0,000272546168165	0,000194964722702	0	3,87626921892e-05	3,87626921892e-05	0,000691336964693	0,000132620295162	0,000194964722702	0	0,000686704792992	0,000941111262987	0,00180003194748	0,000657901964542	0,00180003194748	0,00344713225951	0,00247961145357	0,00331350794306
238500	0,00127790897229	0,000468536885295	0	0,000789237142469	0,000789237142469	0,000205336173291	-0,000162374046	0,000468536885295	0	-0,00105267709506	-0,00250636047697	-0,00282173778723	-0,00132431939895	-0,00282173778723	-0,00554951917576	-0,00449167552246	-0,00464210733335
239400	0,00329939905077	0,00391066127394	0	0,00361777035941	0,00361777035941	0,00404190034038	0,00426225500229	0,00391066127394	0	0,0044418316936	0,00525675372464	0,00517944770293	0,00471973740463	0,00517944770293	0,00520511887622	0,00379467817375	0,00650231022046
240300	0,00231756773433	0,00270513086548	0	0,00242453235166	0,00242453235166	0,0027255353699	0,00280289245883	0,00270513086548	0	0,00203587981703	0,0013811007904	0,000851485602721	0,00219152031766	0,000851485602721	-0,00564628212162	-0,00254563175599	-0,00282639564937
241200	0,000846639030902	0,000902802799351	0	0,000988584432849	0,000988584432849	0,00100579417217	0,00113191293968	0,000902802799351	0	0,00177803319373	0,000965172823957	0,00287211752192	0,000614898559405	0,00287211752192	0,00747981891946	0,0062969212858	0,00506994484625
242100	-0,00111702470633	-0,000856933358546	0	-0,00102463239864	-0,00102463239864	-0,000583434522637	-0,0013012777493	-0,000856933358546	0	-0,000218297678495	0,00104811829367	-2,11014888236e-05	0,000299123039398	-2,11014888236e-05	0,000348036475786	-5,52872742519e-05	-0,00027334179442
243000	0,00134439725847	0,00108046193437	0	0,00122893696442	0,00122893696442	0,00128677677051	0,000780718794872	0,00108046193437	0	-0,00121726998286	-0,00091989622708	-0,000504271549049	-0,000661579613118	-0,000504271549049	-0,000577661794047	-0,000465199266715	-0,000475349354994
243900	0,00398369792238	0,003863093556	0	0,00384449118229	0,00384449118229	0,00356852295471	0,00386935579933	0,003863093556	0	0,00433217921346	0,00472087882573	0,0031858981473	0,00448323178321	0,0031858981473	0,00114120751029	0,00226869440603	0,000509392757172
244800	-0,00216570050073	-0,00255970524128	0	-0,00228369186684	-0,00228369186684	-0,00263850459967	-0,00246105904097	-0,00255970524128	0	-0,00337094462761	-0,003087280067	-0,00267377338956	-0,00241828692628	-0,00267377338956	-0,000121205231654	-0,000439223525284	0,00074112531512
245700	-0,00454372503488	-0,00586897802259	0	-0,00487048402282	-0,00487048402282	-0,00577920573715	-0,00620057552324	-0,00586897802259	0	-0,0062181574548	-0,00426663740471	-0,00281515805081	-0,00697018873422	-0,00281515805081	0,0341112748783	-0,000986382064483	-0,00115535746529
246600	-0,00749436727982	-0,00714003111532	0	-0,00744367198654	-0,00744367198654	-0,00785936281631	-0,00629038552582	-0,00714003111532	0	-0,00482822388911	-0,00752875724168	-0,00733916902213	-0,00669519279185	-0,00733916902213	-0,00885388321783	-0,00850136956852	-0,010000849193
247500	0,00154176697514	0,00125196955819	0	0,00138060169938	0,00138060169938	0,00117920177241	0,000954668746095	0,00125196955819	0	0,00134498401298	0,00105477831347	0,000982122001165	0,00100062768957	0,000982122001165	0,00123803875856	0,000654173858406	0,00126968227587
248400	0,000437911344673	0,000525321143937	0	0,000465402716128	0,000465402716128	0,000408886325578	0,000884351573981	0,000525321143937	0	-0,000785405675182	-0,000306786575019	-0,00096287900445	-0,0003313657367	-0,00096287900445	-0,00138705279893	-0,00228214196134	-0,000455182935403
249300	-0,0018057437717	-0,00146468056432	0	-0,00162907635886	-0,00162907635886	-0,000970627423772	-0,00199332967192	-0,00146468056432	0	-0,000394783140225	-0,000242918056241	0,000308075934016	-0,000156660187974	0,000308075934016	0,000737904166115	0,00161731753185	1,49738268762e-05
250200	-0,00125139939543	-0,0012589111183	0	-0,00122687388731	-0,00122687388731	-0,00126987816604	-0,00111066428928	-0,0012589111183	0	-0,00144540307203	-0,0014716849347	-0,00125654803081	-0,00142911777984	-0,00125654803081	-0,00150540784477	-0,00155770983218	-0,000983611251699
251100	0,0138971866145	0,0155446902435	0	0,0155094079783	0,0155094079783	0,0159217836711	0,0159739954087	0,0155446902435	0	0,0162655875711	0,0160673310155	0,0163828971033	0,0164443663997	0,0163828971033	0,0133663716926	0,0164797498898	0,0164405797145
252000	-0,00445514493693	-0,00438309663855	0	-0,00449320065207	-0,00449320065207	-0,00445667582955	-0,00454422326008	-0,00438309663855	0	-0,00434173127201	-0,00338603321021	-0,00535782742485	-0,00173343954835	-0,00535782742485	0,00981175673458	-0,00845779118083	-0,0046543210815
252900	-1,94208654377e-05	0,000111016065503	0	-8,92672715604e-05	-8,92672715604e-05	-0,000365513408944	0,00027801736722	0,000111016065503	0	0,000127382087692	-0,00156821837231	0,000545992992458	-0,00174662438091	0,000545992992458	0,00354507753953	-0,000732387285989	0,0014424030428
253800	0,00182337494367	0,00180393121194	0	0,00183373341151	0,00183373341151	0,00173672611469	0,00196122971301	0,00180393121194	0	0,002480279557	0,00431425773709	0,00256391406358	0,00214154296701	0,00256391406358	-0,0351618677309	0,00300911925663	0,00319556638892
254700	5,72705990321e-05	-0,000108816973037	0	0,000144708749803	0,000144708749803	-0,000272438821407	0,000663482598396	-0,000108816973037	0	-6,71695389922e-05	-0,00180810431311	-0,000480265274156	2,24530422323e-05	-0,000480265274156	0,00937069879377	0,000186279314156	-0,0018792110427
255600	-0,00481321379717	-0,00486386578054	0	-0,00478653846218	-0,00478653846218	-0,00463896868932	-0,00497224566586	-0,00486386578054	0	-0,004842255379	-0,00357105176515	-0,00457213739452	-0,00488720701319	-0,00457213739452	-0,00752374076088	-0,00410550523154	-0,00489581196395
256500	-0,00520829124361	-0,00546647901358	0	-0,00507498575612	-0,00507498575612	-0,00530872982566	-0,00478564410695	-0,00546647901358	0	-0,00601796764937	-0,0115733647891	-0,0072940957878	-0,00449436052373	-0,0072940957878	0,00934346587836	-0,00942607587232	-0,00864949116749
257400	-0,000111959701612	0,000136788362055	0	-0,000243239622875	-0,000243239622875	0,000149607036901	-0,000754806838217	0,000136788362055	0	-0,00010920606552	0,00364830847365	0,000481994055975	0,000800732749721	0,000481994055975	0,00338860586826	-0,000213900801787	0,000424829083281
258300	-0,00185429532614	-0,0020157873166	0	-0,00177018508084	-0,00177018508084	-0,0027801140376	-0,000604424198154	-0,0020157873166	0	-0,0012999692955	-0,00692763870484	-0,00198972309929	-0,00316061592606	-0,00198972309929	-0,00597488384075	-0,00118653382938	-0,00197706251821
259200	-0,00256385120029	-0,00278342304289	0	-0,00245133484084	-0,00245133484084	-0,00240168194342	-0,00250762437175	-0,00278342304289	0	-0,00420878361786	-0,0022852728977	-0,00312061093992	-0,00354953201104	-0,00312061093992	-0,0105604362034	-0,00176964991546	-0,00349539085726
260100	-0,00489248274496	-0,0041493548726	0	-0,00529356185326	-0,00529356185326	-0,00307883864538	-0,00858021447832	-0,0041493548726	0	-0,00357973192296	0,00186894134042	-0,00264062440815	-0,003609133581	-0,00264062440815	-0,0642948632289	-0,00172450629573	-0,00145087331197
261000	0,00158053835343	0,00157790015376	0	0,00158194403513	0,00158194403513	0,00125927094305	0,00203538584377	0,00157790015376	0	0,00219116690501	-0,00228879604426	0,00131196584586	0,00118533993533	0,00131196584586	-0,00246398712583	0,00165042735018	0,00101744062334
261900	-0,000496811392454	-0,000540875929771	0	-0,000473159008981	-0,000473159008981	-0,000186221935292	-0,000892999407897	-0,000540875929771	0	-0,00114899956254	0,00063835158703	-0,000721678849527	-0,000264619799448	-0,000721678849527	0,0133638129844	-0,00269631843757	-0,000797274609791
262800	-0,0159141096488	-0,0160482960928	0	-0,0158423264385	-0,0158423264385	-0,0158188900478	-0,0158756765221	-0,0160482960928	0	-0,0153177457494	-0,00908497648341	-0,0154468711303	-0,0124802709903	-0,0154468711303	0,000192757410049	-0,0199039727238	-0,0159970401945
263700	0,00299486926066	0,00310274247772	0	0,00293660644002	0,00293660644002	0,00305397549767	0,00276002096842	0,00310274247772	0	0,00279254745312	0,00429780607668	0,0035494658787	0,00245632457395	0,0035494658787	-0,0162188493218	0,00405389825723	0,00524199193352
264600	-0,00472786429647	-0,00460623551417	0	-0,00479402424185	-0,00479402424185	-0,00463373432981	-0,00503949959763	-0,00460623551417	0	-0,0032867562704	-0,00530211606371	-0,00419209859973	-0,00440376159135	-0,00419209859973	-0,00946083086414	-0,00278579015541	-0,00509055320931
265500	0,00132662820597	0,00127545166076	0	0,00135432905463	0,00135432905463	0,00123167575887	0,00153814896832	0,00127545166076	0	0,000923420328556	0,000235847872692	0,00129449804113	8,39385692064e-05	0,00129449804113	-0,115624076496	0,00182696511515	0,0022366430253
266400	-0,0045976317076	-0,00502471863413	0	-0,00437303641039	-0,00437303641039	-0,00548931756555	-0,00289484127619	-0,00502471863413	0	-0,00606553680359	-0,012350344792	-0,00735888936706	-0,00436873353557	-0,00735888936706	0,0153873847556	-0,0097994721325	-0,0102310813688
267300	-0,004011607086	-0,00427062987391	0	-0,00387772564388	-0,00387772564388	-0,00371410931949	-0,00409646151402	-0,00427062987391	0	-0,00437698178043	-0,00282710509545	-0,00394409893273	-0,00444121286493	-0,00394409893273	-0,00203480143378	-0,00520566614636	-0,00325260311856
