time	sensor_1	sensor_2	sensor_3	sensor_4	sensor_5	sensor_6	sensor_7	sensor_8	sensor_9	sensor_10	sensor_11	sensor_12	sensor_13	sensor_14	sensor_15	sensor_16	sensor_17
0	0	0	0	0	0	0	0	0	0	0	0	0	0	0	0	0	0
900	0,00505956876369	0,00475718017256	0	0,00521776024798	0,00521776024798	0,00574842063628	0,00436914483967	0,00475718017256	0	0,00316213362825	0,00622667757614	0,00444953846389	0,00431599255963	0,00444953846389	0,0100613980987	0,00432499681379	0,00407265705594
1800	-0,0336552418399	-0,0382507111833	0	-0,0315445857202	-0,0315445857202	-0,0227221106117	-0,0584506384051	-0,0382507111833	0	-6,20738969428	-0,0114919148258	-0,0611446385312	-0,0379096887662	-0,0611446385312	0,00876743288934	-0,198805372799	-0,0722076319263
2700	0,0119438998818	0,0123471578893	0	0,0117323228408	0,0117323228408	0,0105014622521	0,0135996942398	0,0123471578893	0	0,0166293380538	0,00594799451355	0,0135251886256	0,0122933809061	0,0135251886256	-0,0136649771394	0,0155435520702	0,0138812671261
3600	-0,000107835817423	-0,000510385314126	0	9,5907662314e-05	9,5907662314e-05	-0,000443581024113	0,000852388554695	-0,000510385314126	0	-0,000472015438379	0,000405216830884	-0,000516423245735	-7,58222192504e-05	-0,000516423245735	0,00287254585757	-0,00138916081139	-2,43677393949e-05
4500	-0,00218884453583	-0,00180875856652	0	-0,00238723672055	-0,00238723672055	-0,00378022403161	-0,000725753072321	-0,00180875856652	0	4,45847391281e-05	-0,00428545435343	-0,00153177407544	-0,000888595309667	-0,00153177407544	0,00178387976584	-0,00262545667149	-0,000973251576164
5400	-0,00307218915611	-0,00273138630514	0	-0,00325487581276	-0,00325487581276	-0,00255102032223	-0,00416489691876	-0,00273138630514	0	-0,00278551095559	0,00391462350746	-0,00135941912526	-0,00279643025891	-0,00135941912526	-0,00740574389946	-0,00045173110852	-0,00163248381256
6300	-0,00173546808069	-0,00148556553309	0	-0,00187228334267	-0,00187228334267	-0,00106858852642	-0,00302607836921	-0,00148556553309	0	-0,00148638805238	0,00253578690828	-0,000796994968823	-0,000640774519317	-0,000796994968823	0,00578929775324	-0,00149994010292	-0,00122455742737
7200	0,0020737025378	0,0019723765369	0	0,00212858422054	0,00212858422054	0,00224831549084	0,00195317642342	0,0019723765369	0	0,000368135339705	-0,00250572867591	0,000846629332205	0,000456770203211	0,000846629332205	-0,0392011552068	0,00151361090548	0,00199052681598
8100	-0,0041137026186	-0,00446979613877	0	-0,0039257761638	-0,0039257761638	-0,00339880408331	-0,00474976619961	-0,00446979613877	0	-0,00397189390457	-0,00662914659252	-0,00446145300929	-0,00492767639107	-0,00446145300929	-0,110416625612	-0,00313098101125	-0,00502780045992
9000	-0,000926431402691	-0,0010347335076	0	-0,000869808945545	-0,000869808945545	-0,000962080927268	-0,000727448877624	-0,0010347335076	0	-0,00120811239136	-0,00569396982114	-0,00214116196082	-0,000401812355146	-0,00214116196082	0,0150059198488	-0,00351726285955	-0,00229054379093
9900	0,000282653409975	0,00070070688116	0	5,52557339112e-05	5,52557339112e-05	-0,00104466463061	0,00150769053307	0,00070070688116	0	0,00218557270236	-0,000190477228502	0,00126255353667	0,00101024837852	0,00126255353667	0,00716031482965	0,000310269348495	0,00130434453577
10800	-0,00179787946371	-0,0020371603142	0	-0,00167027493428	-0,00167027493428	-0,00171162340118	-0,00161595802473	-0,0020371603142	0	-0,00205488753948	0,00166893696176	-0,00136398420322	-0,00210681425198	-0,00136398420322	-0,00242431743874	-0,00132652925806	-0,0012593143048
11700	0,000864585229072	0,0007595128966	0	0,000920050966963	0,000920050966963	0,00153589594478	3,05825553101e-05	0,0007595128966	0	-0,00132956803491	0,00429133289103	0,000808825342737	0,00015810877161	0,000808825342737	-0,708905070532	0,0031650687021	0,000419890331611
12600	0,00116561291559	0,00122508382366	0	0,00113403212305	0,00113403212305	0,00150391911118	0,000566783754917	0,00122508382366	0	0,00152167521958	-0,000592775261198	0,00109222202559	0,000973949711157	0,00109222202559	0,0128867108193	0,00103508688076	0,00129342896263
13500	0,0010980814563	0,00106453923763	0	0,00111583245112	0,00111583245112	0,00131573186494	0,000798951811433	0,00106453923763	0	0,000258842195216	0,000528731160734	0,000486877964904	0,00127590136068	0,000486877964904	0,014100902957	-0,00117836303558	0,000689876967427
14400	-0,00226990441868	-0,0022859406235	0	-0,00226142476258	-0,00226142476258	-0,00270255504395	-0,0016018820285	-0,0022859406235	0	-0,00131080011108	-0,00337957897641	-0,0024678035728	-0,00120529352017	-0,0024678035728	0,00882854312224	-0,00449589539264	-0,00276214781192
15300	-0,00210730832011	-0,00196575591706	0	-0,00218299884438	-0,00218299884438	-0,003023822741	-0,00105177231793	-0,00196575591706	0	-0,000292694349424	-0,0012995812341	-0,00107952573623	-0,00165344303665	-0,00107952573623	0,000222115418809	-0,00128596043304	-0,00115868997139
16200	0,0025297003422	0,00272754350608	0	0,00242158122391	0,00242158122391	0,00268908115772	0,00204511113234	0,00272754350608	0	0,00255768643709	0,00566824826884	0,00288326598925	0,00378387707904	0,00288326598925	-0,107343054601	0,00619594617835	0,00137387631427
17100	-0,000959122582801	-0,00123410334486	0	-0,000812391504604	-0,000812391504604	-0,000487282338157	-0,00129138481371	-0,00123410334486	0	-0,00244096381915	-0,00163069205028	-0,000970474797225	-0,00366100347532	-0,000970474797225	-0,0340932715662	-0,00195086199581	0,000633434352713
18000	2,77539180063e-05	-9,21194632897e-05	0	9,10193336692e-05	9,10193336692e-05	0,000116266918075	5,36805415237e-05	-9,21194632897e-05	0	-0,000846351727887	-0,0179039743532	-0,00222532869434	-0,00140232714836	-0,00222532869434	0,0125025344096	-0,00283184423075	-0,002393672807
18900	0,00047819076	0,000470544676786	0	0,00048222260261	0,00048222260261	0,000335023119897	0,00069511630045	0,000470544676786	0	0,00122847090692	0,00341054926627	0,000990383688448	0,00125395704944	0,000990383688448	0,0109626301364	-0,000509727845169	0,0014691983164
19800	-0,00129340434412	-0,0014093009602	0	-0,00123287667552	-0,00123287667552	-0,00151391113545	-0,000841451193782	-0,0014093009602	0	-0,00131332220949	0,00102880308774	-0,00109335730908	-0,00104061787722	-0,00109335730908	0,00746534074224	-0,00219315474333	-0,00169288081237
20700	0,00139009016785	0,0015309304632	0	0,00131548893703	0,00131548893703	0,00139358384441	0,00120537734386	0,0015309304632	0	0,00197181547925	0,00200537306257	0,00194451642988	0,00126678304761	0,00194451642988	-0,0375252647941	0,00388044927942	0,00191051782671
21600	0,00131487511786	0,00151451910707	0	0,00120698068652	0,00120698068652	0,00164923323163	0,000537247852116	0,00151451910707	0	0,00198151616421	0,00396562520846	0,00223094369534	0,00151577609908	0,00223094369534	-0,00238522317028	0,00412138063195	0,00114204248071
22500	0,000980277539774	0,000844285870126	0	0,00105280091523	0,00105280091523	0,000730976588519	0,00151614727621	0,000844285870126	0	8,06388113191e-05	-0,00102213610918	-9,7181572139e-05	0,0013402655221	-9,7181572139e-05	0,0104111952777	-0,00328581786226	0,000799838358138
23400	0,000658690612841	0,000605707878721	0	0,000686802793754	0,000686802793754	0,000389305332136	0,00109651519404	0,000605707878721	0	-2,44738986389e-05	-0,00205879433699	6,67274642021e-05	6,42935871091e-05	6,67274642021e-05	0,00407446322214	-0,00157881960415	0,00101655287997
24300	-0,000584922889354	-0,000758099129316	0	-0,000494423302216	-0,000494423302216	-0,000631722336906	-0,000308864227513	-0,000758099129316	0	-0,000162824298002	-0,00016658045534	-0,000704654934735	8,63022838761e-05	-0,000704654934735	0,00404666574317	-0,00122184875681	-0,00112599765911
25200	0,00186779083522	0,00192864902353	0	0,00183578420385	0,00183578420385	0,0023433970968	0,00108969964573	0,00192864902353	0	0,00159697927635	0,00556064282798	0,00268325372387	0,00156933327121	0,00268325372387	-0,0507578265784	0,00398671993381	0,00341883744442
26100	0,000410222585343	0,000669510555711	0	0,000270467773722	0,000270467773722	0,000196210325149	0,000378402974484	0,000669510555711	0	0,00170878811352	-0,000870489820905	0,000875550458216	0,000761489518972	0,000875550458216	-0,00683470646955	0,00114077008259	0,000812736544227
27000	-0,00016006402178	-0,000196591151997	0	-0,000140441464233	-0,000140441464233	-0,000382226806035	0,000199019123199	-0,000196591151997	0	-0,000256175945104	-0,00242215657606	-0,000736672658674	9,04116512232e-05	-0,000736672658674	0,00716878859206	-0,000630127360715	-0,00120835136872
27900	0,00188502166195	0,00200446153884	0	0,00182004850772	0,00182004850772	0,00168186242972	0,00200981100498	0,00200446153884	0	0,00243147819272	0,00347260218785	0,00252969780825	0,00194408115681	0,00252969780825	-0,0413147718076	0,00231618455004	0,0031994926103
28800	0,00304803057398	0,00309377665062	0	0,00302301088623	0,00302301088623	0,00305030208644	0,0	0,00309377665062	0	0,00343243129657	0,00393104073946	0,00319422172336	0,00369567430681	0,00319422172336	0,0159550031244	0,00100169384907	0,00227642635018
29700	0,00228243742759	0,001615187721	0	0,00262285170592	0,00262285170592	0,00227555450343	0,0	0,001615187721	0	-0,000592410271489	-0,00371712117628	0,000315466922141	-6,08162739159e-05	0,000315466922141	-0,00871945333683	0,00231254047977	-0,000377096819328
30600	0,00485494451711	0,00552628975188	0	0,0044802610659	0,0	0,0051614074973	0,0	0,00552628975188	0	0,00742698555111	0,0106815679778	0,00702023091945	0,00750850336646	0,00702023091945	0,0109667398188	0,00614088258077	0,00685322167237
31500	-0,00224719830505	-0,00251361252663	0	-0,0021016997534	0,0	-0,00282370699617	0,0	-0,00251361252663	0	-0,00279359690804	-0,0192077259391	-0,00346715138572	-0,00695154771553	-0,00346715138572	-0,0165629983005	-0,00103439081232	0,000877616243838
32400	-0,00394616399038	-0,00369164627005	0	-0,0040878473789	0,0	0,0	0,0	-0,00369164627005	0	-0,00335499482485	0,00393026725548	-0,00348812346004	0,000195438882011	-0,00348812346004	0,0049790009821	-0,00621314912511	-0,00937644226367
33300	0,00119237417507	0,00115446209511	0	0,00121339729095	0,0	0,0	0,0	0,00115446209511	0	0,000961540979746	0,00313825990795	0,00137761591264	0,00156448398439	0,00137761591264	0,00146681126794	0,00168665492401	0,00104552567664
34200	-0,00190394268453	-0,00259655687592	0	-0,00097436011	0,0	0,0	0,0	-0,00259655687592	0	-0,00962418983259	-0,00503423473546	-0,00387443046547	-0,00623327632943	-0,00387443046547	-0,0212045928306	0,0	-0,00149271010565
35100	0,00515834970313	0,00500153671422	0	0,00487189418984	0,0	0,0	0,0	0,00500153671422	0	0,00567354924761	0,00655968080454	0,00531900949164	0,00479150786257	0,00531900949164	-0,0960571696725	0,0	0,0045769137578
36000	-0,0198566286833	-0,0171396239095	0	-0,0172918723226	0,0	0,0	0,0	-0,0171396239095	0	-0,0138172344787	-0,0143037826015	-0,0116077082742	-0,0155499257014	-0,0116077082742	0,015488961469	0,0	0,0
36900	0,00302166324383	0,00438460671166	0	0,00187512205444	0,0	0,0	0,0	0,00438460671166	0	0,00742984063444	-0,00160333221083	0,00428619024366	0,00530574334267	0,00428619024366	0,00330844967994	0,0	0,0
37800	0,00436348917383	0,00382664583226	0	0,00432328012063	0,0	0,0	0,0	0,00382664583226	0	0,00050486937681	0,00848927647762	0,00412243993207	0,00120058865912	0,00584415584416	-0,0281872230557	0,0	0,0
38700	-0,121200539033	-1,53949104544	0	-0,209943613439	0,0	0,0	0,0	-1,53949104544	0	-0,44762415913	-0,0292529476175	-0,239574705823	-0,157021982787	0,0	0,00732182295187	0,0	0,0
39600	0,0112652045404	0,0151497060788	0	0,0129408909795	0,0	0,0	0,0	0,0151497060788	0	-0,000155237003624	-0,0842035192731	0,00434616253142	-0,0515652841629	0,0	0,00724081053107	0,0	0,0
40500	0,00677483044294	0,0120313649329	0	0,006408829751	0,0	0,0	0,0	0,0120313649329	0	0,0159167211368	0,0129887166567	0,0108067558986	0,0161494496335	0,0	0,0	0,0	0,0
41400	0,00458423335103	0,00449205316047	0	0,00548280071271	0,0	0,0	0,0	0,00449205316047	0	-0,0192487913707	0,00743729068102	-0,00177207758072	-0,00155642500823	0,0	0,0	0,0	0,0
42300	0,0131706440111	0,0137487800885	0	0,0132845976439	0,0	0,0	0,0	0,0137487800885	0	0,0147249650606	0,0134754120351	0,0150098927668	0,0137033091389	0,0	0,0	0,0	0,0
43200	-0,00190460383662	-0,00223054872946	0	-0,00187164671532	0,0	0,0	0,0	-0,00223054872946	0	-0,00266562587521	-0,000938414978549	-0,00269743126434	-0,00157839603111	0,0	0,0	0,0	0,0
44100	-0,0171153579211	-0,0171972685339	0	-0,0186197366684	0,0	0,0	0,0	-0,0171972685339	0	-0,0135390626366	-0,0248341414109	-0,021002572781	-0,014963084724	0,0	0,0	0,0	0,0
45000	0,00649171905187	0,00651045963552	0	0,00655779616325	0,0	0,0	0,0	0,00651045963552	0	0,00799173581316	0,00874779548088	0,00855089331024	0,00599643147054	0,0	0,0	0,0	0,0
45900	-0,000405918586169	0,000188051552623	0	-0,000706138145615	0,0	0,0	0,0	0,000188051552623	0	-0,000779641111133	0,00145868701679	-0,000512649765731	0,00136513109988	0,0	0,0	0,0	0,0
46800	-0,00636870286657	-0,00740775697593	0	-0,00681750599593	0,0	0,0	0,0	-0,00740775697593	0	-0,00910166931399	-0,00762360452157	-0,00896519467035	-0,010328144296	0,0	0,0	0,0	0,0
47700	0,00889969334181	0,00888683952747	0	0,00942084342162	0,0	0,0	0,0	0,00888683952747	0	0,00754465289442	0,00894029014355	0,00915003865557	0,00856795346239	0,0	0,0	0,0	0,0
48600	-0,00892273414907	-0,0102452845207	0	-0,00905386394751	0,0	0,0	0,0	-0,0102452845207	0	-0,0134471667778	-0,00737884148752	-0,00980056781967	-0,0166941985394	0,0	0,0	0,0	0,0
49500	-0,00762657302531	-0,00696939497954	0	-0,00772591715229	0,0	0,0	0,0	-0,00696939497954	0	-0,00273329158323	-0,006456281647	-0,00797633951557	0,000458778419506	0,0	0,0	0,0	0,0
50400	0,0101026166433	0,0104974617226	0	0,0101742769643	0,0	0,0	0,0	0,0104974617226	0	0,0105219823821	0,00954822043863	0,0109550113974	0,00990467822484	0,0	0,0	0,0	0,0
51300	0,0	-0,0262334856939	0	-0,0261343159778	0,0	0,0	0,0	-0,0262334856939	0	-0,0262321770065	-0,0148373729726	-0,0247432812912	-0,0236491977704	0,0	0,0	0,0	0,0
52200	0,0	-0,208138242072	0	-0,147644752795	0,0	0,0	0,0	-0,208138242072	0	-0,0728740855601	-0,0993085245245	-1,08299654134	-0,0742187032607	0,0	0,0	0,0	0,0
53100	0,0	0,0137001632325	0	0,0	0,0	0,0	0,0	0,0137001632325	0	0,00593749458704	0,00601604235552	0,016112271541	0,00595839413123	0,0	0,0	0,0	0,0
54000	0,0	-0,000434387929509	0	0,0	0,0	0,0	0,0	-0,000434387929509	0	0,000319355836702	-0,0121648658928	-0,00131037396138	-0,000126946486754	0,0	0,0	0,0	0,0
54900	0,0	0,00381023255334	0	0,0	0,0	0,0	0,0	0,0	0	0,0100565457018	0,0117284142739	0,00468673612235	0,00635642457176	0,0	0,0	0,0	0,0
55800	0,0	-0,0155684853767	0	0,0	0,0	0,0	0,0	0,0	0	-0,0218552761203	-0,0347990136521	-0,0114748964815	-0,0131919039965	0,0	0,0	0,0	0,0
56700	0,0	0,0106426552092	0	0,0	0,0	0,0	0,0	0,0	0	0,0102189613693	0,0123564199089	0,01018565934	0,0103608313794	0,0	0,0	0,0	0,0
57600	0,0	-0,00951629366605	0	0,0	0,0	0,0	0,0	0,0	0	-0,0107958778123	-0,0271667117333	-0,0128491443033	-0,00918109500919	0,0	0,0	0,0	0,0
58500	0,0	0,00666495906502	0	0,0	0,0	0,0	0,0	0,0	0	0,00671559618584	0,00239084901776	0,00566830879129	0,007007498547	0,0	0,0	0,0	0,0
59400	0,0	0,00168405296298	0	0,0	0,0	0,0	0,0	0,0	0	0,0	0,0051663570657	0,00268989369904	0,000474594816168	0,0	0,0	0,0	0,0
60300	0,0	-0,00102779877771	0	0,0	0,0	0,0	0,0	0,0	0	0,0	0,000245222217	-0,00252979554856	-0,00232863403801	0,0	0,0	0,0	0,0
61200	0,0	0,00215814991881	0	0,0	0,0	0,0	0,0	0,0	0	0,0	0,0	0,00307749807167	0,00182007192509	0,0	0,0	0,0	0,0
62100	0,0	-0,00256486119061	0	0,0	0,0	0,0	0,0	0,0	0	0,0	0,0	-0,00204871275643	-0,00280227180324	0,0	0,0	0,0	0,0
63000	0,0	0,000293374253873	0	0,0	0,0	0,0	0,0	0,0	0	0,0	0,0	5,60825261302e-05	0,0	0,0	0,0	0,0	0,0
63900	0,0	-0,000524857050136	0	0,0	0,0	0,0	0,0	0,0	0	0,0	0,0	4,90701944497e-05	0,0	0,0	0,0	0,0	0,0
64800	0,0	-0,00195055673851	0	0,0	0,0	0,0	0,0	0,0	0	0,0	0,0	0,0	0,0	0,0	0,0	0,0	0,0
65700	0,0	0,00307997432617	0	0,0	0,0	0,0	0,0	0,0	0	0,0	0,0	0,0	0,0	0,0	0,0	0,0	0,0
66600	0,0	-0,000581307997819	0	0,0	0,0	0,0	0,0	0,0	0	0,0	0,0	0,0	0,0	0,0	0,0	0,0	0,0
67500	0,0	-0,00180727411453	0	0,0	0,0	0,0	0,0	0,0	0	0,0	0,0	0,0	0,0	0,0	0,0	0,0	0,0
68400	0,0	0,00463870766131	0	0,0	0,0	0,0	0,0	0,0	0	0,0	0,0	0,0	0,0	0,0	0,0	0,0	-0,038888888888888876
69300	0,0	-0,00176753370049	0	0,0	0,0	0,0	0,0	0,0	0	0,0	0,0	0,0	0,0	0,0	0,0	0,0	0,0
70200	0,0	0,00198445719703	0	0,0	0,0	0,0	0,0	0,0	0	0,0	0,0	0,0	0,0	0,0	0,0	0,0	0,0
71100	0,0	0,00190440737253	0	0,0	0,0	0,0	0,0	0,0	0	0,0	0,0	0,0	0,0	0,0	0,0	0,0	0,0
72000	0,0	0,000614173505493	0	0,0	0,0	0,0	0,0	0,0	0	0,0	0,0	0,0	0,0	0,0	0,0	0,0	0,0
72900	0,0	-0,00328516124901	0	0,0	0,0	0,0	0,0	0,0	0	0,0	0,0	0,0	0,0	0,0	0,0	0,0	0,0
73800	0,0	-0,000554345874842	0	0,0	0,0	0,0	0,0	0,0	0	0,0	0,0	0,0	0,0	0,0	0,0	0,0	0,0
74700	0,0	-0,00101644110599	0	0,0	0,0	0,0	0,0	0,0	0	0,0	0,0	0,0	0,0	0,0	0,0	0,0	0,0
75600	0,0	-0,00352357504021	0	0,0	0,0	0,0	0,0	0,0	0	0,0	0,0	0,0	0,0	0,0	0,0	0,0	0,0
76500	0,0	0,000256906448527	0	0,0	0,0	0,0	0,0	0,0	0	0,0	0,0	0,0	0,0	0,0	0,0	0,0	0,0
77400	0,0	-0,0022685575833	0	0,0	0,0	0,0	0,0	0,0	0	0,0	0,0	0,0	0,0	0,0	0,0	0,0	0,0
78300	0,0	0,00108000929783	0	0,0	0,0	0,0	0,0	0,0	0	0,0	0,0	0,0	0,0	0,0	0,0	0,0	0,0
79200	0,0	-0,00196937167158	0	0,0	0,0	0,0	0,0	0,0	0	0,0	0,0	0,0	0,0	0,0	0,0	0,0	0,0
80100	0,0	-0,000575256863991	0	0,0	0,0	0,0	0,0	0,0	0	0,0	0,0	0,0	0,0	0,0	0,0	0,0	0,0
81000	0,0	-0,00152396206964	0	0,0	0,0	0,0	0,0	0,0	0	0,0	0,0	0,0	0,0	0,0	0,0	0,0	0,0
81900	0,0	0,000798780946585	0	0,0	0,0	0,0	0,0	0,0	0	0,0	0,0	0,0	0,0	0,0	0,0	0,0	0,0
82800	0,0	-0,00349681385811	0	0,0	0,0	0,0	0,0	0,0	0	0,0	0,0	0,0	0,0	0,0	0,0	0,0	0,0
83700	0,0	-0,000848442533237	0	0,0	0,0	0,0	0,0	0,0	0	0,0	0,0	0,0	0,0	0,0	0,0	0,0	0,0
84600	0,0	-0,000381537057996	0	0,0	0,0	0,0	0,0	0,0	0	0,0	0,0	0,0	0,0	0,0	0,0	0,0	0,0
85500	0,0	-0,00208735266272	0	0,0	0,0	0,0	0,0	0,0	0	0,0	0,0	0,0	0,0	0,0	0,0	0,0	0,0
86400	0,0	-0,00591603135725	0	0,0	0,0	0,0	0,0	0,0	0	0,0	0,0	0,0	0,0	0,0	0,0	0,0	0,0
87300	0,0	-0,000496711958384	0	0,0	0,0	0,0	0,0	0,0	0	0,0	0,0	0,0	0,0	0,0	0,0	0,0	0,0
88200	0,0	-0,000194057797998	0	0,0	0,0	0,0	0,0	0,0	0	0,0	0,0	0,0	0,0	0,0	0,0	0,0	0,0
89100	0,0	-0,0027823100379	0	0,0	0,0	0,0	0,0	0,0	0	0,0	0,0	0,0	0,0	0,0	0,0	0,0	0,0
90000	0,0	-0,0022365085876	0	0,0	0,0	0,0	0,0	0,0	0	0,0	0,0	0,0	0,0	0,0	0,0	0,0	0,0
90900	0,0	0,00113327275839	0	0,0	0,0	0,0	0,0	0,0	0	0,0	0,0	0,0	0,0	0,0	0,0	0,0	0,0
91800	0,0	-0,00313342540055	0	0,0	0,0	0,0	0,0	0,0	0	0,0	0,0	0,0	0,0	0,0	0,0	0,0	0,0
92700	0,0	0,00165411075341	0	0,0	0,0	0,0	0,0	0,0	0	0,0	0,0	0,0	0,0	0,0	0,0	0,0	0,0
93600	0,0	0,000562931680447	0	0,0	0,0	0,0	0,0	0,0	0	0,0	0,0	0,0	0,0	0,0	0,0	0,0	0,0
94500	0,0	-0,00113497704706	0	0,0	0,0	0,0	0,0	0,0	0	0,0	0,0	0,0	0,0	0,0	0,0	0,0	0,0
95400	0,0	-0,000690882770232	0	0,0	0,0	0,0	0,0	0,0	0	0,0	0,0	0,0	0,0	0,0	0,0	0,0	0,0
96300	0,0	-0,00158604191976	0	0,0	0,0	0,0	0,0	0,0	0	0,0	0,0	0,0	0,0	0,0	0,0	0,0	0,0
97200	0,0	0,000863597011144	0	0,0	0,0	0,0	0,0	0,0	0	0,0	0,0	0,0	0,0	0,0	0,0	0,0	0,0
98100	0,0	0,000559695513184	0	0,0	0,0	0,0	0,0	0,0	0	0,0	0,0	0,0	0,0	0,0	0,0	0,0	0,0
99000	0,0	0,00019974538823	0	0,0	0,0	0,0	0,0	0,0	0	0,0	0,0	0,0	0,0	0,0	0,0	0,0	0,0
99900	0,0	5,19989871889e-05	0	0,0	0,0	0,0	0,0	0,0	0	0,0	0,0	0,0	0,0	0,0	0,0	0,0	0,0
100800	0,0	-0,00307315530955	0	0,0	0,0	0,0	0,0	0,004676258992805756	0	0,0	0,0	0,0	0,0	0,0	0,0	0,0	0,0
101700	0,0	0,0020049417497	0	0,0	0,0	0,0	0,0	0,0	0	0,0	0,0	0,0	0,0	0,0	0,0	0,0	0,0
102600	0,0	0,00092466427415	0	0,0	0,0	0,0	0,0	0,0	0	0,0	0,0	0,0	0,0	0,0	0,0	0,0	0,0
103500	0,0	-0,000998154512617	0	0,0	0,0	0,0	0,0	0,0	0	0,0	0,0	0,0	0,0	0,0	0,0	0,0	0,0
104400	0,0	0,00297047058282	0	0,0	0,0	0,0	0,0	0,0	0	0,0	0,0	0,0	0,0	0,0	0,0	0,0	0,0
105300	0,0	-0,000603498881346	0	0,0	0,0	0,0	0,0	0,0	0	0,0	0,0	0,0	0,0	0,0	0,0	0,0	0,0
106200	0,0	0,000541002492325	0	0,0	0,0	0,0	0,0	0,0	0	0,0	0,0	0,0	0,0	0,0	0,0	0,0	0,0
107100	0,0	0,00335717337556	0	0,0	0,0	0,0	0,0	0,0	0	0,0	0,0	0,0	0,0	0,0	0,0	0,0	0,0
108000	0,0	0,00368759450489	0	0,0	0,0	0,0	0,0	0,0	0	0,0	0,0	0,0	0,0	0,0	0,0	0,0	0,0
108900	0,0	0,000520184453476	0	0,0	0,0	0,0	0,0	0,0	0	0,0	0,0	0,0	0,0	0,0	0,0	0,0	0,0
109800	0,0	0,0023744790662	0	0,0	0,0	0,0	0,0	0,0	0	0,0	0,0	0,0	0,0	0,0	0,0	0,0	0,0
110700	0,0	0,000463509007953	0	0,0	0,0	0,0	0,0	0,0	0	0,0	0,0	0,003543307086614174	0,0	0,0	0,0	0,0	0,0
111600	0,0	0,00190737233048	0	0,0	0,0	0,0	0,0	0,0	0	0,0	0,0	0,0	0,0	0,0	0,0	0,0	0,0
112500	0,0	-3,36153714245e-05	0	0,0	0,0	0,0	0,0	0,0	0	0,0	0,0	0,0	0,0	0,0	0,0	0,0	0,0
113400	0,0	0,00168273463563	0	0,0	0,0	0,0	0,0	0,0	0	0,0	0,0	0,0	0,0	0,0	0,0	0,0	0,0
114300	0,0	0,000347873811492	0	0,0	0,0	0,0	0,0	0,0	0	0,0	0,0	0,0	0,0	0,0	0,0	0,0	0,0
115200	0,0	0,00310380224091	0	0,0	0,0	0,0	0,0	0,0	0	0,0	0,0	0,0	0,0	0,0	0,0	0,0	0,0
116100	0,0	0,000742256551988	0	0,0	0,0	0,0	0,0	0,0	0	0,0	0,0	0,0	0,0	0,0	0,0	0,0	0,0
117000	0,0	0,00143068924823	0	0,0	0,0	0,0	0,0	0,0	0	0,0	0,0	0,0	0,0	0,0	0,0	0,0	0,0
117900	0,0	-0,00606339371025	0	0,0	0,0	0,0	0,0	0,0	0	0,0	0,0	0,0	0,0	0,0	0,0	0,0	0,0
118800	0,0	0,00312189109986	0	0,0	0,0	0,0	0,0	0,0	0	0,0	0,0	0,0	0,0	0,0	0,0	0,0	0,0
119700	0,0	-0,0196550381084	0	0,0	0,0	0,0	0,0	0,0	0	0,0	0,0	0,0	0,0	0,0	0,0	0,0	0,0
120600	0,0	0,00919000289277	0	0,0	0,0	0,0	0,0	0,0	0	0,0	0,0	0,0	0,0	0,0	0,0	0,0	0,0
121500	0,0	-0,0129529298662	0	0,0	0,0	0,0	0,0	0,0	0	0,0	0,0	0,0	0,0	0,0	0,0	0,0	0,0
122400	0,0	0,00589852957881	0	0,0	0,0	0,0	0,0	0,0	0	0,0	0,0	0,0	0,0	0,0	0,0	0,0	0,0
123300	0,0	0,00406468092762	0	0,0	0,0	0,0	0,0	0,0	0	0,0	0,0	0,0	0,0	0,0	0,0	0,0	0,0
124200	0,0	0,000347293831391	0	0,0	0,0	0,0	0,0	0,0	0	0,0	0,0	0,0	0,0	0,0	0,0	0,0	0,0
125100	0,0	0,00545123497338	0	0,0	0,0	0,0	0,0	0,0	0	0,0	0,0	0,0	0,0	0,0	0,0	0,0	0,0
126000	0,0	-0,0022190391296	0	0,0	0,0	0,0	0,0	0,0	0	0,0	0,0	0,0	0,0	0,0	0,0	0,0	0,0
126900	0,0	0,000109210626722	0	0,0	0,0	0,0	0,0	0,0	0	0,0	0,0	0,0	0,0	0,0	0,0	0,0	0,0
127800	0,0	-0,00264681441953	0	0,0	0,0	0,0	0,0	0,0	0	0,0	0,0	0,0	0,0	0,0	0,0	0,0	0,0
128700	0,0	0,00400928331861	0	0,0	0,0	0,0	0,0	-0,007487922705314011	0	0,0	0,0	0,0	0,0	0,0	0,0	0,0	0,0
129600	0,0	-0,000657616848641	0	0,0	0,0	0,0	0,0	0,0	0	0,0	0,0	0,0	0,0	0,0	0,0	0,0	0,0
130500	0,0	-0,00361237406594	0	0,0	0,0	0,0	0,0	0,0	0	0,0	0,0	0,0	0,0	0,0	0,0	0,0	0,0
131400	0,0	6,64747526388e-05	0	0,0	0,0	0,0	0,0	0,0	0	0,0	0,0	0,0	0,0	0,0	0,0	0,0	0,0
132300	0,0	-0,000177732284886	0	0,0	0,0	0,0	0,0	0,0	0	0,0	0,0	0,0	0,0	0,0	0,0	0,0	0,0
133200	0,0	-0,00160516549145	0	0,0	0,0	0,0	0,0	0,0	0	0,0	0,0	0,0	0,0	0,0	0,0	0,0	0,0
134100	0,0	-0,0124035286565	0	0,0	0,0	0,0	0,0	0,0	0	0,0	0,0	0,0	0,0	0,0	0,0	0,0	0,0
135000	0,0	0,00600314920178	0	0,0	0,0	0,0	0,0	0,0	0	0,0	0,0	0,0	0,0	0,0	0,0	0,0	0,0
135900	0,0	0,0029027236682	0	0,0	0,0	0,0	0,0	0,0	0	0,0	0,0	0,0	0,0	0,0	0,0	0,0	0,0
136800	0,0	-0,00781572850116	0	0,0	0,0	0,0	0,0	0,0	0	0,0	0,0	0,0	0,0	0,0	0,0	0,0	0,0
137700	0,0	0,0078145605083	0	0,0	0,0	0,0	0,0	0,0	0	0,0	0,0	0,0	0,0	0,0	0,0	0,0	0,0
138600	0,0	0,00326333526587	0	0,0	0,0	0,0	0,0	0,0	0	0,0	0,0	0,0	0,0	0,0	0,0	0,0	0,0
139500	0,0	-0,0285795139692	0	0,0	0,0	0,0	0,0	0,0	0	0,0	0,0	0,0	0,0	0,0	0,0	0,0	0,0
140400	0,0	-0,0199943567593	0	0,0	0,0	0,0	0,0	0,0	0	0,0	0,0	0,0	0,0	0,0	0,0	0,0	0,0
141300	0,0	-0,012382992629	0	0,0	0,0	0,0	0,0	0,0	0	0,0	0,0	0,0	0,0	0,0	0,0	0,0	0,0
142200	0,0	-0,0214888068869	0	0,0	0,0	0,0	0,0	0,0	0	0,0	0,0	0,0	0,0	0,0	0,0	0,0	0,0
143100	0,0	0,0106475465346	0	0,0	0,0	0,0	0,0	0,0	0	0,0	0,0	0,0	0,0	0,0	0,0	0,0	0,0
144000	0,0	0,0109478280629	0	0,0	0,0	0,0	0,0	0,0	0	0,0	0,0	0,0	0,0	0,0	0,0	0,0	0,0
144900	0,0	-0,000522280438342	0	0,0	0,0	0,0	0,0	0,0	0	0,0	0,0	0,0	0,0	0,0	0,0	0,0	0,0
145800	0,0	-0,00228848437702	0	0,0	0,0	0,0	0,0	0,0	0	0,0	0,0	0,0	0,0	0,0	0,0	0,0	0,0
146700	0,0	0,00403476700315	0	0,0	0,0	0,0	0,0	0,0	0	0,0	0,0	0,0	0,0	0,0	0,0	0,0	0,0
147600	0,0	-0,00021383555638	0	0,0	0,0	0,0	0,0	0,0	0	0,0	0,0	0,0	0,0	0,0	0,0	0,0	0,0
148500	0,0	0,00214372259474	0	0,0	-0,007843137254901964	0,0	0,0	0,0	0	0,0	0,0	0,0	0,0	0,0	0,0	0,0	0,0
149400	0,0	0,00202192493947	0	0,0	0,0	0,0	0,0	0,0	0	0,0	0,0	0,0	0,0	0,0	0,0	0,0	0,0
150300	0,0	-0,00206720996269	0	0,0	0,0	0,0	0,0	0,0	0	0,0	0,0	0,0	0,0	0,0	0,0	0,0	0,0
151200	0,0	0,00212903706675	0	0,0	0,0	0,0	0,0	0,0	0	0,0	0,0	0,0	0,0	0,0	0,0	0,0	0,0
152100	0,0	9,01310554049e-05	0	0,0	0,0	0,0	0,0	0,0	0	0,0	0,0	0,0	0,0	0,0	0,0	0,0	0,0
153000	0,0	0,000889335925424	0	0,0	0,0	0,0	0,0	0,0	0	0,0	0,0	0,0	0,0	0,0	0,0	0,0	0,0
153900	0,0	0,00130242648455	0	0,0	0,0	0,0	0,0	0,0	0	0,0	0,0	0,0	0,0	0,0	0,0	0,0	0,0
154800	0,0	0,000613426219434	0	0,0	0,0	0,0	0,0	0,0	0	0,0	0,0	0,0	0,0	0,0	0,0	0,0	0,0
155700	0,0	-0,000393898296679	0	0,0	0,0	0,0	0,0	0,0	0	0,0	0,0	0,0	0,0	0,0	0,0	0,0	0,0
156600	0,0	-0,000979524448633	0	0,0	0,0	0,0	0,0	0,0	0	0,0	0,0	0,0	0,0	0,0	0,0	0,0	0,0
157500	0,0	0,000838796322725	0	0,0	0,0	0,0	0,0	0,0	0	0,0	0,0	0,0	0,0	0,0	0,0	0,0	0,0
158400	0,0	-0,00103876651935	0	0,0	0,0	0,0	0,0	0,0	0	0,0	0,0	0,0	0,0	0,0	0,0	0,0	0,0
159300	0,0	-0,000797852651436	0	0,0	0,0	0,0	0,0	0,0	0	0,0	0,0	0,0	0,0	0,0	0,0	0,0	0,0
160200	0,0	-0,00376991762345	0	0,0	0,0	0,0	0,0	0,0	0	0,0	0,0	0,0	0,0	0,0	0,0	0,0	0,0
161100	0,0	0,000541756957836	0	0,0	0,0	0,0	-0,011111111111111112	0,0	0	0,0	0,0	0,0	0,0	0,0	0,0	0,0	0,0
162000	0,0	-0,00109799399207	0	0,0	0,0	0,0	0,0	0,0	0	0,0	0,0	0,0	0,0	0,0	0,0	0,0	0,0
162900	0,0	0,00055837622324	0	0,0	0,0	0,0	0,0	0,0	0	0,0	0,0	0,0	0,0	0,0	0,0	0,0	0,0
163800	0,0	-0,00060612768265	0	0,0	0,0	0,0	0,0	0,0	0	0,0	0,0	0,0	0,0	0,0	0,0	0,0	0,0
164700	0,0	-0,00203593225085	0	0,0	0,0	0,0	0,0	0,0	0	0,0	0,0	0,0	0,0	0,0	0,0	0,0	0,0
165600	0,0	-0,000378830973286	0	0,0	0,0	0,0	0,0	0,0	0	0,0	0,0	0,0	0,0	0,0	0,0	0,0	0,0
166500	0,0	0,000215278025744	0	0,0	0,0	0,0	0,0	0,0	0	0,0	0,0	0,0	0,0	0,0	0,0	0,0	0,0
167400	0,0	-0,00147023960809	0	0,0	0,0	0,0	0,0	0,0	0	0,0	0,0	0,0	0,0	0,0	0,0	0,0	0,0
168300	0,0	-0,00164057399026	0	0,0	0,0	0,0	0,0	0,0	0	0,0	0,0	0,0	0,0	0,0	0,0	0,0	0,0
169200	0,0	0,000502711376805	0	0,0	0,0	0,0	0,0	0,0	0	0,0	0,0	0,0	0,0	0,0	0,0	0,0	0,0
170100	0,0	-0,000153121791464	0	0,0	0,0	0,0	0,0	0,0	0	0,0	0,0	0,0	0,0	0,0	0,0	0,0	0,0
171000	0,0	-0,00260595647563	0	0,0	0,0	0,0	0,0	0,0	0	0,0	0,0	0,0	0,0	0,0	0,0	0,0	0,0
171900	0,0	0,00024624390574	0	0,0	0,0	0,0	0,0	0,0	0	0,0	0,0	0,0	0,0	0,0	0,0	0,0	0,0
172800	0,0	-0,000305973351075	0	0,0	0,0	0,0	0,0	0,0	0	0,0	0,0	0,0	0,0	0,0	0,0	0,0	0,0
173700	0,0	-0,00266277476791	0	0,0	0,0	0,0	0,0	0,0	0	0,0	0,0	0,0	0,0	0,0	0,0	0,0	0,0
174600	0,0	0,00140494901097	0	0,0	0,0	0,0	0,0	0,0	0	0,0	0,0	0,0	0,0	0,0	0,0	0,0	0,0
175500	0,0	-0,00381524001306	0	0,0	0,0	0,0	0,0	0,0	0	0,0	0,0	0,0	0,0	0,0	0,0	0,0	0,0
176400	0,0	-0,00307536490216	0	0,0	0,0	0,0	0,0	0,0	0	0,0	0,0	0,0	0,0	0,0	0,0	0,0	0,0
177300	0,0	0,000480777259694	0	0,0	0,0	0,0	0,0	0,0	0	0,0	0,0	0,0	0,0	0,0	0,0	0,0	0,0
178200	0,0	-0,00157906095628	0	0,0	0,0	0,0	0,0	0,0	0	0,0	0,0	0,0	0,0	0,0	0,0	0,0	0,0
179100	0,0	0,00230099016733	0	0,0	0,0	0,0	0,0	0,0	0	0,0	0,0	0,0	0,0	0,0	0,0	0,0	0,0
180000	0,0	-0,00324895784958	0	0,0	0,0	0,0	0,0	0,0	0	0,0	0,0	0,0	0,0	0,0	0,0	0,0	0,0
180900	0,0	-0,00340971945731	0	0,0	0,0	0,0	0,0	0,0	0	0,0	0,0	0,0	0,0	0,0	0,0	0,0	0,0
181800	0,0	-0,000577897298441	0	0,0	0,0	0,0	0,0	0,0	0	0,0	0,0	0,0	0,0	0,0	0,0	0,0	0,0
182700	0,0	0,00039681607344	0	0,0	0,0	0,0	0,0	0,0	0	0,0	0,0	0,0	0,0	0,0	0,0	0,0	0,0
183600	0,0	0,000251127082624	0	0,0	0,0	0,0	0,0	0,0	0	0,0	0,0	0,0	0,0	0,0	0,0	0,0	0,0
184500	0,0	-0,00126797760967	0	0,0	0,0	0,0	0,0	0,0	0	0,0	0,0	0,0	0,0	0,0	0,0	0,0	0,0
185400	0,0	0,00138194434053	0	0,0	0,0	0,0	0,0	0,0	0	0,0	0,0	0,0	0,0	0,0	0,0	0,0	0,0
186300	0,0	-0,00356548005232	0	0,0	0,0	0,0	0,0	0,0	0	0,0	0,0	0,0	0,0	0,0	0,0	0,0	0,0
187200	0,0	0,00125946085353	0	0,0	0,0	0,0	0,0	0,0	0	0,0	0,0	0,0	0,0	0,0	0,0	0,0	0,0
188100	0,0	-0,000518853712315	0	0,0	0,0	0,0	0,0	0,0	0	0,0	0,0	0,0	0,0	0,0	0,0	0,0	0,0
189000	0,0	0,000210936976891	0	0,0	0,0	0,0	0,0	0,0	0	0,0	0,0	0,0	0,0	0,0	0,0	0,0	0,0
189900	0,0	-0,000410439097371	0	0,0	0,0	0,0	0,0	0,0	0	0,0	0,0	0,0	0,0	0,0	0,0	0,0	0,0
190800	0,0	-0,000276802729359	0	0,0	0,0	0,0	0,0	0,0	0	0,0	0,0	0,0	0,0	0,0	0,0	0,0	0,0
191700	0,0	0,00162258111158	0	0,0	0,0	0,0	0,0	0,0	0	0,0	0,0	0,0	0,0	0,0	0,0	0,0	0,0
192600	0,0	0,00190574387152	0	0,0	0,0	0,0	0,0	0,0	0	0,0	0,0	0,0	0,0	0,0	0,0	0,0	0,0
193500	0,0	-0,00205285347642	0	0,0	0,0	0,0	0,0	0,0	0	0,0	0,0	0,0	0,0	0,0	0,0	0,0	0,0
194400	0,0	0,00121552703238	0	0,0	0,0	0,0	0,0	0,0	0	0,0	0,0	0,0	0,0	0,0	0,0	0,0	0,0
195300	0,0	0,00069583077579	0	0,0	0,0	0,0	0,0	0,0	0	0,0	0,0	0,0	0,0	0,0	0,0	0,0	0,0
196200	0,0	0,00146526613482	0	0,0	0,0	0,0	0,0	0,0	0	0,0	0,0	0,0	0,0	0,0	0,0	0,0	0,0
197100	0,0	0,000822369066554	0	0,0	0,0	0,0	0,0	0,0	0	0,0	0,0	0,0	0,0	0,0	0,0	0,0	0,0
198000	0,0	0,000642826915078	0	0,0	0,0	0,0	0,0	0,0	0	0,0	0,0	0,0	0,0	0,0	0,0	0,0	0,0
198900	0,0	0,000669251429196	0	0,0	0,0	0,0	0,0	0,005092592592592591	0	0,0	0,0	0,0	0,0	0,0	0,0	0,0	0,0
199800	0,0	0,00065413971715	0	0,0	0,0	0,0	0,0	0,0	0	0,0	0,0	0,0	0,0	0,0	0,0	0,0	0,0
200700	0,0	0,0034532875564	0	0,0	0,0	0,0	0,0	0,0	0	0,0	0,0	0,0	0,0	0,0	0,0	0,0	0,0
201600	0,0	0,00387243222607	0	0,0	0,0	0,0	0,0	0,0	0	0,0	0,0	0,0	0,0	0,0	0,0	0,0	0,0
202500	0,0	-0,00180500945444	0	0,0	0,0	0,0	0,0	0,0	0	0,0	0,0	0,0	0,0	0,0	0,0	0,0	0,0
203400	0,0	0,00432510020395	0	0,0	0,0	0,0	0,0	0,0	0	0,0	0,0	0,0	0,0	0,0	0,0	0,0	0,0
204300	0,0	0,00126913782116	0	0,0	0,0	0,0	0,0	0,0	0	0,0	0,0	0,0	0,0	0,0	0,0	0,0	0,0
205200	0,0	0,00359490750528	0	0,0	0,0	0,0	0,0	0,0	0	0,0	0,0	0,0	0,0	0,0	0,0	0,0	0,0
206100	0,0	-0,000843171181788	0	0,0	0,0	0,0	0,0	0,0	0	0,0	0,0	0,0	0,0	0,0	0,0	0,0	0,0
207000	0,0	-0,0097078029386	0	0,0	0,0	0,0	0,0	0,0	0	0,0	0,0	0,0	0,0	0,0	0,0	0,0	0,0
207900	0,0	-0,000339925787592	0	0,0	0,0	0,0	0,0	0,0	0	0,0	0,0	0,0	0,0	0,0	0,0	0,0	0,0
208800	0,0	-0,149723424661	0	0,0	0,0	0,0	0,0	0,0	0	0,0	0,0	0,0	0,0	0,0	0,0	0,0	0,0
209700	0,0	0,0143527430995	0	0,0	0,0	0,0	0,0	0,0	0	0,0	0,0	0,0	0,0	0,0	0,0	0,0	0,0
210600	0,0	-0,0695791549561	0	0,0	0,0	0,0	0,0	0,0	0	0,0	0,0	0,0	0,0	0,0	0,0	0,0	0,0
211500	0,0	0,0152392499988	0	0,0	0,0	0,0	0,0	0,0	0	0,0	0,0	0,0	0,0	0,0	0,0	0,0	0,0
212400	0,0	-0,0818846495877	0	0,0	0,0	0,0	0,0	0,0	0	0,0	0,0	0,0	0,0	0,0	0,0	0,0	0,0
213300	0,0	0,0135620702034	0	0,0	0,0	0,0	0,0	0,0	0	0,0	0,0	0,0	0,0	0,0	0,0	0,0	0,0
214200	0,0	0,00588160957335	0	0,0	0,0	0,0	0,0	0,0	0	0,0	0,0	0,0	0,0	0,0	0,0	0,0	0,0
215100	0,0	-0,0407705835185	0	0,0	0,0	0,0	0,0	0,0	0	0,0	0,0	0,0	0,0	0,0	0,0	0,0	0,0
216000	0,0	0,0101833507377	0	0,0	0,0	0,0	0,0	0,0	0	0,0	0,0	0,0	0,0	0,0	0,0	0,0	0,0
216900	0,0	0,00575402830038	0	0,0	0,0	0,0	0,0	0,0	0	0,0	0,0	0,0	0,0	0,0	0,0	0,0	0,0
217800	0,0	-0,066845729772	0	0,0	0,0	0,0	0,0	0,0	0	0,0	0,0	0,0	0,0	0,0	0,0	0,0	0,0
218700	0,0	0,0112031245035	0	0,0	0,0	0,0	0,0	0,0	0	0,0	0,0	0,0	0,0	0,0	0,0	0,0	0,0
219600	0,0	0,00794880922769	0	0,0	0,0	0,0	0,0	0,0	0	0,0	0,0	0,0	0,0	0,0	0,0	0,0	0,0
220500	0,0	0,00400947743355	0	0,0	0,0	0,0	0,0	0,0	0	0,0	0,0	0,0	0,0	0,0	0,0	0,0	0,0
221400	0,0	0,00198743050483	0	0,0	0,0	0,0	-0,006481481481481483	0,0	0	0,0	0,0	0,0	0,0	0,0	0,0	0,0	0,0
222300	0,0	-0,0840884454616	0	0,0	0,0	0,0	0,0	0,0	0	0,0	0,0	0,0	0,0	0,0	0,0	0,0	0,0
223200	0,0	0,00266051125972	0	0,0	0,0	0,0	0,0	0,0	0	0,0	0,0	0,0	0,0	0,0	0,0	0,0	0,0
224100	0,0	-0,0245783258568	0	0,0	0,0	0,0	0,0	0,0	0	0,0	0,0	0,0	0,0	0,0	0,0	0,0	0,0
225000	0,0	0,00191810660078	0	0,0	0,0	0,0	0,0	0,0	0	0,0	0,0	0,0	0,0	0,0	0,0	0,0	0,0
225900	0,0	-0,145554167188	0	0,0	0,0	0,0	0,0	0,0	0	0,0	0,0	0,0	0,0	0,0	0,0	0,0	0,0
226800	0,0	0,0160088150898	0	0,0	0,0	0,0	0,0	0,0	0	0,0	0,0	0,0	0,0	0,0	0,0	0,0	0,0
227700	0,0	-0,0118153679965	0	0,0	0,0	0,0	0,0	0,0	0	0,0	0,0	0,0	0,0	0,0	0,0	0,0	0,0
228600	0,0	0,00324787557779	0	0,0	0,0	0,0	0,0	0,0	0	0,0	0,0	0,0	0,0	0,0	0,0	0,0	0,0
229500	0,0	0,00587145207439	0	0,0	0,0	0,0	0,0	0,0	0	0,0	0,0	0,0	0,0	0,0	0,0	0,0	0,0
230400	0,0	0,00392323470821	0	0,0	0,0	0,0	0,0	0,0	0	0,0	0,0	0,0	0,0	0,0	0,0	0,0	0,0
231300	0,0	-0,00381328058621	0	0,0	0,0	0,0	0,0	0,0	0	0,0	0,0	0,0	0,0	0,0	0,0	0,0	0,0
232200	0,0	0,00238733208746	0	0,0	0,0	0,0	0,0	0,0	0	0,0	0,0	0,0	0,0	0,0	0,0	0,0	0,0
233100	0,0	0,0013578154065	0	0,0	0,0	0,0	0,0	0,0	0	0,0	0,0	0,0	0,0	0,0	0,0	0,0	0,0
234000	0,0	-0,00314249937677	0	0,0	0,0	0,0	0,0	0,0	0	0,0	0,0	0,0	0,0	0,0	0,0	0,0	0,0
234900	0,0	0,00188261641588	0	0,0	0,0	0,0	0,0	0,0	0	0,0	0,0	0,0	0,0	0,0	0,0	0,0	0,0
235800	0,0	0,000989806233344	0	0,0	0,0	0,0	0,0	0,0	0	0,0	0,0	0,0	0,0	0,0	0,0	0,0	0,0
236700	0,0	-0,00131729507538	0	0,0	0,0	0,0	0,0	0,0	0	0,0	0,0	0,0	0,0	0,0	0,0	0,0	0,0
237600	0,0	-8,36268577373e-05	0	0,0	0,0	0,0	0,0	0,0	0	0,0	0,0	0,0	0,0	0,0	0,0	0,0	0,0
238500	0,0	0,000575734443262	0	0,0	0,0	0,0	0,0	0,0	0	0,0	0,0	0,0	0,0	0,0	0,0	0,0	0,0
239400	0,0	0,00188526869565	0	0,0	0,0	0,0	0,0	0,0	0	0,0	0,0	0,0	0,0	0,0	0,0	0,0	0,0
240300	0,0	0,00149569512894	0	0,0	0,0	0,0	0,0	0,0	0	0,0	0,0	0,0	0,0	0,0	0,0	0,0	0,0
241200	0,0	0,000295898638988	0	0,0	0,0	0,0	0,0	0,0	0	0,0	0,0	0,0	0,0	0,0	0,0	0,0	0,0
242100	0,0	-0,000517256161601	0	0,0	0,0	0,0	0,0	0,0	0	0,0	0,0	0,0	0,0	0,0	0,0	0,0	0,0
243000	0,0	0,000724682699962	0	0,0	0,0	0,0	0,0	0,0	0	0,0	0,0	0,0	0,0	0,0	0,0	0,0	0,0
243900	0,0	0,00212001552012	0	0,0	0,0	0,0	0,0	0,0	0	0,0	0,0	0,0	0,0	0,0	0,0	0,0	0,0
244800	0,0	-0,00119109511229	0	0,0	0,0	0,0	0,0	0,0	0	0,0	0,0	0,0	0,003944020356234098	0,0	0,0	0,0	0,0
245700	0,0	-0,00277857334971	0	0,0	0,0	0,0	0,0	0,0	0	0,0	0,0	0,0	0,0	0,0	0,0	0,0	0,0
246600	0,0	-0,00326789085252	0	0,0	0,0	0,0	0,0	0,0	0	0,0	0,0	0,0	0,0	0,0	0,0	0,0	0,0
247500	0,0	0,000698163486474	0	0,0	0,0	0,0	0,0	0,0	0	0,0	0,0	0,0	0,0	0,0	0,0	0,0	0,0
248400	0,0	0,000370657338404	0	0,0	0,0	0,0	0,0	0,0	0	0,0	0,0	0,0	0,0	0,0	0,0	0,0	0,0
249300	0,0	-0,000894893215692	0	0,0	0,0	0,0	0,0	0,006118143459915612	0	0,0	0,0	0,0	0,0	0,0	0,0	0,0	0,0
250200	0,0	-0,000617516794626	0	0,0	0,0	0,0	0,0	0,0	0	0,0	0,0	0,0	0,0	0,0	0,0	0,0	0,0
251100	0,0	-0,00164964213065	0	0,0	0,0	0,0	0,0	0,0	0	0,0	0,0	0,0	0,0	0,0	0,0	0,0	0,0
252000	0,0	-0,00203447019573	0	0,0	0,0	0,0	0,0	0,0	0	0,0	0,0	0,0	0,0	0,0	0,0	0,0	0,0
252900	0,0	0,00011490447586	0	0,0	0,0	0,0	0,0	0,0	0	0,0	0,0	0,0	0,0	0,0	0,0	0,0	0,0
253800	0,0	0,000918341494311	0	0,0	0,0	0,0	0,0	0,0	0	0,0	0,0	0,0	0,0	0,0	0,0	0,0	0,0
254700	0,0	-0,000130330261665	0	0,0	0,0	0,0	0,0	0,0	0	0,0	0,0	0,0	0,0	0,0	0,0	0,0	0,0
255600	0,0	-0,00229667547885	0	0,0	0,0	0,0	0,0	0,0	0	0,0	0,0	0,0	0,0	0,0	0,0	0,0	0,0
256500	0,0	-0,00264270660528	0	0,0	0,0	0,0	0,0	0,0	0	0,0	0,0	0,0	0,0	0,0	0,0	0,0	0,0
257400	0,0	0,00018126892011	0	0,0	0,0	0,0	0,0	0,0	0	0,0	0,0	0,0	0,0	0,0	0,0	0,0	0,0
258300	0,0	-0,00104910478039	0	0,0	0,0	0,0	0,0	0,0	0	0,0	0,0	0,0	0,0	0,0	0,0	0,0	0,0
259200	0,0	-0,00143150763941	0	0,0	0,0	0,0	0,0	0,0	0	0,0	0,0	0,0	0,0	0,0	0,0	0,0	0,0
260100	0,0	-0,00166377803916	0	0,0	0,0	0,0	0,0	0,0	0	0,0	0,0	0,0	0,0	0,0	0,0	0,0	0,0
261000	0,0	0,000807268253068	0	0,0	0,0	0,0	0,0	0,0	0	0,0	0,0	0,0	0,0	0,0	0,0	0,0	0,0
261900	0,0	-0,000288057049772	0	0,0	0,0	0,0	0,0	0,0	0	0,0	0,0	0,0	0,0	0,0	0,0	0,0	0,0
262800	0,0	-0,00672740468478	0	0,0	0,0	0,0	0,0	0,0	0	0,0	0,0	0,0	0,0	0,0	0,0	0,0	0,0
263700	0,0	0,00168530702815	0	0,0	0,0	0,0	0,0	0,0	0	0,0	0,0	0,0	0,0	0,0	0,0	0,0	0,0
264600	0,0	-0,00211390626292	0	0,0	-0,04285714285714285	0,0	0,0	0,0	0	0,0	0,0	0,0	0,0	0,0	0,0	0,0	0,0
265500	0,0	0,000626096065071	0	0,0	0,0	0,0	0,0	0,0	0	0,0	0,0	0,0	0,0	0,0	0,0	0,0	0,0
266400	0,0	-0,00252010107151	0	0,0	0,0	0,0	0,0	0,0	0	0,0	0,0	0,0	0,0	0,0	0,0	0,0	0,0
267300	0,0	-0,00212002650542	0	0,0	0,0	0,0	0,0	0,0	0	0,0	0,0	0,0	0,0	0,0	0,0	0,0	0,0
