time	sensor_1	sensor_2	sensor_3	sensor_4	sensor_5	sensor_6	sensor_7	sensor_8	sensor_9	sensor_10	sensor_11	sensor_12	sensor_13	sensor_14	sensor_15	sensor_16	sensor_17
0	0	0	0	0	0	0	0	0	0	0	0	0	0	0	0	0	0
900	0,00226912471555	0,000732797452225	0,0	0,00153632241884	0,00153632241884	0,00104137189626	0,000494949686534	0,000732797452225	0,0	0,000329619654197	0,000264418408978	0,000960250251404	0,000366584266149	0,000960250251404	9,15106953188e-05	0,000460460471662	0,000408278885469
1800	-0,00499907008008	-0,00178818654087	0,0	-0,00321087510365	-0,00321087510365	-0,00174173561788	-0,00146913809888	-0,00178818654087	0,0	-0,00173267506077	-0,000288845552316	-0,00282640176434	-0,000983303470142	-0,00282640176434	0,00016824793985	-0,00163716520781	-0,00135748408008
2700	0,00626087327029	0,00222717682044	0,0	0,00403368454719	0,00403368454719	0,00217612885658	0,0018575537306	0,00222717682044	0,0	0,00207247820936	0,000232461805945	0,00331690906678	0,00121520510334	0,00331690906678	-0,000144091717076	0,00189950018382	0,00156150005695
3600	-5,61630771871e-05	-8,93276657488e-05	0,0	3,31648150861e-05	3,31648150861e-05	-8,95365270044e-05	0,000122701317984	-8,93276657488e-05	0,0	-5,72061262984e-05	1,62314758429e-05	-0,000122841045711	-7,46111043859e-06	-0,000122841045711	3,65975322462e-05	-0,000156701424315	-2,73711869718e-06
4500	-0,0010076581342	-0,000285576669004	0,0	-0,000722078728947	-0,000722078728947	-0,000621965504279	-0,000100112715782	-0,000285576669004	0,0	5,4179612932e-06	-0,000136548886595	-0,000333692931834	-8,30142078509e-05	-0,000333692931834	2,54515887517e-05	-0,000255855051513	-0,000103289383992
5400	-0,00119418888621	-0,000370523586231	0,0	-0,000823662467112	-0,000823662467112	-0,000364007483423	-0,000459654480517	-0,000370523586231	0,0	-0,000290024750691	0,000163023519616	-0,00027381231947	-0,000223711962945	-0,00027381231947	-7,31555323602e-05	-4,28602574843e-05	-0,000157796467371
6300	-0,000610973321223	-0,000185030472251	0,0	-0,000425941585411	-0,000425941585411	-0,000143290767308	-0,000282650594605	-0,000185030472251	0,0	-0,00014208931805	0,000124552534528	-0,00015320347983	-4,93635442901e-05	-0,00015320347983	8,76252487087e-05	-0,000130564054209	-0,000110264634879
7200	0,000833791205797	0,000278638683365	0,0	0,000555150749019	0,000555150749019	0,000348496246457	0,000206654206356	0,000278638683365	0,0	3,59862847714e-05	-0,000106990749805	0,00017145399403	3,61799010807e-05	0,00017145399403	-0,000177006515244	0,000144914714901	0,00020354574478
8100	-0,00132659767778	-0,000497915605083	0,0	-0,000828679329929	-0,000828679329929	-0,000437588983554	-0,000391089919817	-0,000497915605083	0,0	-0,000313542550494	-0,000202507300368	-0,00071271930119	-0,000301245481814	-0,00071271930119	-6,53860571716e-05	-0,00025235611377	-0,000394976985387
9000	-0,000283025804306	-0,000108526966505	0,0	-0,000174498330524	-0,000174498330524	-0,000117105999104	-5,73922520746e-05	-0,000108526966505	0,0	-8,89230301838e-05	-0,000129647101112	-0,000303111076484	-2,39858755569e-05	-0,000303111076484	8,91781835744e-05	-0,000234089132199	-0,000158200071197
9900	8,78406323934e-05	7,67183496791e-05	0,0	1,11221048709e-05	1,11221048709e-05	-0,000119658064133	0,000130780163793	7,67183496791e-05	0,0	0,000185148223975	-4,28800682949e-06	0,000193381150903	6,41973033396e-05	0,000193381150903	7,46041494906e-05	2,10414855063e-05	9,77354868716e-05
10800	-0,000504326639405	-0,000198749639632	0,0	-0,000305576143499	-0,000305576143499	-0,000177793936123	-0,000127782079124	-0,000198749639632	0,0	-0,000154970559608	4,1751834793e-05	-0,000193112783571	-0,000118855371849	-0,000193112783571	-2,20516344522e-05	-8,33287366414e-05	-8,77323803462e-05
11700	0,000255795913932	7,76376829579e-05	0,0	0,000178157819662	0,000178157819662	0,000175734982385	2,42276497502e-06	7,76376829579e-05	0,0	-9,28621659683e-05	0,000144583810426	0,000120354162581	9,00509180157e-06	0,000120354162581	-0,000148117977713	0,000245428324945	3,00084247773e-05
12600	0,00037078970686	0,000135163725078	0,0	0,000235625335074	0,000235625335074	0,000189143644004	4,6481586496e-05	0,000135163725078	0,0	0,000116957998931	-1,92858831904e-05	0,000173921581316	5,89141099847e-05	0,000173921581316	1,18719975081e-05	8,55784121166e-05	0,000100215134292
13500	0,000373944782217	0,000125464525817	0,0	0,000248479562752	0,000248479562752	0,000179658838987	6,8820606653e-05	0,000125464525817	0,0	2,02088119953e-05	1,77658152646e-05	7,98617033386e-05	8,35773164765e-05	7,98617033386e-05	8,43841206502e-05	-9,09909092527e-05	5,57598514207e-05
14400	-0,000680342963812	-0,000236921245601	0,0	-0,000443420486875	-0,000443420486875	-0,00031753552753	-0,000125884755982	-0,000236921245601	0,0	-9,48773254289e-05	-9,4412291186e-05	-0,000352582980462	-7,36276103106e-05	-0,000352582980462	0,00011234131237	-0,000273410756836	-0,00019151347032
15300	-0,00056071338562	-0,000182241834068	0,0	-0,000378470660842	-0,000378470660842	-0,000300722790819	-7,77477163957e-05	-0,000182241834068	0,0	-2,08199444661e-05	-3,36791196392e-05	-0,000144852942017	-9,18877887414e-05	-0,000144852942017	2,86454652843e-06	-7,26018596503e-05	-7,51156069133e-05
16200	0,000793550277242	0,000302345470485	0,0	0,000491203490677	0,000491203490677	0,000318882374853	0,000172320914142	0,000302345470485	0,0	0,000214914468294	0,000222599751863	0,000467812042645	0,00027204729919	0,000467812042645	-0,000186056197658	0,000556800938389	9,70672181938e-05
17100	-0,000284498290758	-0,000127368004987	0,0	-0,000157129778727	-0,000157129778727	-5,61425211736e-05	-0,00010098719033	-0,000127368004987	0,0	-0,00017890464269	-5,83321673391e-05	-0,00014879608381	-0,000215808568993	-0,00014879608381	-1,94028950291e-05	-0,000156944315013	4,65215551383e-05
18000	8,2461959592e-06	-9,45510610544e-06	0,0	1,77012945622e-05	1,77012945622e-05	1,34898668602e-05	4,21141994936e-06	-9,45510610544e-06	0,0	-5,90335499018e-05	-0,000308764188205	-0,000301004041605	-7,62487390591e-05	-0,000301004041605	2,8478699282e-05	-0,000194731274051	-0,000153721819346
18900	0,000146276081073	4,96996789082e-05	0,0	9,6576153402e-05	9,6576153402e-05	3,9668441534e-05	5,69076705739e-05	4,96996789082e-05	0,0	9,25049763364e-05	7,39493245496e-05	0,000142425349241	7,37285578293e-05	0,000142425349241	7,29631045109e-05	-3,40111601457e-05	0,000103473384298
19800	-0,000367153059773	-0,000137247253008	0,0	-0,000229905190133	-0,000229905190133	-0,000164328091487	-6,55770015406e-05	-0,000137247253008	0,0	-9,16707617341e-05	2,3774613895e-05	-0,00014755404804	-5,7589213009e-05	-0,00014755404804	8,99987573642e-05	-0,00012931935706	-0,000108233422412
20700	0,000430505316012	0,00016417256276	0,0	0,000266332023795	0,000266332023795	0,000165069400389	0,000101262510659	0,00016417256276	0,0	0,000156102328155	5,26808591675e-05	0,00029708323016	7,587232889e-05	0,00029708323016	-0,000139131274361	0,000298251707191	0,000137962744616
21600	0,000442089030485	0,000178646465431	0,0	0,000263441743103	0,000263441743103	0,00021680464462	4,66369762977e-05	0,000178646465431	0,0	0,00017803733137	0,000136703223312	0,000393518668847	9,98681063321e-05	0,000393518668847	-7,73643186395e-06	0,000420834983208	8,85361522588e-05
22500	0,000350187023966	0,000104902565503	0,0	0,000245283781471	0,000245283781471	0,000100500413174	0,000144783248088	0,000104902565503	0,0	7,2805457121e-06	-3,31990861344e-05	-1,7042593305e-05	9,60265148726e-05	-1,7042593305e-05	8,99706763869e-05	-0,000280262093611	6,51327237775e-05
23400	0,000244987990361	7,80974930431e-05	0,0	0,000166889996855	0,000166889996855	5,48049110067e-05	0,000112084998759	7,80974930431e-05	0,0	-2,20640741201e-06	-5,95177622643e-05	1,1748938568e-05	4,62430594219e-06	1,1748938568e-05	4,66034226145e-05	-0,000123011777287	8,81572912724e-05
24300	-0,000210175248786	-9,34935538303e-05	0,0	-0,000116681248036	-0,000116681248036	-8,56837466544e-05	-3,09974403667e-05	-9,34935538303e-05	0,0	-1,45371587993e-05	-4,76802500889e-06	-0,000119038213019	6,23958736608e-06	-0,000119038213019	6,11271442497e-05	-8,86964185753e-05	-9,14689121986e-05
25200	0,000755842341473	0,000268979108403	0,0	0,000486861597772	0,000486861597772	0,000369849202627	0,000117012128819	0,000268979108403	0,0	0,000157689983192	0,00023885241041	0,000540265466399	0,000125255633354	0,000540265466399	-0,000189526896047	0,000380395771714	0,000349396465304
26100	0,000170194585435	9,72811605963e-05	0,0	7,2913003661e-05	7,2913003661e-05	3,13360155513e-05	4,15769445744e-05	9,72811605963e-05	0,0	0,000188006033842	-3,55351290887e-05	0,000186064091782	6,36878010554e-05	0,000186064091782	-1,80985262411e-05	0,000116845001052	8,73175724391e-05
27000	-6,57762185608e-05	-2,8232058933e-05	0,0	-3,75440022591e-05	-3,75440022591e-05	-5,96754373374e-05	2,2131457905e-05	-2,8232058933e-05	0,0	-2,77585869543e-05	-8,63308481072e-05	-0,000149924324525	7,60289609588e-06	-0,000149924324525	3,33112766129e-05	-6,21904196135e-05	-0,000121045142062
27900	0,000873408681818	0,000327209399154	0,0	0,000546197102691	0,000546197102691	0,000292053633817	0,000254143129732	0,000327209399154	0,0	0,000308471407045	0,000156346792325	0,000606958002966	0,000185069013222	0,000606958002966	-5,51836758435e-05	0,000265491467327	0,000396650050563
28800	0,00172836559536	0,000620145247699	0,0	0,00110821528536	0,00110821528536	0,000648339639595	0,0	0,000620145247699	0,0	0,000548398532676	0,000231616737977	0,000948107077862	0,000452052166745	0,000948107077862	0,000499086925365	0,000122160701627	0,000326859197043
29700	0,00149960654742	0,000358506505692	0,0	0,00114109502639	0,00114109502639	0,000560146152264	0,0	0,000358506505692	0,0	-9,14004209055e-05	-0,000179074181344	9,54432642379e-05	-7,41195590356e-06	9,54432642379e-05	-0,000179069234868	0,00032745968885	-5,29472276931e-05
30600	0,00450088841309	0,0018350865561	0,0	0,00266578130514	0,0	0,00184049485124	0,0	0,0018350865561	0,0	0,00206694995453	0,00143297527724	0,00366965069709	0,00166535476794	0,00366965069709	0,000658549960191	0,00137687205977	0,00163422704288
31500	-0,00183579354671	-0,00072529562653	0,0	-0,00111048870592	0,0	-0,000861022841393	0,0	-0,00072529562653	0,0	-0,000665857284496	-0,00119713694098	-0,00150026764691	-0,00108801925763	-0,00150026764691	-0,000498853394785	-0,000218372016958	0,000220909811051
32400	-0,00260656574604	-0,000872054788511	0,0	-0,00173450008768	0,0	0,0	0,0	-0,000872054788511	0,0	-0,000665668342858	0,000320547242055	-0,00124812550181	3,09520073797e-05	-0,00124812550181	0,000213844042533	-0,000955477213934	-0,00151044305655
33300	0,00084828944629	0,000293007404056	0,0	0,00055527874356	0,0	0,0	0,0	0,000293007404056	0,0	0,000202460908101	0,000315326860642	0,000537356846428	0,000273437454544	0,000537356846428	6,90777963357e-05	0,000288583430283	0,000179695405756
34200	-0,00121564835933	-0,000570185989532	0,0	-0,000421262124778	0,0	0,0	0,0	-0,000570185989532	0,0	-0,00128464040636	-0,000388487005061	-0,00122621781189	-0,000792898523974	-0,00122621781189	-0,000439473988704	0,0	-0,000235464561943
35100	0,00476981806285	0,00156921095435	0,0	0,0029763907598	0,0	0,0	0,0	0,00156921095435	0,0	0,00114815390999	0,000834743090135	0,00247248153825	0,000855426614033	0,00247248153825	-0,000294351336955	0,0	0,00099530029968
36000	-0,00837867493712	-0,00265112611462	0,0	-0,00518482225676	0,0	0,0	0,0	-0,00265112611462	0,0	-0,00152877866336	-0,000979540215086	-0,00318056674515	-0,00143617716952	-0,00318056674515	0,000671692786003	0,0	0,0
36900	0,00155736707722	0,000920316652778	0,0	0,000633514582772	0,0	0,0	0,0	0,000920316652778	0,0	0,0014832999058	-0,000100162490932	0,00158103274423	0,000718887709921	0,00158103274423	0,000179008302428	0,0	0,0
37800	0,00304656389314	0,00104257648705	0,0	0,00197221778293	0,0	0,0	0,0	0,00104257648705	0,0	0,000103941168307	0,0010809019627	0,00202035930341	0,000175298262331	0,00331980007633	-0,000566695248597	0,0	0,0
38700	-0,0102298370388	-0,00449222980265	0,0	-0,00704390198614	0,0	0,0	0,0	-0,00449222980265	0,0	-0,00330811600525	-0,00135187264197	-0,00763685837769	-0,00219999220947	0,0	0,000262538626743	0,0	0,0
39600	0,00293386860635	0,000485694803366	0,0	0,00194225773745	0,0	0,0	0,0	0,000485694803366	0,0	-1,1366743808e-06	-0,000642957574753	0,000187413127241	-0,000176473322527	0,0	0,000459080781632	0,0	0,0
40500	0,00297284209023	0,00138689917412	0,0	0,00156283948826	0,0	0,0	0,0	0,00138689917412	0,0	0,00259008165855	0,000449429157377	0,00132540050794	0,00178096467009	0,0	0,0	0,0	0,0
41400	0,00277481778836	0,000708873013726	0,0	0,00199248425521	0,0	0,0	0,0	0,000708873013726	0,0	-0,00145355227302	0,00046471444106	-0,000196449953866	-0,000156982943426	0,0	0,0	0,0	0,0
42300	0,0380057472797	0,0123927607362	0,0	0,0237906948166	0,0	0,0	0,0	0,0123927607362	0,0	0,0095443799982	0,00439744845406	0,0167391073649	0,007773460934	0,0	0,0	0,0	0,0
43200	-0,00493235189452	-0,00177323604706	0,0	-0,00301343013686	0,0	0,0	0,0	-0,00177323604706	0,0	-0,00148956011728	-0,000289910764612	-0,00258914618369	-0,000817915304779	0,0	0,0	0,0	0,0
44100	-0,0218674660107	-0,00672861429248	0,0	-0,0141596376959	0,0	0,0	0,0	-0,00672861429248	0,0	-0,00417452302919	-0,00308113520637	-0,00891950145828	-0,00408569987007	0,0	0,0	0,0	0,0
45000	0,0135859107847	0,0041801803169	0,0	0,00822209776149	0,0	0,0	0,0	0,0041801803169	0,0	0,00473415104738	0,00228426086204	0,00745758839152	0,00255748419092	0,0	0,0	0,0	0,0
45900	-0,000829311024848	0,000122120430958	0,0	-0,000849362739362	0,0	0,0	0,0	0,000122120430958	0,0	-0,000441205525963	0,000417432657008	-0,000433761053938	0,000634173626903	0,0	0,0	0,0	0,0
46800	-0,00941419207781	-0,00333035846762	0,0	-0,00581972610327	0,0	0,0	0,0	-0,00333035846762	0,0	-0,00333142192121	-0,00149692847524	-0,00493239809274	-0,0029622695373	0,0	0,0	0,0	0,0
47700	0,0282295559066	0,00855914523957	0,0	0,0184981295568	0,0	0,0	0,0	0,00855914523957	0,0	0,00504551935777	0,00378673736862	0,0111621284836	0,0050572229993	0,0	0,0	0,0	0,0
48600	-0,0184338305069	-0,00611097693834	0,0	-0,0115196907635	0,0	0,0	0,0	-0,00611097693834	0,0	-0,00497714289325	-0,00216628974144	-0,00752862232731	-0,00492279809379	0,0	0,0	0,0	0,0
49500	-0,0108096189263	-0,00293126670393	0,0	-0,00671657466964	0,0	0,0	0,0	-0,00293126670393	0,0	-0,000869126989603	-0,00136620657488	-0,00414403073932	0,00013911429096	0,0	0,0	0,0	0,0
50400	0,0363573057047	0,0119279032587	0,0	0,0227062557781	0,0	0,0	0,0	0,0119279032587	0,0	0,00907494535991	0,00473063979881	0,0166080610483	0,00740258601259	0,0	0,0	0,0	0,0
51300	0,0	-0,0115804576686	0,0	-0,022711620216	0,0	0,0	0,0	-0,0115804576686	0,0	-0,00878990024295	-0,00388899121815	-0,0150975840528	-0,0073068850929	0,0	0,0	0,0	0,0
52200	0,0	-0,00681184198724	0,0	-0,0130147550537	0,0	0,0	0,0	-0,00681184198724	0,0	-0,00454517638272	-0,0037406763207	-0,0100153536261	-0,00420517425685	0,0	0,0	0,0	0,0
53100	0,0	0,00251908208192	0,0	0,0	0,0	0,0	0,0	0,00251908208192	0,0	0,000575258955959	0,000354607706945	0,00447945664212	0,000525447337693	0,0	0,0	0,0	0,0
54000	0,0	-7,78431106306e-05	0,0	0,0	0,0	0,0	0,0	-7,78431106306e-05	0,0	3,15455024506e-05	-0,000414501047069	-0,000337749231171	-1,11102865399e-05	0,0	0,0	0,0	0,0
54900	0,0	0,000885160728535	0,0	0,0	0,0	0,0	0,0	0,0	0,0	0,00250467144934	0,0013487550103	0,00168059886563	0,000899285017333	0,0	0,0	0,0	0,0
55800	0,0	-0,00186997604925	0,0	0,0	0,0	0,0	0,0	0,0	0,0	-0,00235504277224	-0,00129596042371	-0,00243692898141	-0,0010417695941	0,0	0,0	0,0	0,0
56700	0,0	0,00353673592575	0,0	0,0	0,0	0,0	0,0	0,0	0,0	0,00284637967309	0,00177936104745	0,00556274921124	0,00216254387949	0,0	0,0	0,0	0,0
57600	0,0	-0,00201303107391	0,0	0,0	0,0	0,0	0,0	0,0	0,0	-0,00182495436444	-0,00148748398978	-0,00396249356172	-0,00123563617164	0,0	0,0	0,0	0,0
58500	0,0	0,00234938788782	0,0	0,0	0,0	0,0	0,0	0,0	0,0	0,00190133030045	0,000152832294924	0,00264891953901	0,00162730205344	0,0	0,0	0,0	0,0
59400	0,0	0,000660349954431	0,0	0,0	0,0	0,0	0,0	0,0	0,0	0,0	0,000478615345763	0,0014989675184	0,000113442156484	0,0	0,0	0,0	0,0
60300	0,0	-0,000379610141109	0,0	0,0	0,0	0,0	0,0	0,0	0,0	0,0	2,30568200058e-05	-0,00122396804564	-0,000488377110814	0,0	0,0	0,0	0,0
61200	0,0	0,000915665926175	0,0	0,0	0,0	0,0	0,0	0,0	0,0	0,0	0,0	0,00182615782272	0,000428513497658	0,0	0,0	0,0	0,0
62100	0,0	-0,000943092455773	0,0	0,0	0,0	0,0	0,0	0,0	0,0	0,0	0,0	-0,00108260917563	-0,000564797400937	0,0	0,0	0,0	0,0
63000	0,0	0,000109805763043	0,0	0,0	0,0	0,0	0,0	0,0	0,0	0,0	0,0	2,97359654541e-05	0,0	0,0	0,0	0,0	0,0
63900	0,0	-0,000190448935812	0,0	0,0	0,0	0,0	0,0	0,0	0,0	0,0	0,0	2,60947293048e-05	0,0	0,0	0,0	0,0	0,0
64800	0,0	-0,000633621553733	0,0	0,0	0,0	0,0	0,0	0,0	0,0	0,0	0,0	0,0	0,0	0,0	0,0	0,0	0,0
65700	0,0	0,00122730770033	0,0	0,0	0,0	0,0	0,0	0,0	0,0	0,0	0,0	0,0	0,0	0,0	0,0	0,0	0,0
66600	0,0	-0,000223832582209	0,0	0,0	0,0	0,0	0,0	0,0	0,0	0,0	0,0	0,0	0,0	0,0	0,0	0,0	0,0
67500	0,0	-0,000627812903407	0,0	0,0	0,0	0,0	0,0	0,0	0,0	0,0	0,0	0,0	0,0	0,0	0,0	0,0	0,0
68400	0,0	0,00223285243881	0,0	0,0	0,0	0,0	0,0	0,0	0,0	0,0	0,0	0,0	0,0	0,0	0,0	0,0	-0,0020747955198095252
69300	0,0	-0,000769228149319	0,0	0,0	0,0	0,0	0,0	0,0	0,0	0,0	0,0	0,0	0,0	0,0	0,0	0,0	0,0
70200	0,0	0,000980362149488	0,0	0,0	0,0	0,0	0,0	0,0	0,0	0,0	0,0	0,0	0,0	0,0	0,0	0,0	0,0
71100	0,0	0,00106218600197	0,0	0,0	0,0	0,0	0,0	0,0	0,0	0,0	0,0	0,0	0,0	0,0	0,0	0,0	0,0
72000	0,0	0,000355662480805	0,0	0,0	0,0	0,0	0,0	0,0	0,0	0,0	0,0	0,0	0,0	0,0	0,0	0,0	0,0
72900	0,0	-0,00158916768879	0,0	0,0	0,0	0,0	0,0	0,0	0,0	0,0	0,0	0,0	0,0	0,0	0,0	0,0	0,0
73800	0,0	-0,000259527821744	0,0	0,0	0,0	0,0	0,0	0,0	0,0	0,0	0,0	0,0	0,0	0,0	0,0	0,0	0,0
74700	0,0	-0,000448513456478	0,0	0,0	0,0	0,0	0,0	0,0	0,0	0,0	0,0	0,0	0,0	0,0	0,0	0,0	0,0
75600	0,0	-0,00128346495217	0,0	0,0	0,0	0,0	0,0	0,0	0,0	0,0	0,0	0,0	0,0	0,0	0,0	0,0	0,0
76500	0,0	9,50434098189e-05	0,0	0,0	0,0	0,0	0,0	0,0	0,0	0,0	0,0	0,0	0,0	0,0	0,0	0,0	0,0
77400	0,0	-0,000738711921257	0,0	0,0	0,0	0,0	0,0	0,0	0,0	0,0	0,0	0,0	0,0	0,0	0,0	0,0	0,0
78300	0,0	0,00037605256511	0,0	0,0	0,0	0,0	0,0	0,0	0,0	0,0	0,0	0,0	0,0	0,0	0,0	0,0	0,0
79200	0,0	-0,000613258959732	0,0	0,0	0,0	0,0	0,0	0,0	0,0	0,0	0,0	0,0	0,0	0,0	0,0	0,0	0,0
80100	0,0	-0,000173157401469	0,0	0,0	0,0	0,0	0,0	0,0	0,0	0,0	0,0	0,0	0,0	0,0	0,0	0,0	0,0
81000	0,0	-0,000420295217023	0,0	0,0	0,0	0,0	0,0	0,0	0,0	0,0	0,0	0,0	0,0	0,0	0,0	0,0	0,0
81900	0,0	0,000231386316514	0,0	0,0	0,0	0,0	0,0	0,0	0,0	0,0	0,0	0,0	0,0	0,0	0,0	0,0	0,0
82800	0,0	-0,000837270403326	0,0	0,0	0,0	0,0	0,0	0,0	0,0	0,0	0,0	0,0	0,0	0,0	0,0	0,0	0,0
83700	0,0	-0,000193308769906	0,0	0,0	0,0	0,0	0,0	0,0	0,0	0,0	0,0	0,0	0,0	0,0	0,0	0,0	0,0
84600	0,0	-8,49837664468e-05	0,0	0,0	0,0	0,0	0,0	0,0	0,0	0,0	0,0	0,0	0,0	0,0	0,0	0,0	0,0
85500	0,0	-0,000413189682937	0,0	0,0	0,0	0,0	0,0	0,0	0,0	0,0	0,0	0,0	0,0	0,0	0,0	0,0	0,0
86400	0,0	-0,000864285104835	0,0	0,0	0,0	0,0	0,0	0,0	0,0	0,0	0,0	0,0	0,0	0,0	0,0	0,0	0,0
87300	0,0	-7,04655982465e-05	0,0	0,0	0,0	0,0	0,0	0,0	0,0	0,0	0,0	0,0	0,0	0,0	0,0	0,0	0,0
88200	0,0	-2,7212982665e-05	0,0	0,0	0,0	0,0	0,0	0,0	0,0	0,0	0,0	0,0	0,0	0,0	0,0	0,0	0,0
89100	0,0	-0,00033435095038	0,0	0,0	0,0	0,0	0,0	0,0	0,0	0,0	0,0	0,0	0,0	0,0	0,0	0,0	0,0
90000	0,0	-0,000236963577761	0,0	0,0	0,0	0,0	0,0	0,0	0,0	0,0	0,0	0,0	0,0	0,0	0,0	0,0	0,0
90900	0,0	0,000128833223011	0,0	0,0	0,0	0,0	0,0	0,0	0,0	0,0	0,0	0,0	0,0	0,0	0,0	0,0	0,0
91800	0,0	-0,000299843281311	0,0	0,0	0,0	0,0	0,0	0,0	0,0	0,0	0,0	0,0	0,0	0,0	0,0	0,0	0,0
92700	0,0	0,000175725043292	0,0	0,0	0,0	0,0	0,0	0,0	0,0	0,0	0,0	0,0	0,0	0,0	0,0	0,0	0,0
93600	0,0	6,18937646352e-05	0,0	0,0	0,0	0,0	0,0	0,0	0,0	0,0	0,0	0,0	0,0	0,0	0,0	0,0	0,0
94500	0,0	-0,000116833377659	0,0	0,0	0,0	0,0	0,0	0,0	0,0	0,0	0,0	0,0	0,0	0,0	0,0	0,0	0,0
95400	0,0	-6,82880253114e-05	0,0	0,0	0,0	0,0	0,0	0,0	0,0	0,0	0,0	0,0	0,0	0,0	0,0	0,0	0,0
96300	0,0	-0,000143145033179	0,0	0,0	0,0	0,0	0,0	0,0	0,0	0,0	0,0	0,0	0,0	0,0	0,0	0,0	0,0
97200	0,0	8,22015577542e-05	0,0	0,0	0,0	0,0	0,0	0,0	0,0	0,0	0,0	0,0	0,0	0,0	0,0	0,0	0,0
98100	0,0	5,51258896238e-05	0,0	0,0	0,0	0,0	0,0	0,0	0,0	0,0	0,0	0,0	0,0	0,0	0,0	0,0	0,0
99000	0,0	1,99120918591e-05	0,0	0,0	0,0	0,0	0,0	0,0	0,0	0,0	0,0	0,0	0,0	0,0	0,0	0,0	0,0
99900	0,0	5,19986539296e-06	0,0	0,0	0,0	0,0	0,0	0,0	0,0	0,0	0,0	0,0	0,0	0,0	0,0	0,0	0,0
100800	0,0	-0,00025947005479	0,0	0,0	0,0	0,0	0,0	0,0015608479138874995	0,0	0,0	0,0	0,0	0,0	0,0	0,0	0,0	0,0
101700	0,0	0,000192427960365	0,0	0,0	0,0	0,0	0,0	0,0	0,0	0,0	0,0	0,0	0,0	0,0	0,0	0,0	0,0
102600	0,0	9,39591914824e-05	0,0	0,0	0,0	0,0	0,0	0,0	0,0	0,0	0,0	0,0	0,0	0,0	0,0	0,0	0,0
103500	0,0	-9,56957105434e-05	0,0	0,0	0,0	0,0	0,0	0,0	0,0	0,0	0,0	0,0	0,0	0,0	0,0	0,0	0,0
104400	0,0	0,000346552261532	0,0	0,0	0,0	0,0	0,0	0,0	0,0	0,0	0,0	0,0	0,0	0,0	0,0	0,0	0,0
105300	0,0	-6,79472993574e-05	0,0	0,0	0,0	0,0	0,0	0,0	0,0	0,0	0,0	0,0	0,0	0,0	0,0	0,0	0,0
106200	0,0	6,29544066149e-05	0,0	0,0	0,0	0,0	0,0	0,0	0,0	0,0	0,0	0,0	0,0	0,0	0,0	0,0	0,0
107100	0,0	0,000489201598135	0,0	0,0	0,0	0,0	0,0	0,0	0,0	0,0	0,0	0,0	0,0	0,0	0,0	0,0	0,0
108000	0,0	0,000690021080075	0,0	0,0	0,0	0,0	0,0	0,0	0,0	0,0	0,0	0,0	0,0	0,0	0,0	0,0	0,0
108900	0,0	0,000100472544039	0,0	0,0	0,0	0,0	0,0	0,0	0,0	0,0	0,0	0,0	0,0	0,0	0,0	0,0	0,0
109800	0,0	0,000534820957452	0,0	0,0	0,0	0,0	0,0	0,0	0,0	0,0	0,0	0,0	0,0	0,0	0,0	0,0	0,0
110700	0,0	0,000107385920111	0,0	0,0	0,0	0,0	0,0	0,0	0,0	0,0	0,0	0,0016033278395607966	0,0	0,0	0,0	0,0	0,0
111600	0,0	0,00049900833296	0,0	0,0	0,0	0,0	0,0	0,0	0,0	0,0	0,0	0,0	0,0	0,0	0,0	0,0	0,0
112500	0,0	-8,77677930414e-06	0,0	0,0	0,0	0,0	0,0	0,0	0,0	0,0	0,0	0,0	0,0	0,0	0,0	0,0	0,0
113400	0,0	0,00048869270135	0,0	0,0	0,0	0,0	0,0	0,0	0,0	0,0	0,0	0,0	0,0	0,0	0,0	0,0	0,0
114300	0,0	0,000103181698946	0,0	0,0	0,0	0,0	0,0	0,0	0,0	0,0	0,0	0,0	0,0	0,0	0,0	0,0	0,0
115200	0,0	0,00113128573347	0,0	0,0	0,0	0,0	0,0	0,0	0,0	0,0	0,0	0,0	0,0	0,0	0,0	0,0	0,0
116100	0,0	0,000283150741736	0,0	0,0	0,0	0,0	0,0	0,0	0,0	0,0	0,0	0,0	0,0	0,0	0,0	0,0	0,0
117000	0,0	0,000597017974219	0,0	0,0	0,0	0,0	0,0	0,0	0,0	0,0	0,0	0,0	0,0	0,0	0,0	0,0	0,0
117900	0,0	-0,00185526530196	0,0	0,0	0,0	0,0	0,0	0,0	0,0	0,0	0,0	0,0	0,0	0,0	0,0	0,0	0,0
118800	0,0	0,00117539797809	0,0	0,0	0,0	0,0	0,0	0,0	0,0	0,0	0,0	0,0	0,0	0,0	0,0	0,0	0,0
119700	0,0	-0,00339565536025	0,0	0,0	0,0	0,0	0,0	0,0	0,0	0,0	0,0	0,0	0,0	0,0	0,0	0,0	0,0
120600	0,0	0,00353920942693	0,0	0,0	0,0	0,0	0,0	0,0	0,0	0,0	0,0	0,0	0,0	0,0	0,0	0,0	0,0
121500	0,0	-0,00280690839354	0,0	0,0	0,0	0,0	0,0	0,0	0,0	0,0	0,0	0,0	0,0	0,0	0,0	0,0	0,0
122400	0,0	0,00197839114942	0,0	0,0	0,0	0,0	0,0	0,0	0,0	0,0	0,0	0,0	0,0	0,0	0,0	0,0	0,0
123300	0,0	0,00180303693967	0,0	0,0	0,0	0,0	0,0	0,0	0,0	0,0	0,0	0,0	0,0	0,0	0,0	0,0	0,0
124200	0,0	0,000157333251962	0,0	0,0	0,0	0,0	0,0	0,0	0,0	0,0	0,0	0,0	0,0	0,0	0,0	0,0	0,0
125100	0,0	0,00366987360864	0,0	0,0	0,0	0,0	0,0	0,0	0,0	0,0	0,0	0,0	0,0	0,0	0,0	0,0	0,0
126000	0,0	-0,00131836812703	0,0	0,0	0,0	0,0	0,0	0,0	0,0	0,0	0,0	0,0	0,0	0,0	0,0	0,0	0,0
126900	0,0	6,53118179972e-05	0,0	0,0	0,0	0,0	0,0	0,0	0,0	0,0	0,0	0,0	0,0	0,0	0,0	0,0	0,0
127800	0,0	-0,0013659618069	0,0	0,0	0,0	0,0	0,0	0,0	0,0	0,0	0,0	0,0	0,0	0,0	0,0	0,0	0,0
128700	0,0	0,00272449884108	0,0	0,0	0,0	0,0	0,0	-0,0017245368361387783	0,0	0,0	0,0	0,0	0,0	0,0	0,0	0,0	0,0
129600	0,0	-0,000429918643993	0,0	0,0	0,0	0,0	0,0	0,0	0,0	0,0	0,0	0,0	0,0	0,0	0,0	0,0	0,0
130500	0,0	-0,0019409189732	0,0	0,0	0,0	0,0	0,0	0,0	0,0	0,0	0,0	0,0	0,0	0,0	0,0	0,0	0,0
131400	0,0	3,58597337211e-05	0,0	0,0	0,0	0,0	0,0	0,0	0,0	0,0	0,0	0,0	0,0	0,0	0,0	0,0	0,0
132300	0,0	-9,48658462566e-05	0,0	0,0	0,0	0,0	0,0	0,0	0,0	0,0	0,0	0,0	0,0	0,0	0,0	0,0	0,0
133200	0,0	-0,000781501881605	0,0	0,0	0,0	0,0	0,0	0,0	0,0	0,0	0,0	0,0	0,0	0,0	0,0	0,0	0,0
134100	0,0	-0,00346223280987	0,0	0,0	0,0	0,0	0,0	0,0	0,0	0,0	0,0	0,0	0,0	0,0	0,0	0,0	0,0
135000	0,0	0,00261901759284	0,0	0,0	0,0	0,0	0,0	0,0	0,0	0,0	0,0	0,0	0,0	0,0	0,0	0,0	0,0
135900	0,0	0,00153345436703	0,0	0,0	0,0	0,0	0,0	0,0	0,0	0,0	0,0	0,0	0,0	0,0	0,0	0,0	0,0
136800	0,0	-0,00281079694794	0,0	0,0	0,0	0,0	0,0	0,0	0,0	0,0	0,0	0,0	0,0	0,0	0,0	0,0	0,0
137700	0,0	0,00529135260474	0,0	0,0	0,0	0,0	0,0	0,0	0,0	0,0	0,0	0,0	0,0	0,0	0,0	0,0	0,0
138600	0,0	0,00274764001669	0,0	0,0	0,0	0,0	0,0	0,0	0,0	0,0	0,0	0,0	0,0	0,0	0,0	0,0	0,0
139500	0,0	-0,00886379701499	0,0	0,0	0,0	0,0	0,0	0,0	0,0	0,0	0,0	0,0	0,0	0,0	0,0	0,0	0,0
140400	0,0	-0,00281913949052	0,0	0,0	0,0	0,0	0,0	0,0	0,0	0,0	0,0	0,0	0,0	0,0	0,0	0,0	0,0
141300	0,0	-0,00100171101431	0,0	0,0	0,0	0,0	0,0	0,0	0,0	0,0	0,0	0,0	0,0	0,0	0,0	0,0	0,0
142200	0,0	-0,00075931335652	0,0	0,0	0,0	0,0	0,0	0,0	0,0	0,0	0,0	0,0	0,0	0,0	0,0	0,0	0,0
143100	0,0	0,00104177521642	0,0	0,0	0,0	0,0	0,0	0,0	0,0	0,0	0,0	0,0	0,0	0,0	0,0	0,0	0,0
144000	0,0	0,00312171572657	0,0	0,0	0,0	0,0	0,0	0,0	0,0	0,0	0,0	0,0	0,0	0,0	0,0	0,0	0,0
144900	0,0	-0,000144400473908	0,0	0,0	0,0	0,0	0,0	0,0	0,0	0,0	0,0	0,0	0,0	0,0	0,0	0,0	0,0
145800	0,0	-0,000556332345379	0,0	0,0	0,0	0,0	0,0	0,0	0,0	0,0	0,0	0,0	0,0	0,0	0,0	0,0	0,0
146700	0,0	0,00129415084873	0,0	0,0	0,0	0,0	0,0	0,0	0,0	0,0	0,0	0,0	0,0	0,0	0,0	0,0	0,0
147600	0,0	-6,77188771048e-05	0,0	0,0	0,0	0,0	0,0	0,0	0,0	0,0	0,0	0,0	0,0	0,0	0,0	0,0	0,0
148500	0,0	0,000779098731651	0,0	0,0	-0,001706730336237027	0,0	0,0	0,0	0,0	0,0	0,0	0,0	0,0	0,0	0,0	0,0	0,0
149400	0,0	0,00083628820918	0,0	0,0	0,0	0,0	0,0	0,0	0,0	0,0	0,0	0,0	0,0	0,0	0,0	0,0	0,0
150300	0,0	-0,00076067059411	0,0	0,0	0,0	0,0	0,0	0,0	0,0	0,0	0,0	0,0	0,0	0,0	0,0	0,0	0,0
151200	0,0	0,000898153178493	0,0	0,0	0,0	0,0	0,0	0,0	0,0	0,0	0,0	0,0	0,0	0,0	0,0	0,0	0,0
152100	0,0	3,82293244568e-05	0,0	0,0	0,0	0,0	0,0	0,0	0,0	0,0	0,0	0,0	0,0	0,0	0,0	0,0	0,0
153000	0,0	0,000398476967254	0,0	0,0	0,0	0,0	0,0	0,0	0,0	0,0	0,0	0,0	0,0	0,0	0,0	0,0	0,0
153900	0,0	0,000633035795037	0,0	0,0	0,0	0,0	0,0	0,0	0,0	0,0	0,0	0,0	0,0	0,0	0,0	0,0	0,0
154800	0,0	0,000309544735939	0,0	0,0	0,0	0,0	0,0	0,0	0,0	0,0	0,0	0,0	0,0	0,0	0,0	0,0	0,0
155700	0,0	-0,000194178227118	0,0	0,0	0,0	0,0	0,0	0,0	0,0	0,0	0,0	0,0	0,0	0,0	0,0	0,0	0,0
156600	0,0	-0,00045606787311	0,0	0,0	0,0	0,0	0,0	0,0	0,0	0,0	0,0	0,0	0,0	0,0	0,0	0,0	0,0
157500	0,0	0,000411241546179	0,0	0,0	0,0	0,0	0,0	0,0	0,0	0,0	0,0	0,0	0,0	0,0	0,0	0,0	0,0
158400	0,0	-0,000479402839105	0,0	0,0	0,0	0,0	0,0	0,0	0,0	0,0	0,0	0,0	0,0	0,0	0,0	0,0	0,0
159300	0,0	-0,000351396526015	0,0	0,0	0,0	0,0	0,0	0,0	0,0	0,0	0,0	0,0	0,0	0,0	0,0	0,0	0,0
160200	0,0	-0,00135408856421	0,0	0,0	0,0	0,0	0,0	0,0	0,0	0,0	0,0	0,0	0,0	0,0	0,0	0,0	0,0
161100	0,0	0,000201127365809	0,0	0,0	0,0	0,0	-7,394410965746366e-05	0,0	0,0	0,0	0,0	0,0	0,0	0,0	0,0	0,0	0,0
162000	0,0	-0,000382435734215	0,0	0,0	0,0	0,0	0,0	0,0	0,0	0,0	0,0	0,0	0,0	0,0	0,0	0,0	0,0
162900	0,0	0,000201226288248	0,0	0,0	0,0	0,0	0,0	0,0	0,0	0,0	0,0	0,0	0,0	0,0	0,0	0,0	0,0
163800	0,0	-0,00021076964599	0,0	0,0	0,0	0,0	0,0	0,0	0,0	0,0	0,0	0,0	0,0	0,0	0,0	0,0	0,0
164700	0,0	-0,000630890602035	0,0	0,0	0,0	0,0	0,0	0,0	0,0	0,0	0,0	0,0	0,0	0,0	0,0	0,0	0,0
165600	0,0	-0,000114782394534	0,0	0,0	0,0	0,0	0,0	0,0	0,0	0,0	0,0	0,0	0,0	0,0	0,0	0,0	0,0
166500	0,0	6,60808605884e-05	0,0	0,0	0,0	0,0	0,0	0,0	0,0	0,0	0,0	0,0	0,0	0,0	0,0	0,0	0,0
167400	0,0	-0,000414714908124	0,0	0,0	0,0	0,0	0,0	0,0	0,0	0,0	0,0	0,0	0,0	0,0	0,0	0,0	0,0
168300	0,0	-0,00042129199795	0,0	0,0	0,0	0,0	0,0	0,0	0,0	0,0	0,0	0,0	0,0	0,0	0,0	0,0	0,0
169200	0,0	0,000133108935765	0,0	0,0	0,0	0,0	0,0	0,0	0,0	0,0	0,0	0,0	0,0	0,0	0,0	0,0	0,0
170100	0,0	-4,01747996027e-05	0,0	0,0	0,0	0,0	0,0	0,0	0,0	0,0	0,0	0,0	0,0	0,0	0,0	0,0	0,0
171000	0,0	-0,000591278102874	0,0	0,0	0,0	0,0	0,0	0,0	0,0	0,0	0,0	0,0	0,0	0,0	0,0	0,0	0,0
171900	0,0	5,67093336521e-05	0,0	0,0	0,0	0,0	0,0	0,0	0,0	0,0	0,0	0,0	0,0	0,0	0,0	0,0	0,0
172800	0,0	-6,9194568556e-05	0,0	0,0	0,0	0,0	0,0	0,0	0,0	0,0	0,0	0,0	0,0	0,0	0,0	0,0	0,0
173700	0,0	-0,000519221037927	0,0	0,0	0,0	0,0	0,0	0,0	0,0	0,0	0,0	0,0	0,0	0,0	0,0	0,0	0,0
174600	0,0	0,000299173929544	0,0	0,0	0,0	0,0	0,0	0,0	0,0	0,0	0,0	0,0	0,0	0,0	0,0	0,0	0,0
175500	0,0	-0,000661094301446	0,0	0,0	0,0	0,0	0,0	0,0	0,0	0,0	0,0	0,0	0,0	0,0	0,0	0,0	0,0
176400	0,0	-0,000449878367612	0,0	0,0	0,0	0,0	0,0	0,0	0,0	0,0	0,0	0,0	0,0	0,0	0,0	0,0	0,0
177300	0,0	7,24193388637e-05	0,0	0,0	0,0	0,0	0,0	0,0	0,0	0,0	0,0	0,0	0,0	0,0	0,0	0,0	0,0
178200	0,0	-0,000217268664862	0,0	0,0	0,0	0,0	0,0	0,0	0,0	0,0	0,0	0,0	0,0	0,0	0,0	0,0	0,0
179100	0,0	0,000367312434284	0,0	0,0	0,0	0,0	0,0	0,0	0,0	0,0	0,0	0,0	0,0	0,0	0,0	0,0	0,0
180000	0,0	-0,000434030015747	0,0	0,0	0,0	0,0	0,0	0,0	0,0	0,0	0,0	0,0	0,0	0,0	0,0	0,0	0,0
180900	0,0	-0,000378144288552	0,0	0,0	0,0	0,0	0,0	0,0	0,0	0,0	0,0	0,0	0,0	0,0	0,0	0,0	0,0
181800	0,0	-6,19421240586e-05	0,0	0,0	0,0	0,0	0,0	0,0	0,0	0,0	0,0	0,0	0,0	0,0	0,0	0,0	0,0
182700	0,0	4,35702317181e-05	0,0	0,0	0,0	0,0	0,0	0,0	0,0	0,0	0,0	0,0	0,0	0,0	0,0	0,0	0,0
183600	0,0	2,79954693283e-05	0,0	0,0	0,0	0,0	0,0	0,0	0,0	0,0	0,0	0,0	0,0	0,0	0,0	0,0	0,0
184500	0,0	-0,000131359585202	0,0	0,0	0,0	0,0	0,0	0,0	0,0	0,0	0,0	0,0	0,0	0,0	0,0	0,0	0,0
185400	0,0	0,000156110434159	0,0	0,0	0,0	0,0	0,0	0,0	0,0	0,0	0,0	0,0	0,0	0,0	0,0	0,0	0,0
186300	0,0	-0,000331792202057	0,0	0,0	0,0	0,0	0,0	0,0	0,0	0,0	0,0	0,0	0,0	0,0	0,0	0,0	0,0
187200	0,0	0,000126782030404	0,0	0,0	0,0	0,0	0,0	0,0	0,0	0,0	0,0	0,0	0,0	0,0	0,0	0,0	0,0
188100	0,0	-5,06528656401e-05	0,0	0,0	0,0	0,0	0,0	0,0	0,0	0,0	0,0	0,0	0,0	0,0	0,0	0,0	0,0
189000	0,0	2,08565952965e-05	0,0	0,0	0,0	0,0	0,0	0,0	0,0	0,0	0,0	0,0	0,0	0,0	0,0	0,0	0,0
189900	0,0	-3,96071781636e-05	0,0	0,0	0,0	0,0	0,0	0,0	0,0	0,0	0,0	0,0	0,0	0,0	0,0	0,0	0,0
190800	0,0	-2,62749533265e-05	0,0	0,0	0,0	0,0	0,0	0,0	0,0	0,0	0,0	0,0	0,0	0,0	0,0	0,0	0,0
191700	0,0	0,00017063218664	0,0	0,0	0,0	0,0	0,0	0,0	0,0	0,0	0,0	0,0	0,0	0,0	0,0	0,0	0,0
192600	0,0	0,000226284242709	0,0	0,0	0,0	0,0	0,0	0,0	0,0	0,0	0,0	0,0	0,0	0,0	0,0	0,0	0,0
193500	0,0	-0,000217021005515	0,0	0,0	0,0	0,0	0,0	0,0	0,0	0,0	0,0	0,0	0,0	0,0	0,0	0,0	0,0
194400	0,0	0,000138610673212	0,0	0,0	0,0	0,0	0,0	0,0	0,0	0,0	0,0	0,0	0,0	0,0	0,0	0,0	0,0
195300	0,0	8,28050429712e-05	0,0	0,0	0,0	0,0	0,0	0,0	0,0	0,0	0,0	0,0	0,0	0,0	0,0	0,0	0,0
196200	0,0	0,000191176635196	0,0	0,0	0,0	0,0	0,0	0,0	0,0	0,0	0,0	0,0	0,0	0,0	0,0	0,0	0,0
197100	0,0	0,000112865400165	0,0	0,0	0,0	0,0	0,0	0,0	0,0	0,0	0,0	0,0	0,0	0,0	0,0	0,0	0,0
198000	0,0	9,17635631227e-05	0,0	0,0	0,0	0,0	0,0	0,0	0,0	0,0	0,0	0,0	0,0	0,0	0,0	0,0	0,0
198900	0,0	9,9532395242e-05	0,0	0,0	0,0	0,0	0,0	0,0018605291380981576	0,0	0,0	0,0	0,0	0,0	0,0	0,0	0,0	0,0
199800	0,0	0,000101259211894	0,0	0,0	0,0	0,0	0,0	0,0	0,0	0,0	0,0	0,0	0,0	0,0	0,0	0,0	0,0
200700	0,0	0,000674266560308	0,0	0,0	0,0	0,0	0,0	0,0	0,0	0,0	0,0	0,0	0,0	0,0	0,0	0,0	0,0
201600	0,0	0,000984956722885	0,0	0,0	0,0	0,0	0,0	0,0	0,0	0,0	0,0	0,0	0,0	0,0	0,0	0,0	0,0
202500	0,0	-0,000414243067161	0,0	0,0	0,0	0,0	0,0	0,0	0,0	0,0	0,0	0,0	0,0	0,0	0,0	0,0	0,0
203400	0,0	0,00134044933816	0,0	0,0	0,0	0,0	0,0	0,0	0,0	0,0	0,0	0,0	0,0	0,0	0,0	0,0	0,0
204300	0,0	0,000425755964487	0,0	0,0	0,0	0,0	0,0	0,0	0,0	0,0	0,0	0,0	0,0	0,0	0,0	0,0	0,0
205200	0,0	0,00153763900416	0,0	0,0	0,0	0,0	0,0	0,0	0,0	0,0	0,0	0,0	0,0	0,0	0,0	0,0	0,0
206100	0,0	-0,000343280430485	0,0	0,0	0,0	0,0	0,0	0,0	0,0	0,0	0,0	0,0	0,0	0,0	0,0	0,0	0,0
207000	0,0	-0,00249757913923	0,0	0,0	0,0	0,0	0,0	0,0	0,0	0,0	0,0	0,0	0,0	0,0	0,0	0,0	0,0
207900	0,0	-8,57065205156e-05	0,0	0,0	0,0	0,0	0,0	0,0	0,0	0,0	0,0	0,0	0,0	0,0	0,0	0,0	0,0
208800	0,0	-0,00378129702876	0,0	0,0	0,0	0,0	0,0	0,0	0,0	0,0	0,0	0,0	0,0	0,0	0,0	0,0	0,0
209700	0,0	0,00261087267423	0,0	0,0	0,0	0,0	0,0	0,0	0,0	0,0	0,0	0,0	0,0	0,0	0,0	0,0	0,0
210600	0,0	-0,00244591081344	0,0	0,0	0,0	0,0	0,0	0,0	0,0	0,0	0,0	0,0	0,0	0,0	0,0	0,0	0,0
211500	0,0	0,00625493854043	0,0	0,0	0,0	0,0	0,0	0,0	0,0	0,0	0,0	0,0	0,0	0,0	0,0	0,0	0,0
212400	0,0	-0,00568392408051	0,0	0,0	0,0	0,0	0,0	0,0	0,0	0,0	0,0	0,0	0,0	0,0	0,0	0,0	0,0
213300	0,0	0,00505376860267	0,0	0,0	0,0	0,0	0,0	0,0	0,0	0,0	0,0	0,0	0,0	0,0	0,0	0,0	0,0
214200	0,0	0,00338697396405	0,0	0,0	0,0	0,0	0,0	0,0	0,0	0,0	0,0	0,0	0,0	0,0	0,0	0,0	0,0
215100	0,0	-0,00681267549595	0,0	0,0	0,0	0,0	0,0	0,0	0,0	0,0	0,0	0,0	0,0	0,0	0,0	0,0	0,0
216000	0,0	0,00437434510035	0,0	0,0	0,0	0,0	0,0	0,0	0,0	0,0	0,0	0,0	0,0	0,0	0,0	0,0	0,0
216900	0,0	0,00377496839608	0,0	0,0	0,0	0,0	0,0	0,0	0,0	0,0	0,0	0,0	0,0	0,0	0,0	0,0	0,0
217800	0,0	-0,00875211063399	0,0	0,0	0,0	0,0	0,0	0,0	0,0	0,0	0,0	0,0	0,0	0,0	0,0	0,0	0,0
218700	0,0	0,00447458479994	0,0	0,0	0,0	0,0	0,0	0,0	0,0	0,0	0,0	0,0	0,0	0,0	0,0	0,0	0,0
219600	0,0	0,00606952411625	0,0	0,0	0,0	0,0	0,0	0,0	0,0	0,0	0,0	0,0	0,0	0,0	0,0	0,0	0,0
220500	0,0	0,00403136218144	0,0	0,0	0,0	0,0	0,0	0,0	0,0	0,0	0,0	0,0	0,0	0,0	0,0	0,0	0,0
221400	0,0	0,00226882650673	0,0	0,0	0,0	0,0	-2,018674193648758e-05	0,0	0,0	0,0	0,0	0,0	0,0	0,0	0,0	0,0	0,0
222300	0,0	-0,0158791524653	0,0	0,0	0,0	0,0	0,0	0,0	0,0	0,0	0,0	0,0	0,0	0,0	0,0	0,0	0,0
223200	0,0	0,000597841288079	0,0	0,0	0,0	0,0	0,0	0,0	0,0	0,0	0,0	0,0	0,0	0,0	0,0	0,0	0,0
224100	0,0	-0,00223177609701	0,0	0,0	0,0	0,0	0,0	0,0	0,0	0,0	0,0	0,0	0,0	0,0	0,0	0,0	0,0
225000	0,0	0,000196820437264	0,0	0,0	0,0	0,0	0,0	0,0	0,0	0,0	0,0	0,0	0,0	0,0	0,0	0,0	0,0
225900	0,0	-0,00153449054332	0,0	0,0	0,0	0,0	0,0	0,0	0,0	0,0	0,0	0,0	0,0	0,0	0,0	0,0	0,0
226800	0,0	0,00427582173436	0,0	0,0	0,0	0,0	0,0	0,0	0,0	0,0	0,0	0,0	0,0	0,0	0,0	0,0	0,0
227700	0,0	-0,00184665341577	0,0	0,0	0,0	0,0	0,0	0,0	0,0	0,0	0,0	0,0	0,0	0,0	0,0	0,0	0,0
228600	0,0	0,000630482276687	0,0	0,0	0,0	0,0	0,0	0,0	0,0	0,0	0,0	0,0	0,0	0,0	0,0	0,0	0,0
229500	0,0	0,00175969130955	0,0	0,0	0,0	0,0	0,0	0,0	0,0	0,0	0,0	0,0	0,0	0,0	0,0	0,0	0,0
230400	0,0	0,00153779202648	0,0	0,0	0,0	0,0	0,0	0,0	0,0	0,0	0,0	0,0	0,0	0,0	0,0	0,0	0,0
231300	0,0	-0,00121638762271	0,0	0,0	0,0	0,0	0,0	0,0	0,0	0,0	0,0	0,0	0,0	0,0	0,0	0,0	0,0
232200	0,0	0,000888846660782	0,0	0,0	0,0	0,0	0,0	0,0	0,0	0,0	0,0	0,0	0,0	0,0	0,0	0,0	0,0
233100	0,0	0,000550377774914	0,0	0,0	0,0	0,0	0,0	0,0	0,0	0,0	0,0	0,0	0,0	0,0	0,0	0,0	0,0
234000	0,0	-0,00107171155574	0,0	0,0	0,0	0,0	0,0	0,0	0,0	0,0	0,0	0,0	0,0	0,0	0,0	0,0	0,0
234900	0,0	0,00072380215892	0,0	0,0	0,0	0,0	0,0	0,0	0,0	0,0	0,0	0,0	0,0	0,0	0,0	0,0	0,0
235800	0,0	0,000404573912117	0,0	0,0	0,0	0,0	0,0	0,0	0,0	0,0	0,0	0,0	0,0	0,0	0,0	0,0	0,0
236700	0,0	-0,000498992638214	0,0	0,0	0,0	0,0	0,0	0,0	0,0	0,0	0,0	0,0	0,0	0,0	0,0	0,0	0,0
237600	0,0	-3,15197799236e-05	0,0	0,0	0,0	0,0	0,0	0,0	0,0	0,0	0,0	0,0	0,0	0,0	0,0	0,0	0,0
238500	0,0	0,000224764207785	0,0	0,0	0,0	0,0	0,0	0,0	0,0	0,0	0,0	0,0	0,0	0,0	0,0	0,0	0,0
239400	0,0	0,000829872623334	0,0	0,0	0,0	0,0	0,0	0,0	0,0	0,0	0,0	0,0	0,0	0,0	0,0	0,0	0,0
240300	0,0	0,000723296922007	0,0	0,0	0,0	0,0	0,0	0,0	0,0	0,0	0,0	0,0	0,0	0,0	0,0	0,0	0,0
241200	0,0	0,000145678747961	0,0	0,0	0,0	0,0	0,0	0,0	0,0	0,0	0,0	0,0	0,0	0,0	0,0	0,0	0,0
242100	0,0	-0,000246993395954	0,0	0,0	0,0	0,0	0,0	0,0	0,0	0,0	0,0	0,0	0,0	0,0	0,0	0,0	0,0
243000	0,0	0,000361771161279	0,0	0,0	0,0	0,0	0,0	0,0	0,0	0,0	0,0	0,0	0,0	0,0	0,0	0,0	0,0
243900	0,0	0,00121258116014	0,0	0,0	0,0	0,0	0,0	0,0	0,0	0,0	0,0	0,0	0,0	0,0	0,0	0,0	0,0
244800	0,0	-0,000635828430236	0,0	0,0	0,0	0,0	0,0	0,0	0,0	0,0	0,0	0,0	0,0010659239814550725	0,0	0,0	0,0	0,0
245700	0,0	-0,00127130808186	0,0	0,0	0,0	0,0	0,0	0,0	0,0	0,0	0,0	0,0	0,0	0,0	0,0	0,0	0,0
246600	0,0	-0,0012500823806	0,0	0,0	0,0	0,0	0,0	0,0	0,0	0,0	0,0	0,0	0,0	0,0	0,0	0,0	0,0
247500	0,0	0,000278748644113	0,0	0,0	0,0	0,0	0,0	0,0	0,0	0,0	0,0	0,0	0,0	0,0	0,0	0,0	0,0
248400	0,0	0,000151354633127	0,0	0,0	0,0	0,0	0,0	0,0	0,0	0,0	0,0	0,0	0,0	0,0	0,0	0,0	0,0
249300	0,0	-0,000346800722199	0,0	0,0	0,0	0,0	0,0	0,005650596131416661	0,0	0,0	0,0	0,0	0,0	0,0	0,0	0,0	0,0
250200	0,0	-0,000230758354465	0,0	0,0	0,0	0,0	0,0	0,0	0,0	0,0	0,0	0,0	0,0	0,0	0,0	0,0	0,0
251100	0,0	-0,000560930677321	0,0	0,0	0,0	0,0	0,0	0,0	0,0	0,0	0,0	0,0	0,0	0,0	0,0	0,0	0,0
252000	0,0	-0,000616526183595	0,0	0,0	0,0	0,0	0,0	0,0	0,0	0,0	0,0	0,0	0,0	0,0	0,0	0,0	0,0
252900	0,0	3,50624009202e-05	0,0	0,0	0,0	0,0	0,0	0,0	0,0	0,0	0,0	0,0	0,0	0,0	0,0	0,0	0,0
253800	0,0	0,000296567317753	0,0	0,0	0,0	0,0	0,0	0,0	0,0	0,0	0,0	0,0	0,0	0,0	0,0	0,0	0,0
254700	0,0	-4,17620159983e-05	0,0	0,0	0,0	0,0	0,0	0,0	0,0	0,0	0,0	0,0	0,0	0,0	0,0	0,0	0,0
255600	0,0	-0,000646799522355	0,0	0,0	0,0	0,0	0,0	0,0	0,0	0,0	0,0	0,0	0,0	0,0	0,0	0,0	0,0
256500	0,0	-0,000642391193739	0,0	0,0	0,0	0,0	0,0	0,0	0,0	0,0	0,0	0,0	0,0	0,0	0,0	0,0	0,0
257400	0,0	4,45474958197e-05	0,0	0,0	0,0	0,0	0,0	0,0	0,0	0,0	0,0	0,0	0,0	0,0	0,0	0,0	0,0
258300	0,0	-0,000242553471666	0,0	0,0	0,0	0,0	0,0	0,0	0,0	0,0	0,0	0,0	0,0	0,0	0,0	0,0	0,0
259200	0,0	-0,000304786889737	0,0	0,0	0,0	0,0	0,0	0,0	0,0	0,0	0,0	0,0	0,0	0,0	0,0	0,0	0,0
260100	0,0	-0,000322087409153	0,0	0,0	0,0	0,0	0,0	0,0	0,0	0,0	0,0	0,0	0,0	0,0	0,0	0,0	0,0
261000	0,0	0,000164232186231	0,0	0,0	0,0	0,0	0,0	0,0	0,0	0,0	0,0	0,0	0,0	0,0	0,0	0,0	0,0
261900	0,0	-5,76072231585e-05	0,0	0,0	0,0	0,0	0,0	0,0	0,0	0,0	0,0	0,0	0,0	0,0	0,0	0,0	0,0
262800	0,0	-0,000958492956445	0,0	0,0	0,0	0,0	0,0	0,0	0,0	0,0	0,0	0,0	0,0	0,0	0,0	0,0	0,0
263700	0,0	0,000267127084583	0,0	0,0	0,0	0,0	0,0	0,0	0,0	0,0	0,0	0,0	0,0	0,0	0,0	0,0	0,0
264600	0,0	-0,000297347663687	0,0	0,0	-0,0027774020429753464	0,0	0,0	0,0	0,0	0,0	0,0	0,0	0,0	0,0	0,0	0,0	0,0
265500	0,0	9,15058197287e-05	0,0	0,0	0,0	0,0	0,0	0,0	0,0	0,0	0,0	0,0	0,0	0,0	0,0	0,0	0,0
266400	0,0	-0,000319943014105	0,0	0,0	0,0	0,0	0,0	0,0	0,0	0,0	0,0	0,0	0,0	0,0	0,0	0,0	0,0
267300	0,0	-0,000238778033256	0,0	0,0	0,0	0,0	0,0	0,0	0,0	0,0	0,0	0,0	0,0	0,0	0,0	0,0	0,0
