time	I_imag	d/dt
0	1,89686308143e-05	0
900	3,91107072391e-05	3,35701273746e-07
1800	4,29000778946e-06	-5,80344990827e-07
2700	5,34304376202e-05	8,19007163845e-07
3600	5,27456564655e-05	-1,14130192438e-08
4500	4,12100693999e-05	-1,92259784428e-07
5400	2,93800086123e-05	-1,97167679793e-07
6300	2,40996345753e-05	-8,80062339504e-08
7200	3,14357902718e-05	1,2226926161e-07
8100	2,02213359079e-05	-1,86907572733e-07
9000	1,81476962722e-05	-3,45606605946e-08
9900	1,8779273166e-05	1,05262815641e-08
10800	1,53001920268e-05	-5,79846856537e-08
11700	1,70202876298e-05	2,86682600499e-08
12600	1,96763014821e-05	4,42668975384e-08
13500	2,25498812115e-05	4,78929954896e-08
14400	1,74677201961e-05	-8,47026835889e-08
15300	1,3766353283e-05	-6,16894485523e-08
16200	1,91340667494e-05	8,94618911065e-08
17100	1,71082839479e-05	-3,37630466919e-08
18000	1,71654057081e-05	9,52029337094e-10
18900	1,81945069932e-05	1,71516880856e-08
19800	1,56682374761e-05	-4,2104491952e-08
20700	1,86495074448e-05	4,96878328109e-08
21600	2,19810561819e-05	5,55258122852e-08
22500	2,48142735493e-05	4,72202894561e-08
23400	2,68984488428e-05	3,47362548921e-08
24300	2,51053133895e-05	-2,98855908879e-08
25200	3,18426242292e-05	1,12288513994e-07
26100	3,34700169056e-05	2,71232112743e-08
27000	3,28362598934e-05	-1,05626168711e-08
27900	4,17454637328e-05	1,48486730657e-07
28800	6,25240047174e-05	3,4630901641e-07
29700	8,39416233665e-05	3,56960310819e-07
30600	0,000167134941875	1,38655530848e-06
31500	0,00012977663322	-6,22638477583e-07
32400	8,48414001231e-05	-7,48920551619e-07
33300	9,84208880087e-05	2,26324798093e-07
34200	7,9273379539e-05	-3,19125141162e-07
35100	0,000166272797429	1,44999029817e-06
36000	3,46213291983e-05	-2,19419113718e-06
36900	5,16535836658e-05	2,83870907791e-07
37800	9,47929688449e-05	7,18989752985e-07
38700	-1,28591728341e-06	-1,6013147688e-06
39600	-1,22427492405e-05	-1,82613865951e-07
40500	-3,47546731987e-05	-3,75198732638e-07
41400	-6,61291824546e-05	-5,22908487599e-07
42300	-6,82157407212e-05	-3,47759711094e-08
43200	-5,3198550157e-05	2,50286509404e-07
44100	-1,24260513833e-05	6,79541646227e-07
45000	-3,55940411711e-05	-3,86133163129e-07
45900	-3,54228881282e-05	2,85255071478e-09
46800	-1,70018475143e-05	3,07017343565e-07
47700	-7,902990395e-05	-1,0338009406e-06
48600	-3,08210386958e-05	8,03481087571e-07
49500	-1,48425488617e-05	2,66308163901e-07
50400	-0,00011055203946	-1,59515817665e-06
51300	-1,67259211052e-05	1,56376863925e-06
52200	-6,36161817776e-06	1,72738382123e-07
53100	4,53429725919e-05	8,61743179495e-07
54000	4,21650721581e-05	-5,29650072303e-08
54900	-0,000109506749751	-2,52786369848e-06
55800	1,65524679189e-05	2,10098696116e-06
56700	0,000166351289034	2,49664701859e-06
57600	6,7162602215e-05	-1,65314478032e-06
58500	2,52810476961e-05	-6,98025908648e-07
59400	3,15167350968e-05	1,03928123346e-07
60300	2,88775828691e-05	-4,3985870462e-08
61200	3,74516621612e-05	1,42901321534e-07
62100	2,85793199467e-05	-1,47872370241e-07
63000	2,96565675664e-05	1,79541269953e-08
63900	2,71977255041e-05	-4,09807010384e-08
64800	0,000164386278761	2,28647588761e-06
65700	3,23739808838e-05	-2,20020496461e-06
66600	3,07933024734e-05	-2,63446401735e-08
67500	2,48795033279e-05	-9,85633190916e-08
68400	4,85910040725e-05	3,95191679077e-07
69300	3,97844350201e-05	-1,46776150874e-07
70200	5,14022618269e-05	1,9363044678e-07
71100	6,33564755903e-05	1,99236896058e-07
72000	6,83403796762e-05	8,30650680976e-08
72900	4,85508189144e-05	-3,29826012696e-07
73800	4,52109124399e-05	-5,56651079084e-08
74700	4,06652772075e-05	-7,57605872073e-08
75600	2,79886527475e-05	-2,11277074333e-07
76500	2,85214777058e-05	8,88041597105e-09
77400	0,000166388674099	2,29778660655e-06
78300	2,5210559019e-05	-2,35296858467e-06
79200	0,000151916762246	2,11177005378e-06
80100	0,000140284389445	-1,93872880013e-07
81000	0,000119359624902	-3,48746075719e-07
81900	0,000131674684744	2,05250997367e-07
82800	8,86058959223e-05	-7,17813147025e-07
83700	8,17311474102e-05	-1,14579141867e-07
84600	7,81554049184e-05	-5,95957081973e-08
85500	6,2475505445e-05	-2,6133165789e-07
86400	3,64304151349e-05	-4,34084838502e-07
87300	3,28534224515e-05	-5,96165447227e-08
88200	3,28284173889e-05	-4,16751043647e-10
89100	2,42682908942e-05	-1,42668774913e-07
90000	1,89104696475e-05	-8,92970207784e-08
90900	2,07814470454e-05	3,11829566316e-08
91800	1,48254051117e-05	-9,92673655603e-08
92700	1,81352842691e-05	5,51646526227e-08
93600	1,90705894723e-05	1,55884200533e-08
94500	1,71434644185e-05	-3,21187508963e-08
95400	1,56843025024e-05	-2,43193652687e-08
96300	1,28882924948e-05	-4,6600166794e-08
97200	1,44038949895e-05	2,52600415783e-08
98100	1,53775662843e-05	1,62278549135e-08
99000	1,58594460523e-05	8,03132946715e-09
99900	1,62319755136e-05	6,20882435514e-09
100800	1,16525320823e-05	-7,63240571885e-08
101700	1,46605210389e-05	5,01331492768e-08
102600	1,63837380008e-05	2,8720282698e-08
103500	1,45748890536e-05	-3,01474824534e-08
104400	2,21488128123e-05	1,26232062646e-07
105300	2,11362992242e-05	-1,68752264685e-08
106200	2,21617727796e-05	1,70912259233e-08
107100	3,25772289653e-05	1,73590936428e-07
108000	5,70455444181e-05	4,07805257547e-07
108900	6,02081673352e-05	5,27103819525e-08
109800	8,35953042462e-05	3,89785615182e-07
110700	9,17723110353e-05	1,36283446486e-07
111600	0,000109735003118	2,99378201371e-07
112500	0,000106844199056	-4,8180067701e-08
113400	0,000135868118851	4,83731996594e-07
114300	0,000138753363624	4,80874128873e-08
115200	2,7731910397e-05	-1,85035755379e-06
116100	2,97193630877e-05	3,31242115117e-08
117000	3,6562787803e-05	1,14057078589e-07
117900	0,000143867953431	1,78841942713e-06
118800	2,96563584243e-05	-1,90352658344e-06
119700	4,11146194236e-05	1,90971016655e-07
120600	-1,21647936318e-05	-8,8799021759e-07
121500	6,70985771405e-05	1,32105617954e-06
122400	-9,96209692125e-06	-1,2843445677e-06
123300	-1,61365424187e-05	-1,02907424957e-07
124200	-1,69912041098e-05	-1,42443615189e-08
125100	-3,81615500105e-05	-3,52839098344e-07
126000	-3,0528921175e-05	1,27210480591e-07
126900	-3,13734177718e-05	-1,40749432802e-08
127800	-2,31798725833e-05	1,36559086475e-07
128700	-4,00436940974e-05	-2,81063691902e-07
129600	-3,7049327612e-05	4,99061080901e-08
130500	-2,52492898872e-05	1,96667295414e-07
131400	-2,4917411747e-05	5,5313023359e-09
132300	-2,44567249469e-05	7,67811333629e-09
133200	-2,00321170314e-05	7,37434652571e-08
134100	-0,000165031594411	-2,41665795633e-06
135000	-1,64747220669e-05	2,47594787241e-06
135900	-2,3789421435e-05	-1,21911656135e-07
136800	-1,12867934627e-05	2,08377132873e-07
137700	-3,99303249457e-05	-4,77392191384e-07
138600	-6,15429312396e-05	-3,60210104899e-07
139500	-8,55092715977e-06	8,83200067997e-07
140400	-4,20345142098e-05	-5,58059784167e-07
141300	7,23758472443e-06	8,21201648904e-07
142200	3,10339643395e-07	-1,15454084684e-07
143100	1,06277635893e-05	1,71957065765e-07
144000	0,00012307150156	1,8740622995e-06
144900	0,000115172786165	-1,31645256582e-07
145800	9,14300392446e-05	-3,95712448667e-07
146700	0,000157831015673	1,10668294047e-06
147600	0,000157375386484	-7,59381980948e-09
148500	2,76775502103e-05	-2,16163060456e-06
149400	3,78465679679e-05	1,69483629293e-07
150300	2,89664569288e-05	-1,48001850652e-07
151200	3,90957752502e-05	1,68821972023e-07
152100	3,8784858383e-05	-5,181947786e-09
153000	4,14037630888e-05	4,36484117633e-08
153900	4,88605955453e-05	1,24280540942e-07
154800	5,2539965165e-05	6,13228269958e-08
155700	5,06101701487e-05	-3,21632502731e-08
156600	4,51803677883e-05	-9,04967060061e-08
157500	5,01007485309e-05	8,20063457099e-08
158400	4,39112057193e-05	-1,0315904686e-07
159300	4,07600355428e-05	-5,25195029423e-08
160200	2,71186406512e-05	-2,27356581527e-07
161100	2,84261924554e-05	2,17925300703e-08
162000	0,000189564964655	2,68564620333e-06
162900	2,64481109516e-05	-2,71861422839e-06
163800	2,52257090561e-05	-2,03733649248e-08
164700	0,000156869190142	2,1940580181e-06
165600	0,000150067210825	-1,13366321954e-07
166500	0,000151534370183	2,4452655969e-08
167400	0,000128247690289	-3,88111331576e-07
168300	0,000106208200133	-3,67324835923e-07
169200	0,00011514703947	1,48980655611e-07
170100	0,000113622656833	-2,54063772879e-08
171000	8,18814417528e-05	-5,29020251334e-07
171900	8,22475582626e-05	6,10194183061e-09
172800	7,99255766013e-05	-3,86996943545e-08
173700	5,99452114103e-05	-3,33006086518e-07
174600	7,14667868532e-05	1,92026257381e-07
175500	4,67649626018e-05	-4,11697070856e-07
176400	3,53763137109e-05	-1,89810814849e-07
177300	3,45901674326e-05	-1,31024379712e-08
178200	2,96183148921e-05	-8,2864209009e-08
179100	3,97981323535e-05	1,69663624357e-07
180000	2,79733698968e-05	-1,97079374278e-07
180900	2,01548515298e-05	-1,3030863945e-07
181800	1,89947256051e-05	-1,93354320776e-08
182700	1,89787292503e-05	-2,66605914223e-10
183600	1,99572738364e-05	1,63090764358e-08
184500	1,68525759971e-05	-5,17449639885e-08
185400	2,0724673274e-05	6,45349546137e-08
186300	1,40784568921e-05	-1,10770273032e-07
187200	1,63877127291e-05	3,84875972844e-08
188100	1,52784721409e-05	-1,84873431373e-08
189000	1,55138737134e-05	3,92335954132e-09
189900	1,46700794038e-05	-1,40632384919e-08
190800	1,46187539e-05	-8,55425063955e-10
191700	1,82517625279e-05	6,05501437981e-08
192600	2,27886073762e-05	7,56140808052e-08
193500	1,80459116498e-05	-7,90449287731e-08
194400	2,07263611277e-05	4,46741579647e-08
195300	2,33058044593e-05	4,29907221932e-08
196200	2,76639067422e-05	7,26350380478e-08
197100	3,05987934922e-05	4,89147791669e-08
198000	3,29337634233e-05	3,8916165519e-08
198900	3,48345396403e-05	3,16796036162e-08
199800	3,7276107682e-05	4,06928006944e-08
200700	5,93682851874e-05	3,68202958424e-07
201600	0,000109097338432	8,28817554081e-07
202500	8,28215612219e-05	-4,37929620174e-07
203400	0,000154164653033	1,18905153018e-06
204300	0,000173064783927	3,15002181572e-07
205200	3,7448076673e-05	-2,26027845423e-06
206100	3,57783777361e-05	-2,78283156161e-08
207000	9,03067151273e-05	9,08805623188e-07
207900	9,43850793687e-05	6,7972737357e-08
208800	-1,30417866206e-07	-1,57525828725e-06
209700	-7,10255765268e-05	-1,18158597768e-06
210600	-1,25132213101e-08	1,18355105509e-06
211500	-1,54878215429e-05	-2,57921805359e-07
212400	-1,21960569259e-05	5,48627436163e-08
213300	-1,18725576681e-05	5,39165429698e-09
214200	-2,81395350823e-05	-2,71116290237e-07
215100	-6,52207183555e-05	-6,1801972122e-07
216000	-1,53147630015e-05	8,31765922567e-07
216900	-3,64570620274e-05	-3,52371650433e-07
217800	-4,85702128217e-05	-2,0188584657e-07
218700	-1,37483977277e-05	5,80363584899e-07
219600	-4,98129161383e-05	-6,01075306844e-07
220500	-8,68767293686e-05	-6,17730220504e-07
221400	-0,000112615863452	-4,28985568056e-07
222300	-6,76036314413e-05	7,50203866845e-07
223200	8,02370037655e-05	2,46401058678e-06
224100	-2,44501975984e-05	-1,7447866894e-06
225000	-3,81732294989e-05	-2,28717198341e-07
225900	-9,98484477299e-07	6,19579083694e-07
226800	0,000107312339661	1,8051804023e-06
227700	3,67831363667e-05	-1,17548672157e-06
228600	5,34820410565e-05	2,78315078163e-07
229500	0,000136314362971	1,38053869857e-06
230400	3,15258245612e-05	-1,74647564016e-06
231300	0,00015659826221	2,08454062749e-06
232200	2,82466566643e-05	-2,13919342577e-06
233100	3,43340321951e-05	1,01456258846e-07
234000	0,000189202447769	2,58114025956e-06
234900	3,18342295755e-05	-2,62280363655e-06
235800	3,57808952334e-05	6,5777760965e-08
236700	3,05143012289e-05	-8,77765667417e-08
237600	3,00233365097e-05	-8,18274532124e-09
238500	3,25165261398e-05	4,15531605018e-08
239400	4,05424741916e-05	1,33765800863e-07
240300	4,70906156811e-05	1,09135691492e-07
241200	4,96107600287e-05	4,2002405793e-08
242100	4,64946215685e-05	-5,19356410032e-08
243000	5,05741244218e-05	6,7991714222e-08
243900	6,64593669425e-05	2,64754042012e-07
244800	5,88166164064e-05	-1,27379175603e-07
245700	4,62168239936e-05	-2,09996540213e-07
246600	3,18811025058e-05	-2,38928691464e-07
247500	3,51309244535e-05	5,41636991285e-08
248400	3,60788856533e-05	1,57993533307e-08
249300	3,25520463556e-05	-5,87806549628e-08
250200	3,02786084193e-05	-3,78906322703e-08
251100	0,00018221596262	2,53228923669e-06
252000	0,000143781829293	-6,40568888796e-07
252900	0,000143614482241	-2,7891175345e-09
253800	0,000161256327012	2,94030746181e-07
254700	0,000161812352433	9,26709035462e-09
255600	0,000125553424056	-6,04315472948e-07
256500	9,56599357211e-05	-4,9822480558e-07
257400	9,50216201865e-05	-1,06385922428e-08
258300	8,55081755683e-05	-1,58557410303e-07
259200	7,41080541529e-05	-1,90002023591e-07
260100	5,72904900977e-05	-2,80292734253e-07
261000	6,32926806536e-05	1,00036509264e-07
261900	6,14606204674e-05	-3,05343364355e-08
262800	3,14401248312e-05	-5,00341593936e-07
263700	3,83272268422e-05	1,14785033516e-07
264600	2,98574955972e-05	-1,41162187416e-07
265500	3,24396140137e-05	4,30353069415e-08
266400	2,54257264475e-05	-1,16898126104e-07
267300	2,04931084928e-05	-8,2210299244e-08
