time	sensor_1	sensor_2	sensor_3	sensor_4	sensor_5	sensor_6	sensor_7	sensor_8	sensor_9	sensor_10	sensor_11	sensor_12	sensor_13	sensor_14	sensor_15	sensor_16	sensor_17
0	-0,000679651489836	-0,000679651489836	-0,000679651489836	-0,000679651489836	-0,00074422527028	-0,00074422527028	-0,00074422527028	-0,000855359463869	-0,000855359463869	-0,000855359463869	-0,000855359463869	-0,000855359463869	-0,000855359463869	-0,000880611877761	-0,000880611877761	-0,000880611877761	-0,000880611877761
900	-0,000975921492725	-0,000975921492725	-0,000975921492725	-0,000975921492725	-0,00106992512061	-0,00106992512061	-0,00106992512061	-0,0012218171659	-0,0012218171659	-0,0012218171659	-0,0012218171659	-0,0012218171659	-0,0012218171659	-0,00125626693425	-0,00125626693425	-0,00125626693425	-0,00125626693425
1800	-0,000323220428414	-0,000323220428414	-0,000323220428414	-0,000323220428414	-0,000355716951451	-0,000355716951451	-0,000355716951451	-0,00039784496881	-0,00039784496881	-0,00039784496881	-0,00039784496881	-0,00039784496881	-0,00039784496881	-0,000405223738672	-0,000405223738672	-0,000405223738672	-0,000405223738672
2700	-0,00114067186117	-0,00114067186117	-0,00114067186117	-0,00114067186117	-0,00125043747896	-0,00125043747896	-0,00125043747896	-0,00142861470835	-0,00142861470835	-0,00142861470835	-0,00142861470835	-0,00142861470835	-0,00142861470835	-0,0014677626732	-0,0014677626732	-0,0014677626732	-0,0014677626732
3600	-0,00113333876245	-0,00113333876245	-0,00113333876245	-0,00113333876245	-0,00124373965522	-0,00124373965522	-0,00124373965522	-0,00141272584025	-0,00141272584025	-0,00141272584025	-0,00141272584025	-0,00141272584025	-0,00141272584025	-0,00145069723651	-0,00145069723651	-0,00145069723651	-0,00145069723651
4500	-0,00100177138811	-0,00100177138811	-0,00100177138811	-0,00100177138811	-0,00109833994713	-0,00109833994713	-0,00109833994713	-0,00125380530097	-0,00125380530097	-0,00125380530097	-0,00125380530097	-0,00125380530097	-0,00125380530097	-0,00128858048721	-0,00128858048721	-0,00128858048721	-0,00128858048721
5400	-0,000845850387121	-0,000845850387121	-0,000845850387121	-0,000845850387121	-0,000926640760158	-0,000926640760158	-0,000926640760158	-0,00106239512953	-0,00106239512953	-0,00106239512953	-0,00106239512953	-0,00106239512953	-0,00106239512953	-0,00109454763287	-0,00109454763287	-0,00109454763287	-0,00109454763287
6300	-0,000766078283343	-0,000766078283343	-0,000766078283343	-0,000766078283343	-0,000838709320275	-0,000838709320275	-0,000838709320275	-0,000964900705123	-0,000964900705123	-0,000964900705123	-0,000964900705123	-0,000964900705123	-0,000964900705123	-0,000995585782101	-0,000995585782101	-0,000995585782101	-0,000995585782101
7200	-0,000874942826247	-0,000874942826247	-0,000874942826247	-0,000874942826247	-0,000958208348543	-0,000958208348543	-0,000958208348543	-0,00110045337408	-0,00110045337408	-0,00110045337408	-0,00110045337408	-0,00110045337408	-0,00110045337408	-0,00113278070544	-0,00113278070544	-0,00113278070544	-0,00113278070544
8100	-0,000701734958979	-0,000701734958979	-0,000701734958979	-0,000701734958979	-0,000769126277609	-0,000769126277609	-0,000769126277609	-0,000879555172823	-0,000879555172823	-0,000879555172823	-0,000879555172823	-0,000879555172823	-0,000879555172823	-0,000905056073819	-0,000905056073819	-0,000905056073819	-0,000905056073819
9000	-0,000664781769686	-0,000664781769686	-0,000664781769686	-0,000664781769686	-0,000728830412628	-0,000728830412628	-0,000728830412628	-0,000832207342698	-0,000832207342698	-0,000832207342698	-0,000832207342698	-0,000832207342698	-0,000832207342698	-0,000854805089477	-0,000854805089477	-0,000854805089477	-0,000854805089477
9900	-0,000676250650663	-0,000676250650663	-0,000676250650663	-0,000676250650663	-0,000740512364025	-0,000740512364025	-0,000740512364025	-0,000851024181833	-0,000851024181833	-0,000851024181833	-0,000851024181833	-0,000851024181833	-0,000851024181833	-0,000875474096425	-0,000875474096425	-0,000875474096425	-0,000875474096425
10800	-0,000610403519691	-0,000610403519691	-0,000610403519691	-0,000610403519691	-0,000668811654278	-0,000668811654278	-0,000668811654278	-0,000766140986955	-0,000766140986955	-0,000766140986955	-0,000766140986955	-0,000766140986955	-0,000766140986955	-0,000788741268142	-0,000788741268142	-0,000788741268142	-0,000788741268142
11700	-0,000643801343318	-0,000643801343318	-0,000643801343318	-0,000643801343318	-0,000705622235689	-0,000705622235689	-0,000705622235689	-0,000806974905541	-0,000806974905541	-0,000806974905541	-0,000806974905541	-0,000806974905541	-0,000806974905541	-0,000830727931885	-0,000830727931885	-0,000830727931885	-0,000830727931885
12600	-0,000692213363084	-0,000692213363084	-0,000692213363084	-0,000692213363084	-0,000758547868058	-0,000758547868058	-0,000758547868058	-0,000868332819004	-0,000868332819004	-0,000868332819004	-0,000868332819004	-0,000868332819004	-0,000868332819004	-0,000893751660504	-0,000893751660504	-0,000893751660504	-0,000893751660504
13500	-0,0007410374535	-0,0007410374535	-0,0007410374535	-0,0007410374535	-0,000812131814215	-0,000812131814215	-0,000812131814215	-0,000929173873078	-0,000929173873078	-0,000929173873078	-0,000929173873078	-0,000929173873078	-0,000929173873078	-0,000955357649355	-0,000955357649355	-0,000955357649355	-0,000955357649355
14400	-0,000652208589621	-0,000652208589621	-0,000652208589621	-0,000652208589621	-0,00071480882722	-0,00071480882722	-0,00071480882722	-0,000817652790393	-0,000817652790393	-0,000817652790393	-0,000817652790393	-0,000817652790393	-0,000817652790393	-0,000840459542822	-0,000840459542822	-0,000840459542822	-0,000840459542822
15300	-0,000578999464726	-0,000578999464726	-0,000578999464726	-0,000578999464726	-0,000634349790247	-0,000634349790247	-0,000634349790247	-0,000726988676793	-0,000726988676793	-0,000726988676793	-0,000726988676793	-0,000726988676793	-0,000726988676793	-0,000748408016391	-0,000748408016391	-0,000748408016391	-0,000748408016391
16200	-0,000682608850534	-0,000682608850534	-0,000682608850534	-0,000682608850534	-0,000747368598322	-0,000747368598322	-0,000747368598322	-0,000859556440404	-0,000859556440404	-0,000859556440404	-0,000859556440404	-0,000859556440404	-0,000859556440404	-0,000885456441412	-0,000885456441412	-0,000885456441412	-0,000885456441412
17100	-0,000645463445359	-0,000645463445359	-0,000645463445359	-0,000645463445359	-0,000707213225081	-0,000707213225081	-0,000707213225081	-0,000810211851083	-0,000810211851083	-0,000810211851083	-0,000810211851083	-0,000810211851083	-0,000810211851083	-0,000834686690418	-0,000834686690418	-0,000834686690418	-0,000834686690418
18000	-0,000646540105563	-0,000646540105563	-0,000646540105563	-0,000646540105563	-0,000708628964403	-0,000708628964403	-0,000708628964403	-0,000810382929136	-0,000810382929136	-0,000810382929136	-0,000810382929136	-0,000810382929136	-0,000810382929136	-0,000831974825	-0,000831974825	-0,000831974825	-0,000831974825
18900	-0,000665638575122	-0,000665638575122	-0,000665638575122	-0,000665638575122	-0,000729577433428	-0,000729577433428	-0,000729577433428	-0,000834241604299	-0,000834241604299	-0,000834241604299	-0,000834241604299	-0,000834241604299	-0,000834241604299	-0,000857197628702	-0,000857197628702	-0,000857197628702	-0,000857197628702
19800	-0,000617701441654	-0,000617701441654	-0,000617701441654	-0,000617701441654	-0,000677236267027	-0,000677236267027	-0,000677236267027	-0,000773159044571	-0,000773159044571	-0,000773159044571	-0,000773159044571	-0,000773159044571	-0,000773159044571	-0,000794701800583	-0,000794701800583	-0,000794701800583	-0,000794701800583
20700	-0,000673910139626	-0,000673910139626	-0,000673910139626	-0,000673910139626	-0,000738546787795	-0,000738546787795	-0,000738546787795	-0,000845092051088	-0,000845092051088	-0,000845092051088	-0,000845092051088	-0,000845092051088	-0,000845092051088	-0,000869480236738	-0,000869480236738	-0,000869480236738	-0,000869480236738
21600	-0,000731631438397	-0,000731631438397	-0,000731631438397	-0,000731631438397	-0,000801314563706	-0,000801314563706	-0,000801314563706	-0,000919923996238	-0,000919923996238	-0,000919923996238	-0,000919923996238	-0,000919923996238	-0,000919923996238	-0,000948081260095	-0,000948081260095	-0,000948081260095	-0,000948081260095
22500	-0,000777353692124	-0,000777353692124	-0,000777353692124	-0,000777353692124	-0,000851735459608	-0,000851735459608	-0,000851735459608	-0,000975693844605	-0,000975693844605	-0,000975693844605	-0,000975693844605	-0,000975693844605	-0,000975693844605	-0,00100368791568	-0,00100368791568	-0,00100368791568	-0,00100368791568
23400	-0,000809340676301	-0,000809340676301	-0,000809340676301	-0,000809340676301	-0,000886919387982	-0,000886919387982	-0,000886919387982	-0,00101516103194	-0,00101516103194	-0,00101516103194	-0,00101516103194	-0,00101516103194	-0,00101516103194	-0,00104326765834	-0,00104326765834	-0,00104326765834	-0,00104326765834
24300	-0,0007818990324	-0,0007818990324	-0,0007818990324	-0,0007818990324	-0,000857242587107	-0,000857242587107	-0,000857242587107	-0,000978764607018	-0,000978764607018	-0,000978764607018	-0,000978764607018	-0,000978764607018	-0,000978764607018	-0,00100573108657	-0,00100573108657	-0,00100573108657	-0,00100573108657
25200	-0,000880586184046	-0,000880586184046	-0,000880586184046	-0,000880586184046	-0,000965256090671	-0,000965256090671	-0,000965256090671	-0,00110321464917	-0,00110321464917	-0,00110321464917	-0,00110321464917	-0,00110321464917	-0,00110321464917	-0,00113535577534	-0,00113535577534	-0,00113535577534	-0,00113535577534
26100	-0,000902807847615	-0,000902807847615	-0,000902807847615	-0,000902807847615	-0,000988874502948	-0,000988874502948	-0,000988874502948	-0,00113475387623	-0,00113475387623	-0,00113475387623	-0,00113475387623	-0,00113475387623	-0,00113475387623	-0,00116867711458	-0,00116867711458	-0,00116867711458	-0,00116867711458
27000	-0,000894219692246	-0,000894219692246	-0,000894219692246	-0,000894219692246	-0,000979567147307	-0,000979567147307	-0,000979567147307	-0,00112346164675	-0,00112346164675	-0,00112346164675	-0,00112346164675	-0,00112346164675	-0,00112346164675	-0,00115594892686	-0,00115594892686	-0,00115594892686	-0,00115594892686
27900	-0,0010082577319	-0,0010082577319	-0,0010082577319	-0,0010082577319	-0,00110406825101	-0,00110406825101	-0,00110406825101	-0,00126884007863	-0,00126884007863	-0,00126884007863	-0,00126884007863	-0,00126884007863	-0,00126884007863	-0,00130714082802	-0,00130714082802	-0,00130714082802	-0,00130714082802
28800	-0,0012339267156	-0,0012339267156	-0,0012339267156	-0,0012339267156	-0,00135096662415	-0,00135096662415	-0,00135096662415	-0,00155390774933	-0,00155390774933	-0,00155390774933	-0,00155390774933	-0,00155390774933	-0,00155390774933	-0,00160128965292	-0,00160128965292	-0,00160128965292	-0,00160128965292
29700	-0,00142972937138	-0,00142972937138	-0,00142972937138	-0,00142972937138	-0,00156862866747	-0,00156862866747	-0,00156862866747	-0,00178404984272	-0,00178404984272	-0,00178404984272	-0,00178404984272	-0,00178404984272	-0,00178404984272	-0,00183234616964	-0,00183234616964	-0,00183234616964	-0,00183234616964
30600	-0,00201742000915	-0,00201742000915	-0,00201742000915	-0,00201742000915	-0,00220738799313	-0,00220738799313	-0,00220738799313	-0,00254751352761	-0,00254751352761	-0,00254751352761	-0,00254751352761	-0,00254751352761	-0,00254751352761	-0,00263095915612	-0,00263095915612	-0,00263095915612	-0,00263095915612
31500	-0,0017777142408	-0,0017777142408	-0,0017777142408	-0,0017777142408	-0,00194640827839	-0,00194640827839	-0,00194640827839	-0,00223833479093	-0,00223833479093	-0,00223833479093	-0,00223833479093	-0,00223833479093	-0,00223833479093	-0,00230741014177	-0,00230741014177	-0,00230741014177	-0,00230741014177
32400	-0,00143737152309	-0,00143737152309	-0,00143737152309	-0,00143737152309	-0,00157283796126	-0,00157283796126	-0,00157283796126	-0,00181446239275	-0,00181446239275	-0,00181446239275	-0,00181446239275	-0,00181446239275	-0,00181446239275	-0,00187158252556	-0,00187158252556	-0,00187158252556	-0,00187158252556
33300	-0,00154813309856	-0,00154813309856	-0,00154813309856	-0,00154813309856	-0,00169423687906	-0,00169423687906	-0,00169423687906	-0,00195328942938	-0,00195328942938	-0,00195328942938	-0,00195328942938	-0,00195328942938	-0,00195328942938	-0,00201555656072	-0,00201555656072	-0,00201555656072	-0,00201555656072
34200	-0,00138940549443	-0,00138940549443	-0,00138940549443	-0,00138940549443	-0,00152743896029	-0,00152743896029	-0,00152743896029	-0,00173994777874	-0,00173994777874	-0,00173994777874	-0,00173994777874	-0,00173994777874	-0,00173994777874	-0,00179046993725	-0,00179046993725	-0,00179046993725	-0,00179046993725
35100	-0,00201221007932	-0,00201221007932	-0,00201221007932	-0,00201221007932	-0,00220726246159	-0,00220726246159	-0,00220726246159	-0,0025130597203	-0,0025130597203	-0,0025130597203	-0,0025130597203	-0,0025130597203	-0,0025130597203	-0,00258726459147	-0,00258726459147	-0,00258726459147	-0,00258726459147
36000	-0,000918203962893	-0,000918203962893	-0,000918203962893	-0,000918203962893	-0,00101393163863	-0,00101393163863	-0,00101393163863	-0,00116511751692	-0,00116511751692	-0,00116511751692	-0,00116511751692	-0,00116511751692	-0,00116511751692	-0,00120885705345	-0,00120885705345	-0,00120885705345	-0,00120885705345
36900	-0,00112154491519	-0,00112154491519	-0,00112154491519	-0,00112154491519	-0,00122940859641	-0,00122940859641	-0,00122940859641	-0,00145660681902	-0,00145660681902	-0,00145660681902	-0,00145660681902	-0,00145660681902	-0,00145660681902	-0,00151548959363	-0,00151548959363	-0,00151548959363	-0,00151548959363
37800	-0,00151933254281	-0,00151933254281	-0,00151933254281	-0,00151933254281	-0,00166497720328	-0,00166497720328	-0,00166497720328	-0,00195425621891	-0,00195425621891	-0,00195425621891	-0,00195425621891	-0,00195425621891	-0,00195425621891	-0,00203249070381	-0,00203249070381	-0,00203249070381	-0,00203249070381
38700	0,000183662484928	0,000183662484928	0,000183662484928	0,000183662484928	0,000194373797627	0,000194373797627	0,000194373797627	0,000179004620105	0,000179004620105	0,000179004620105	0,000179004620105	0,000179004620105	0,000179004620105	0,000173916283106	0,000173916283106	0,000173916283106	0,000173916283106
39600	0,000566700160907	0,000566700160907	0,000566700160907	0,000566700160907	0,00061461499792	0,00061461499792	0,00061461499792	0,000617875011551	0,000617875011551	0,000617875011551	0,000617875011551	0,000617875011551	0,000617875011551	0,00061099179663	0,00061099179663	0,00061099179663	0,00061099179663
40500	0,00095481794771	0,00095481794771	0,00095481794771	0,00095481794771	0,00103266787163	0,00103266787163	0,00103266787163	0,00113881989935	0,00113881989935	0,00113881989935	0,00113881989935	0,00113881989935	0,00113881989935	0,00115839680324	0,00115839680324	0,00115839680324	0,00115839680324
41400	0,00131707536984	0,00131707536984	0,00131707536984	0,00131707536984	0,00143308940012	0,00143308940012	0,00143308940012	0,0015689656961	0,0015689656961	0,0015689656961	0,0015689656961	0,0015689656961	0,0015689656961	0,00158666095165	0,00158666095165	0,00158666095165	0,00158666095165
42300	0,00628178129179	0,00628178129179	0,00628178129179	0,00628178129179	0,00685243080694	0,00685243080694	0,00685243080694	0,00771782267694	0,00771782267694	0,00771782267694	0,00771782267694	0,00771782267694	0,00771782267694	0,00789548003575	0,00789548003575	0,00789548003575	0,00789548003575
43200	0,00563723448228	0,00563723448228	0,00563723448228	0,00563723448228	0,00615036925855	0,00615036925855	0,00615036925855	0,00690402236843	0,00690402236843	0,00690402236843	0,00690402236843	0,00690402236843	0,00690402236843	0,00705696375939	0,00705696375939	0,00705696375939	0,00705696375939
44100	0,00278064710219	0,00278064710219	0,00278064710219	0,00278064710219	0,00302322307139	0,00302322307139	0,00302322307139	0,00340466546717	0,00340466546717	0,00340466546717	0,00340466546717	0,00340466546717	0,00340466546717	0,00347239593177	0,00347239593177	0,00347239593177	0,00347239593177
45000	0,00455531623038	0,00455531623038	0,00455531623038	0,00455531623038	0,00495504214938	0,00495504214938	0,00495504214938	0,0055787945333	0,0055787945333	0,0055787945333	0,0055787945333	0,0055787945333	0,0055787945333	0,00571780803021	0,00571780803021	0,00571780803021	0,00571780803021
45900	0,00444703489707	0,00444703489707	0,00444703489707	0,00444703489707	0,00483052731066	0,00483052731066	0,00483052731066	0,00548222681905	0,00548222681905	0,00548222681905	0,00548222681905	0,00548222681905	0,00548222681905	0,00561709618363	0,00561709618363	0,00561709618363	0,00561709618363
46800	0,00321720807207	0,00321720807207	0,00321720807207	0,00321720807207	0,00348947184375	0,00348947184375	0,00348947184375	0,00393413985939	0,00393413985939	0,00393413985939	0,00393413985939	0,00393413985939	0,00393413985939	0,00402187111631	0,00402187111631	0,00402187111631	0,00402187111631
47700	0,00690524925146	0,00690524925146	0,00690524925146	0,00690524925146	0,00753080479134	0,00753080479134	0,00753080479134	0,00843938205901	0,00843938205901	0,00843938205901	0,00843938205901	0,00843938205901	0,00843938205901	0,00863367960802	0,00863367960802	0,00863367960802	0,00863367960802
48600	0,00449667015663	0,00449667015663	0,00449667015663	0,00449667015663	0,00490231786463	0,00490231786463	0,00490231786463	0,0054474686914	0,0054474686914	0,0054474686914	0,0054474686914	0,0054474686914	0,0054474686914	0,00556991444376	0,00556991444376	0,00556991444376	0,00556991444376
49500	0,00308475090004	0,00308475090004	0,00308475090004	0,00308475090004	0,00336203571811	0,00336203571811	0,00336203571811	0,00375548580088	0,00375548580088	0,00375548580088	0,00375548580088	0,00375548580088	0,00375548580088	0,00383833603385	0,00383833603385	0,00383833603385	0,00383833603385
50400	0,00783524983798	0,00783524983798	0,00783524983798	0,00783524983798	0,00854605574351	0,00854605574351	0,00854605574351	0,00964465817335	0,00964465817335	0,00964465817335	0,00964465817335	0,00964465817335	0,00964465817335	0,00988604791402	0,00988604791402	0,00988604791402	0,00988604791402
51300	0,00311224657891	0,00311224657891	0,00311224657891	0,00311224657891	0,00338942749155	0,00338942749155	0,00338942749155	0,00381622208153	0,00381622208153	0,00381622208153	0,00381622208153	0,00381622208153	0,00381622208153	0,00391352381163	0,00391352381163	0,00391352381163	0,00391352381163
52200	0,000408505233466	0,000408505233466	0,000408505233466	0,000408505233466	0,000436646735427	0,000436646735427	0,000436646735427	0,000460746290029	0,000460746290029	0,000460746290029	0,000460746290029	0,000460746290029	0,000460746290029	0,000462222467005	0,000462222467005	0,000462222467005	0,000462222467005
53100	-0,00105080402648	-0,00105080402648	-0,00105080402648	-0,00105080402648	-0,00115473001465	-0,00115473001465	-0,00115473001465	-0,00134432158195	-0,00134432158195	-0,00134432158195	-0,00134432158195	-0,00134432158195	-0,00134432158195	-0,00138870149405	-0,00138870149405	-0,00138870149405	-0,00138870149405
54000	-0,0010133122977	-0,0010133122977	-0,0010133122977	-0,0010133122977	-0,0011153731353	-0,0011153731353	-0,0011153731353	-0,00129937383679	-0,00129937383679	-0,00129937383679	-0,00129937383679	-0,00129937383679	-0,00129937383679	-0,00134051878394	-0,00134051878394	-0,00134051878394	-0,00134051878394
54900	0,00169486291399	0,00169486291399	0,00169486291399	0,00169486291399	0,00183861841932	0,00183861841932	0,00183861841932	0,00206567496035	0,00206567496035	0,00206567496035	0,00206567496035	0,00206567496035	0,00206567496035	0,00212291188323	0,00212291188323	0,00212291188323	0,00212291188323
55800	-0,000634891990605	-0,000634891990605	-0,000634891990605	-0,000634891990605	-0,000698067699636	-0,000698067699636	-0,000698067699636	-0,000826627249732	-0,000826627249732	-0,000826627249732	-0,000826627249732	-0,000826627249732	-0,000826627249732	-0,000860527792085	-0,000860527792085	-0,000860527792085	-0,000860527792085
56700	-0,00201268496562	-0,00201268496562	-0,00201268496562	-0,00201268496562	-0,00220187773392	-0,00220187773392	-0,00220187773392	-0,00254318104221	-0,00254318104221	-0,00254318104221	-0,00254318104221	-0,00254318104221	-0,00254318104221	-0,00263036378776	-0,00263036378776	-0,00263036378776	-0,00263036378776
57600	-0,00127887926825	-0,00127887926825	-0,00127887926825	-0,00127887926825	-0,00140141415826	-0,00140141415826	-0,00140141415826	-0,0016165574396	-0,0016165574396	-0,0016165574396	-0,0016165574396	-0,0016165574396	-0,0016165574396	-0,00166578577249	-0,00166578577249	-0,00166578577249	-0,00166578577249
58500	-0,00218796453257	-0,00218796453257	-0,00218796453257	-0,00218796453257	-0,00239663665832	-0,00239663665832	-0,00239663665832	-0,00275102337778	-0,00275102337778	-0,00275102337778	-0,00275102337778	-0,00275102337778	-0,00275102337778	-0,00282567261187	-0,00282567261187	-0,00282567261187	-0,00282567261187
59400	-0,00242839631213	-0,00242839631213	-0,00242839631213	-0,00242839631213	-0,00265974243185	-0,00265974243185	-0,00265974243185	-0,00305478896226	-0,00305478896226	-0,00305478896226	-0,00305478896226	-0,00305478896226	-0,00305478896226	-0,00314381162512	-0,00314381162512	-0,00314381162512	-0,00314381162512
60300	-0,00236495245524	-0,00236495245524	-0,00236495245524	-0,00236495245524	-0,00259424691615	-0,00259424691615	-0,00259424691615	-0,00295494992573	-0,00295494992573	-0,00295494992573	-0,00295494992573	-0,00295494992573	-0,00295494992573	-0,0030322391416	-0,0030322391416	-0,0030322391416	-0,0030322391416
61200	-0,00265225658761	-0,00265225658761	-0,00265225658761	-0,00265225658761	-0,00290622640624	-0,00290622640624	-0,00290622640624	-0,00333007523781	-0,00333007523781	-0,00333007523781	-0,00333007523781	-0,00333007523781	-0,00333007523781	-0,00342487662071	-0,00342487662071	-0,00342487662071	-0,00342487662071
62100	-0,00231859937295	-0,00231859937295	-0,00231859937295	-0,00231859937295	-0,0025416122938	-0,0025416122938	-0,0025416122938	-0,00290595859255	-0,00290595859255	-0,00290595859255	-0,00290595859255	-0,00290595859255	-0,00290595859255	-0,00299037327215	-0,00299037327215	-0,00299037327215	-0,00299037327215
63000	-0,00236421153501	-0,00236421153501	-0,00236421153501	-0,00236421153501	-0,00259182198621	-0,00259182198621	-0,00259182198621	-0,00296210343326	-0,00296210343326	-0,00296210343326	-0,00296210343326	-0,00296210343326	-0,00296210343326	-0,00304680434965	-0,00304680434965	-0,00304680434965	-0,00304680434965
63900	-0,00223942408472	-0,00223942408472	-0,00223942408472	-0,00223942408472	-0,00245235125234	-0,00245235125234	-0,00245235125234	-0,00281903966032	-0,00281903966032	-0,00281903966032	-0,00281903966032	-0,00281903966032	-0,00281903966032	-0,00290398733715	-0,00290398733715	-0,00290398733715	-0,00290398733715
64800	-0,00200076255566	-0,00200076255566	-0,00200076255566	-0,00200076255566	-0,00219059292758	-0,00219059292758	-0,00219059292758	-0,00251932460537	-0,00251932460537	-0,00251932460537	-0,00251932460537	-0,00251932460537	-0,00251932460537	-0,0025934996581	-0,0025934996581	-0,0025934996581	-0,0025934996581
65700	-0,00245209980721	-0,00245209980721	-0,00245209980721	-0,00245209980721	-0,00268489848364	-0,00268489848364	-0,00268489848364	-0,00308865726363	-0,00308865726363	-0,00308865726363	-0,00308865726363	-0,00308865726363	-0,00308865726363	-0,00317936309619	-0,00317936309619	-0,00317936309619	-0,00317936309619
66600	-0,00241462566234	-0,00241462566234	-0,00241462566234	-0,00241462566234	-0,00264620490669	-0,00264620490669	-0,00264620490669	-0,00302972265903	-0,00302972265903	-0,00302972265903	-0,00302972265903	-0,00302972265903	-0,00302972265903	-0,00311302149574	-0,00311302149574	-0,00311302149574	-0,00311302149574
67500	-0,00219841432584	-0,00219841432584	-0,00219841432584	-0,00219841432584	-0,00241025347879	-0,00241025347879	-0,00241025347879	-0,00275330155185	-0,00275330155185	-0,00275330155185	-0,00275330155185	-0,00275330155185	-0,00275330155185	-0,00282280468809	-0,00282280468809	-0,00282280468809	-0,00282280468809
68400	-0,00309622639254	-0,00309622639254	-0,00309622639254	-0,00309622639254	-0,00339721336692	-0,00339721336692	-0,00339721336692	-0,00386532493689	-0,00386532493689	-0,00386532493689	-0,00386532493689	-0,00386532493689	-0,00386532493689	-0,00396541370899	-0,00396541370899	-0,00396541370899	-0,00396541370899
69300	-0,00279208980455	-0,00279208980455	-0,00279208980455	-0,00279208980455	-0,00306311702975	-0,00306311702975	-0,00306311702975	-0,0034873789753	-0,0034873789753	-0,0034873789753	-0,0034873789753	-0,0034873789753	-0,0034873789753	-0,00357669397022	-0,00357669397022	-0,00357669397022	-0,00357669397022
70200	-0,00316235992652	-0,00316235992652	-0,00316235992652	-0,00316235992652	-0,00346902533592	-0,00346902533592	-0,00346902533592	-0,00395171433047	-0,00395171433047	-0,00395171433047	-0,00395171433047	-0,00395171433047	-0,00395171433047	-0,00405865516295	-0,00405865516295	-0,00405865516295	-0,00405865516295
71100	-0,00345054469752	-0,00345054469752	-0,00345054469752	-0,00345054469752	-0,00377922857608	-0,00377922857608	-0,00377922857608	-0,00434180730715	-0,00434180730715	-0,00434180730715	-0,00434180730715	-0,00434180730715	-0,00434180730715	-0,00447049691761	-0,00447049691761	-0,00447049691761	-0,00447049691761
72000	-0,00359181794204	-0,00359181794204	-0,00359181794204	-0,00359181794204	-0,00393445670192	-0,00393445670192	-0,00393445670192	-0,00451722126055	-0,00451722126055	-0,00451722126055	-0,00451722126055	-0,00451722126055	-0,00451722126055	-0,00464830713931	-0,00464830713931	-0,00464830713931	-0,00464830713931
72900	-0,00299585182689	-0,00299585182689	-0,00299585182689	-0,00299585182689	-0,0032813344339	-0,0032813344339	-0,0032813344339	-0,00376873945	-0,00376873945	-0,00376873945	-0,00376873945	-0,00376873945	-0,00376873945	-0,00388398843116	-0,00388398843116	-0,00388398843116	-0,00388398843116
73800	-0,00292860683192	-0,00292860683192	-0,00292860683192	-0,00292860683192	-0,00320917336077	-0,00320917336077	-0,00320917336077	-0,00367660145417	-0,00367660145417	-0,00367660145417	-0,00367660145417	-0,00367660145417	-0,00367660145417	-0,00377809207048	-0,00377809207048	-0,00377809207048	-0,00377809207048
74700	-0,00277391265422	-0,00277391265422	-0,00277391265422	-0,00277391265422	-0,003040338695	-0,003040338695	-0,003040338695	-0,00347887792843	-0,00347887792843	-0,00347887792843	-0,00347887792843	-0,00347887792843	-0,00347887792843	-0,00357341059769	-0,00357341059769	-0,00357341059769	-0,00357341059769
75600	-0,00232523870798	-0,00232523870798	-0,00232523870798	-0,00232523870798	-0,00255032457439	-0,00255032457439	-0,00255032457439	-0,00290709469864	-0,00290709469864	-0,00290709469864	-0,00290709469864	-0,00290709469864	-0,00290709469864	-0,00298537869291	-0,00298537869291	-0,00298537869291	-0,00298537869291
76500	-0,00233108093703	-0,00233108093703	-0,00233108093703	-0,00233108093703	-0,0025552053671	-0,0025552053671	-0,0025552053671	-0,00292204704266	-0,00292204704266	-0,00292204704266	-0,00292204704266	-0,00292204704266	-0,00292204704266	-0,00300322928396	-0,00300322928396	-0,00300322928396	-0,00300322928396
77400	-0,00201291110195	-0,00201291110195	-0,00201291110195	-0,00201291110195	-0,0022042718225	-0,0022042718225	-0,0022042718225	-0,0025327333058	-0,0025327333058	-0,0025327333058	-0,0025327333058	-0,0025327333058	-0,0025327333058	-0,00260614462644	-0,00260614462644	-0,00260614462644	-0,00260614462644
78300	-0,00217336284429	-0,00217336284429	-0,00217336284429	-0,00217336284429	-0,00238126607229	-0,00238126607229	-0,00238126607229	-0,00272954244276	-0,00272954244276	-0,00272954244276	-0,00272954244276	-0,00272954244276	-0,00272954244276	-0,00281220900574	-0,00281220900574	-0,00281220900574	-0,00281220900574
79200	-0,00192338372807	-0,00192338372807	-0,00192338372807	-0,00192338372807	-0,00210615364391	-0,00210615364391	-0,00210615364391	-0,00242048470999	-0,00242048470999	-0,00242048470999	-0,00242048470999	-0,00242048470999	-0,00242048470999	-0,00249334675086	-0,00249334675086	-0,00249334675086	-0,00249334675086
80100	-0,00184828133955	-0,00184828133955	-0,00184828133955	-0,00184828133955	-0,00202334982196	-0,00202334982196	-0,00202334982196	-0,00232879608439	-0,00232879608439	-0,00232879608439	-0,00232879608439	-0,00232879608439	-0,00232879608439	-0,00240048475464	-0,00240048475464	-0,00240048475464	-0,00240048475464
81000	-0,00170487572822	-0,00170487572822	-0,00170487572822	-0,00170487572822	-0,00186695600357	-0,00186695600357	-0,00186695600357	-0,00214513241331	-0,00214513241331	-0,00214513241331	-0,00214513241331	-0,00214513241331	-0,00214513241331	-0,00220913590388	-0,00220913590388	-0,00220913590388	-0,00220913590388
81900	-0,00179066682737	-0,00179066682737	-0,00179066682737	-0,00179066682737	-0,00196090129625	-0,00196090129625	-0,00196090129625	-0,00225308694404	-0,00225308694404	-0,00225308694404	-0,00225308694404	-0,00225308694404	-0,00225308694404	-0,00231975696735	-0,00231975696735	-0,00231975696735	-0,00231975696735
82800	-0,00146891377248	-0,00146891377248	-0,00146891377248	-0,00146891377248	-0,00160798167372	-0,00160798167372	-0,00160798167372	-0,00185113600361	-0,00185113600361	-0,00185113600361	-0,00185113600361	-0,00185113600361	-0,00185113600361	-0,00190815759866	-0,00190815759866	-0,00190815759866	-0,00190815759866
83700	-0,00141077914675	-0,00141077914675	-0,00141077914675	-0,00141077914675	-0,0015450209381	-0,0015450209381	-0,0015450209381	-0,00177448568799	-0,00177448568799	-0,00177448568799	-0,00177448568799	-0,00177448568799	-0,00177448568799	-0,00182621298938	-0,00182621298938	-0,00182621298938	-0,00182621298938
84600	-0,00137957358923	-0,00137957358923	-0,00137957358923	-0,00137957358923	-0,00151086505015	-0,00151086505015	-0,00151086505015	-0,00173514009529	-0,00173514009529	-0,00173514009529	-0,00173514009529	-0,00173514009529	-0,00173514009529	-0,00178658124367	-0,00178658124367	-0,00178658124367	-0,00178658124367
85500	-0,00123344806036	-0,00123344806036	-0,00123344806036	-0,00123344806036	-0,0013512159402	-0,0013512159402	-0,0013512159402	-0,00154943810703	-0,00154943810703	-0,00154943810703	-0,00154943810703	-0,00154943810703	-0,00154943810703	-0,00159377463469	-0,00159377463469	-0,00159377463469	-0,00159377463469
86400	-0,000941887974742	-0,000941887974742	-0,000941887974742	-0,000941887974742	-0,00103343597778	-0,00103343597778	-0,00103343597778	-0,00117509555731	-0,00117509555731	-0,00117509555731	-0,00117509555731	-0,00117509555731	-0,00117509555731	-0,0012062682911	-0,0012062682911	-0,0012062682911	-0,0012062682911
87300	-0,000894453366456	-0,000894453366456	-0,000894453366456	-0,000894453366456	-0,000980391856591	-0,000980391856591	-0,000980391856591	-0,00112091156368	-0,00112091156368	-0,00112091156368	-0,00112091156368	-0,00112091156368	-0,00112091156368	-0,00115506552064	-0,00115506552064	-0,00115506552064	-0,00115506552064
88200	-0,000894112905645	-0,000894112905645	-0,000894112905645	-0,000894112905645	-0,000980522727858	-0,000980522727858	-0,000980522727858	-0,00111796468817	-0,00111796468817	-0,00111796468817	-0,00111796468817	-0,00111796468817	-0,00111796468817	-0,0011498483416	-0,0011498483416	-0,0011498483416	-0,0011498483416
89100	-0,000768754229939	-0,000768754229939	-0,000768754229939	-0,000768754229939	-0,000843176843821	-0,000843176843821	-0,000843176843821	-0,000960581780541	-0,000960581780541	-0,000960581780541	-0,000960581780541	-0,000960581780541	-0,000960581780541	-0,000986420720768	-0,000986420720768	-0,000986420720768	-0,000986420720768
90000	-0,000678608750082	-0,000678608750082	-0,000678608750082	-0,000678608750082	-0,000744344890566	-0,000744344890566	-0,000744344890566	-0,000847739993744	-0,000847739993744	-0,000847739993744	-0,000847739993744	-0,000847739993744	-0,000847739993744	-0,000869498888609	-0,000869498888609	-0,000869498888609	-0,000869498888609
90900	-0,000711387211421	-0,000711387211421	-0,000711387211421	-0,000711387211421	-0,000779464555988	-0,000779464555988	-0,000779464555988	-0,000892857968463	-0,000892857968463	-0,000892857968463	-0,000892857968463	-0,000892857968463	-0,000892857968463	-0,000918760439366	-0,000918760439366	-0,000918760439366	-0,000918760439366
91800	-0,00060085805385	-0,00060085805385	-0,00060085805385	-0,00060085805385	-0,000658462821469	-0,000658462821469	-0,000658462821469	-0,000753610019297	-0,000753610019297	-0,000753610019297	-0,000753610019297	-0,000753610019297	-0,000753610019297	-0,000775716482764	-0,000775716482764	-0,000775716482764	-0,000775716482764
92700	-0,000664554377041	-0,000664554377041	-0,000664554377041	-0,000664554377041	-0,00072813821922	-0,00072813821922	-0,00072813821922	-0,000834137143797	-0,000834137143797	-0,000834137143797	-0,000834137143797	-0,000834137143797	-0,000834137143797	-0,000859535110998	-0,000859535110998	-0,000859535110998	-0,000859535110998
93600	-0,000681475656248	-0,000681475656248	-0,000681475656248	-0,000681475656248	-0,000746356487196	-0,000746356487196	-0,000746356487196	-0,000856986544754	-0,000856986544754	-0,000856986544754	-0,000856986544754	-0,000856986544754	-0,000856986544754	-0,000883061364562	-0,000883061364562	-0,000883061364562	-0,000883061364562
94500	-0,0006461267786	-0,0006461267786	-0,0006461267786	-0,0006461267786	-0,000708059421568	-0,000708059421568	-0,000708059421568	-0,000810447474272	-0,000810447474272	-0,000810447474272	-0,000810447474272	-0,000810447474272	-0,000810447474272	-0,000833029728912	-0,000833029728912	-0,000833029728912	-0,000833029728912
95400	-0,000618018032519	-0,000618018032519	-0,000618018032519	-0,000618018032519	-0,000677134805389	-0,000677134805389	-0,000677134805389	-0,000775798141805	-0,000775798141805	-0,000775798141805	-0,000775798141805	-0,000775798141805	-0,000775798141805	-0,000797728708197	-0,000797728708197	-0,000797728708197	-0,000797728708197
96300	-0,000560230149161	-0,000560230149161	-0,000560230149161	-0,000560230149161	-0,000613610608048	-0,000613610608048	-0,000613610608048	-0,00070429995135	-0,00070429995135	-0,00070429995135	-0,00070429995135	-0,00070429995135	-0,00070429995135	-0,000725028098205	-0,000725028098205	-0,000725028098205	-0,000725028098205
97200	-0,000592254822727	-0,000592254822727	-0,000592254822727	-0,000592254822727	-0,000648759159389	-0,000648759159389	-0,000648759159389	-0,00074419780826	-0,00074419780826	-0,00074419780826	-0,00074419780826	-0,00074419780826	-0,00074419780826	-0,00076647135828	-0,00076647135828	-0,00076647135828	-0,00076647135828
98100	-0,000611945015689	-0,000611945015689	-0,000611945015689	-0,000611945015689	-0,000670282227296	-0,000670282227296	-0,000670282227296	-0,000769167904259	-0,000769167904259	-0,000769167904259	-0,000769167904259	-0,000769167904259	-0,000769167904259	-0,000792689322651	-0,000792689322651	-0,000792689322651	-0,000792689322651
99000	-0,000621459073706	-0,000621459073706	-0,000621459073706	-0,000621459073706	-0,0006808107101	-0,0006808107101	-0,0006808107101	-0,000780589134933	-0,000780589134933	-0,000780589134933	-0,000780589134933	-0,000780589134933	-0,000780589134933	-0,00080288878474	-0,00080288878474	-0,00080288878474	-0,00080288878474
99900	-0,000628715537341	-0,000628715537341	-0,000628715537341	-0,000628715537341	-0,000689032196517	-0,000689032196517	-0,000689032196517	-0,000788343661351	-0,000788343661351	-0,000788343661351	-0,000788343661351	-0,000788343661351	-0,000788343661351	-0,000810130969224	-0,000810130969224	-0,000810130969224	-0,000810130969224
100800	-0,0005326955381	-0,0005326955381	-0,0005326955381	-0,0005326955381	-0,000583894932367	-0,000583894932367	-0,000583894932367	-0,000667471898914	-0,000667471898914	-0,000667471898914	-0,000667471898914	-0,000667471898914	-0,000667471898914	-0,000686795016504	-0,000686795016504	-0,000686795016504	-0,000686795016504
101700	-0,000597507467196	-0,000597507467196	-0,000597507467196	-0,000597507467196	-0,000654529672391	-0,000654529672391	-0,000654529672391	-0,000750714330594	-0,000750714330594	-0,000750714330594	-0,000750714330594	-0,000750714330594	-0,000750714330594	-0,000772941565475	-0,000772941565475	-0,000772941565475	-0,000772941565475
102600	-0,00063164777178	-0,00063164777178	-0,00063164777178	-0,00063164777178	-0,000691879021777	-0,000691879021777	-0,000691879021777	-0,000793853962191	-0,000793853962191	-0,000793853962191	-0,000793853962191	-0,000793853962191	-0,000793853962191	-0,000816733696331	-0,000816733696331	-0,000816733696331	-0,000816733696331
103500	-0,000595759935874	-0,000595759935874	-0,000595759935874	-0,000595759935874	-0,000652559016599	-0,000652559016599	-0,000652559016599	-0,000748800472387	-0,000748800472387	-0,000748800472387	-0,000748800472387	-0,000748800472387	-0,000748800472387	-0,000771114379386	-0,000771114379386	-0,000771114379386	-0,000771114379386
104400	-0,000734417940534	-0,000734417940534	-0,000734417940534	-0,000734417940534	-0,000804921769636	-0,000804921769636	-0,000804921769636	-0,000920651094005	-0,000920651094005	-0,000920651094005	-0,000920651094005	-0,000920651094005	-0,000920651094005	-0,000944517956704	-0,000944517956704	-0,000944517956704	-0,000944517956704
105300	-0,000717435101992	-0,000717435101992	-0,000717435101992	-0,000717435101992	-0,000786748872356	-0,000786748872356	-0,000786748872356	-0,000897160325028	-0,000897160325028	-0,000897160325028	-0,000897160325028	-0,000897160325028	-0,000897160325028	-0,000921714988973	-0,000921714988973	-0,000921714988973	-0,000921714988973
106200	-0,00073463277005	-0,00073463277005	-0,00073463277005	-0,00073463277005	-0,000805263759418	-0,000805263759418	-0,000805263759418	-0,000920387716237	-0,000920387716237	-0,000920387716237	-0,000920387716237	-0,000920387716237	-0,000920387716237	-0,000947605839384	-0,000947605839384	-0,000947605839384	-0,000947605839384
107100	-0,000890685683901	-0,000890685683901	-0,000890685683901	-0,000890685683901	-0,0009748409083	-0,0009748409083	-0,0009748409083	-0,00112329632356	-0,00112329632356	-0,00112329632356	-0,00112329632356	-0,00112329632356	-0,00112329632356	-0,00115861244446	-0,00115861244446	-0,00115861244446	-0,00115861244446
108000	-0,00117862884452	-0,00117862884452	-0,00117862884452	-0,00117862884452	-0,00129181148794	-0,00129181148794	-0,00129181148794	-0,00147733094327	-0,00147733094327	-0,00147733094327	-0,00147733094327	-0,00147733094327	-0,00147733094327	-0,00151686123957	-0,00151686123957	-0,00151686123957	-0,00151686123957
108900	-0,00121085955341	-0,00121085955341	-0,00121085955341	-0,00121085955341	-0,00132684625026	-0,00132684625026	-0,00132684625026	-0,00151918510003	-0,00151918510003	-0,00151918510003	-0,00151918510003	-0,00151918510003	-0,00151918510003	-0,00156299785328	-0,00156299785328	-0,00156299785328	-0,00156299785328
109800	-0,00142677703593	-0,00142677703593	-0,00142677703593	-0,00142677703593	-0,00156419678348	-0,00156419678348	-0,00156419678348	-0,00178632948387	-0,00178632948387	-0,00178632948387	-0,00178632948387	-0,00178632948387	-0,00178632948387	-0,00183507752509	-0,00183507752509	-0,00183507752509	-0,00183507752509
110700	-0,00149492950118	-0,00149492950118	-0,00149492950118	-0,00149492950118	-0,00164029104644	-0,00164029104644	-0,00164029104644	-0,00186476805911	-0,00186476805911	-0,00186476805911	-0,00186476805911	-0,00186476805911	-0,00186476805911	-0,00191361741211	-0,00191361741211	-0,00191361741211	-0,00191361741211
111600	-0,00163469557387	-0,00163469557387	-0,00163469557387	-0,00163469557387	-0,00179100363128	-0,00179100363128	-0,00179100363128	-0,00205233078341	-0,00205233078341	-0,00205233078341	-0,00205233078341	-0,00205233078341	-0,00205233078341	-0,00211303527761	-0,00211303527761	-0,00211303527761	-0,00211303527761
112500	-0,00161302040643	-0,00161302040643	-0,00161302040643	-0,00161302040643	-0,00176631656141	-0,00176631656141	-0,00176631656141	-0,00202981471826	-0,00202981471826	-0,00202981471826	-0,00202981471826	-0,00202981471826	-0,00202981471826	-0,002090834654	-0,002090834654	-0,002090834654	-0,002090834654
113400	-0,00181895648252	-0,00181895648252	-0,00181895648252	-0,00181895648252	-0,00199310467533	-0,00199310467533	-0,00199310467533	-0,00228256062722	-0,00228256062722	-0,00228256062722	-0,00228256062722	-0,00228256062722	-0,00228256062722	-0,00235099425233	-0,00235099425233	-0,00235099425233	-0,00235099425233
114300	-0,00183816802025	-0,00183816802025	-0,00183816802025	-0,00183816802025	-0,00201315822427	-0,00201315822427	-0,00201315822427	-0,002311655256	-0,002311655256	-0,002311655256	-0,002311655256	-0,002311655256	-0,002311655256	-0,00238509480993	-0,00238509480993	-0,00238509480993	-0,00238509480993
115200	-0,0022635054951	-0,0022635054951	-0,0022635054951	-0,0022635054951	-0,00247945179525	-0,00247945179525	-0,00247945179525	-0,00284572117574	-0,00284572117574	-0,00284572117574	-0,00284572117574	-0,00284572117574	-0,00284572117574	-0,00293355522109	-0,00293355522109	-0,00293355522109	-0,00293355522109
116100	-0,00236583705788	-0,00236583705788	-0,00236583705788	-0,00236583705788	-0,00259139026405	-0,00259139026405	-0,00259139026405	-0,00297521081991	-0,00297521081991	-0,00297521081991	-0,00297521081991	-0,00297521081991	-0,00297521081991	-0,00306099197045	-0,00306099197045	-0,00306099197045	-0,00306099197045
117000	-0,00261640745396	-0,00261640745396	-0,00261640745396	-0,00261640745396	-0,00286734184961	-0,00286734184961	-0,00286734184961	-0,00328305314231	-0,00328305314231	-0,00328305314231	-0,00328305314231	-0,00328305314231	-0,00328305314231	-0,00338521260005	-0,00338521260005	-0,00338521260005	-0,00338521260005
117900	-0,00187173921506	-0,00187173921506	-0,00187173921506	-0,00187173921506	-0,00204866275083	-0,00204866275083	-0,00204866275083	-0,00236018685713	-0,00236018685713	-0,00236018685713	-0,00236018685713	-0,00236018685713	-0,00236018685713	-0,00243586757352	-0,00243586757352	-0,00243586757352	-0,00243586757352
118800	-0,00228455905417	-0,00228455905417	-0,00228455905417	-0,00228455905417	-0,00250092950817	-0,00250092950817	-0,00250092950817	-0,0028859740558	-0,0028859740558	-0,0028859740558	-0,0028859740558	-0,0028859740558	-0,0028859740558	-0,00298474690074	-0,00298474690074	-0,00298474690074	-0,00298474690074
119700	-0,00100061055494	-0,00100061055494	-0,00100061055494	-0,00100061055494	-0,00110313401019	-0,00110313401019	-0,00110313401019	-0,00127639298001	-0,00127639298001	-0,00127639298001	-0,00127639298001	-0,00127639298001	-0,00127639298001	-0,00132925338259	-0,00132925338259	-0,00132925338259	-0,00132925338259
120600	0,00272442751677	0,00272442751677	0,00272442751677	0,00272442751677	0,00296515586166	0,00296515586166	0,00296515586166	0,00333865532982	0,00333865532982	0,00333865532982	0,00333865532982	0,00333865532982	0,00333865532982	0,00340988368115	0,00340988368115	0,00340988368115	0,00340988368115
121500	-0,0012782695377	-0,0012782695377	-0,0012782695377	-0,0012782695377	-0,00140213783346	-0,00140213783346	-0,00140213783346	-0,00162419343936	-0,00162419343936	-0,00162419343936	-0,00162419343936	-0,00162419343936	-0,00162419343936	-0,00167470627126	-0,00167470627126	-0,00167470627126	-0,00167470627126
122400	0,00240468933156	0,00240468933156	0,00240468933156	0,00240468933156	0,00261005851877	0,00261005851877	0,00261005851877	0,00293968668585	0,00293968668585	0,00293968668585	0,00293968668585	0,00293968668585	0,00293968668585	0,00302142658589	0,00302142658589	0,00302142658589	0,00302142658589
123300	0,00324687485528	0,00324687485528	0,00324687485528	0,00324687485528	0,00354140924377	0,00354140924377	0,00354140924377	0,00395424456021	0,00395424456021	0,00395424456021	0,00395424456021	0,00395424456021	0,00395424456021	0,00402785134566	0,00402785134566	0,00402785134566	0,00402785134566
124200	0,00323233159883	0,00323233159883	0,00323233159883	0,00323233159883	0,00351874061615	0,00351874061615	0,00351874061615	0,00395475927286	0,00395475927286	0,00395475927286	0,00395475927286	0,00395475927286	0,00395475927286	0,00404039545852	0,00404039545852	0,00404039545852	0,00404039545852
125100	0,00478445554477	0,00478445554477	0,00478445554477	0,00478445554477	0,00521924437417	0,00521924437417	0,00521924437417	0,00585750420385	0,00585750420385	0,00585750420385	0,00585750420385	0,00585750420385	0,00585750420385	0,00598881597381	0,00598881597381	0,00598881597381	0,00598881597381
126000	0,00420292958425	0,00420292958425	0,00420292958425	0,00420292958425	0,0045839686891	0,0045839686891	0,0045839686891	0,00515006838007	0,00515006838007	0,00515006838007	0,00515006838007	0,00515006838007	0,00515006838007	0,00527637172444	0,00527637172444	0,00527637172444	0,00527637172444
126900	0,00431227979897	0,00431227979897	0,00431227979897	0,00431227979897	0,00470294060611	0,00470294060611	0,00470294060611	0,005265634015	0,005265634015	0,005265634015	0,005265634015	0,005265634015	0,005265634015	0,00539438740698	0,00539438740698	0,00539438740698	0,00539438740698
127800	0,00366792701434	0,00366792701434	0,00366792701434	0,00366792701434	0,00399918345287	0,00399918345287	0,00399918345287	0,00449079212056	0,00449079212056	0,00449079212056	0,00449079212056	0,00449079212056	0,00449079212056	0,00460081795492	0,00460081795492	0,00460081795492	0,00460081795492
128700	0,00469194535359	0,00469194535359	0,00469194535359	0,00469194535359	0,00511195584326	0,00511195584326	0,00511195584326	0,00577511631045	0,00577511631045	0,00577511631045	0,00577511631045	0,00577511631045	0,00577511631045	0,00592254651197	0,00592254651197	0,00592254651197	0,00592254651197
129600	0,00449496355712	0,00449496355712	0,00449496355712	0,00449496355712	0,00489756191318	0,00489756191318	0,00489756191318	0,00553708146444	0,00553708146444	0,00553708146444	0,00553708146444	0,00553708146444	0,00553708146444	0,00568290736538	0,00568290736538	0,00568290736538	0,00568290736538
130500	0,00370323392555	0,00370323392555	0,00370323392555	0,00370323392555	0,00402939632597	0,00402939632597	0,00402939632597	0,0045599251178	0,0045599251178	0,0045599251178	0,0045599251178	0,0045599251178	0,0045599251178	0,00468375553574	0,00468375553574	0,00468375553574	0,00468375553574
131400	0,00381518334234	0,00381518334234	0,00381518334234	0,00381518334234	0,00415485605074	0,00415485605074	0,00415485605074	0,00467527372313	0,00467527372313	0,00467527372313	0,00467527372313	0,00467527372313	0,00467527372313	0,00479497286513	0,00479497286513	0,00479497286513	0,00479497286513
132300	0,00378229505456	0,00378229505456	0,00378229505456	0,00378229505456	0,00412113234373	0,00412113234373	0,00412113234373	0,00463331882034	0,00463331882034	0,00463331882034	0,00463331882034	0,00463331882034	0,00463331882034	0,00474706718968	0,00474706718968	0,00474706718968	0,00474706718968
133200	0,00347204811809	0,00347204811809	0,00347204811809	0,00347204811809	0,00378422856776	0,00378422856776	0,00378422856776	0,00424838347323	0,00424838347323	0,00424838347323	0,00424838347323	0,00424838347323	0,00424838347323	0,00434775611716	0,00434775611716	0,00434775611716	0,00434775611716
134100	0,00208064395869	0,00208064395869	0,00208064395869	0,00208064395869	0,00226725144486	0,00226725144486	0,00226725144486	0,00252618671878	0,00252618671878	0,00252618671878	0,00252618671878	0,00252618671878	0,00252618671878	0,00258534607706	0,00258534607706	0,00258534607706	0,00258534607706
135000	0,00313129771866	0,00313129771866	0,00313129771866	0,00313129771866	0,00341455509863	0,00341455509863	0,00341455509863	0,00382703355201	0,00382703355201	0,00382703355201	0,00382703355201	0,00382703355201	0,00382703355201	0,00392071189037	0,00392071189037	0,00392071189037	0,00392071189037
135900	0,00373920767305	0,00373920767305	0,00373920767305	0,00373920767305	0,00407691075102	0,00407691075102	0,00407691075102	0,00458151139619	0,00458151139619	0,00458151139619	0,00458151139619	0,00458151139619	0,00458151139619	0,00468983596169	0,00468983596169	0,00468983596169	0,00468983596169
136800	0,00251186745241	0,00251186745241	0,00251186745241	0,00251186745241	0,00273485078742	0,00273485078742	0,00273485078742	0,00308549296724	0,00308549296724	0,00308549296724	0,00308549296724	0,00308549296724	0,00308549296724	0,00316467980476	0,00316467980476	0,00316467980476	0,00316467980476
137700	0,00465382662383	0,00465382662383	0,00465382662383	0,00465382662383	0,00507277024663	0,00507277024663	0,00507277024663	0,00573313236478	0,00573313236478	0,00573313236478	0,00573313236478	0,00573313236478	0,00573313236478	0,00588312345017	0,00588312345017	0,00588312345017	0,00588312345017
138600	0,00581681901248	0,00581681901248	0,00581681901248	0,00581681901248	0,00634183425457	0,00634183425457	0,00634183425457	0,0071584250202	0,0071584250202	0,0071584250202	0,0071584250202	0,0071584250202	0,0071584250202	0,00734203444024	0,00734203444024	0,00734203444024	0,00734203444024
139500	0,00222438749591	0,00222438749591	0,00222438749591	0,00222438749591	0,00242044066487	0,00242044066487	0,00242044066487	0,00271912182151	0,00271912182151	0,00271912182151	0,00271912182151	0,00271912182151	0,00271912182151	0,00279353475081	0,00279353475081	0,00279353475081	0,00279353475081
140400	0,00105006698957	0,00105006698957	0,00105006698957	0,00105006698957	0,00113751960913	0,00113751960913	0,00113751960913	0,00127512804839	0,00127512804839	0,00127512804839	0,00127512804839	0,00127512804839	0,00127512804839	0,00130812506996	0,00130812506996	0,00130812506996	0,00130812506996
141300	-0,000419822938094	-0,000419822938094	-0,000419822938094	-0,000419822938094	-0,000462405207756	-0,000462405207756	-0,000462405207756	-0,000548952726134	-0,000548952726134	-0,000548952726134	-0,000548952726134	-0,000548952726134	-0,000548952726134	-0,00056664406028	-0,00056664406028	-0,00056664406028	-0,00056664406028
142200	-8,69339251582e-05	-8,69339251582e-05	-8,69339251582e-05	-8,69339251582e-05	-9,92210346659e-05	-9,92210346659e-05	-9,92210346659e-05	-0,000143338481384	-0,000143338481384	-0,000143338481384	-0,000143338481384	-0,000143338481384	-0,000143338481384	-0,000155330394568	-0,000155330394568	-0,000155330394568	-0,000155330394568
143100	-0,000508733043546	-0,000508733043546	-0,000508733043546	-0,000508733043546	-0,000560804547132	-0,000560804547132	-0,000560804547132	-0,000664916559634	-0,000664916559634	-0,000664916559634	-0,000664916559634	-0,000664916559634	-0,000664916559634	-0,000683915764626	-0,000683915764626	-0,000683915764626	-0,000683915764626
144000	-0,00173118166521	-0,00173118166521	-0,00173118166521	-0,00173118166521	-0,00189413504187	-0,00189413504187	-0,00189413504187	-0,00218637028084	-0,00218637028084	-0,00218637028084	-0,00218637028084	-0,00218637028084	-0,00218637028084	-0,0022602992887	-0,0022602992887	-0,0022602992887	-0,0022602992887
144900	-0,00167470788521	-0,00167470788521	-0,00167470788521	-0,00167470788521	-0,0018321419802	-0,0018321419802	-0,0018321419802	-0,00211606502849	-0,00211606502849	-0,00211606502849	-0,00211606502849	-0,00211606502849	-0,00211606502849	-0,00218506922239	-0,00218506922239	-0,00218506922239	-0,00218506922239
145800	-0,0014921392301	-0,0014921392301	-0,0014921392301	-0,0014921392301	-0,0016334452367	-0,0016334452367	-0,0016334452367	-0,00188020860197	-0,00188020860197	-0,00188020860197	-0,00188020860197	-0,00188020860197	-0,00188020860197	-0,00193950699785	-0,00193950699785	-0,00193950699785	-0,00193950699785
146700	-0,00196046506128	-0,00196046506128	-0,00196046506128	-0,00196046506128	-0,00214568959939	-0,00214568959939	-0,00214568959939	-0,00247249495459	-0,00247249495459	-0,00247249495459	-0,00247249495459	-0,00247249495459	-0,00247249495459	-0,00255006288734	-0,00255006288734	-0,00255006288734	-0,00255006288734
147600	-0,00195763333188	-0,00195763333188	-0,00195763333188	-0,00195763333188	-0,00214373965987	-0,00214373965987	-0,00214373965987	-0,00246317698351	-0,00246317698351	-0,00246317698351	-0,00246317698351	-0,00246317698351	-0,00246317698351	-0,00253543589538	-0,00253543589538	-0,00253543589538	-0,00253543589538
148500	-0,00228551042264	-0,00228551042264	-0,00228551042264	-0,00228551042264	-0,00250502307457	-0,00250502307457	-0,00250502307457	-0,00286605161059	-0,00286605161059	-0,00286605161059	-0,00286605161059	-0,00286605161059	-0,00286605161059	-0,00294694884979	-0,00294694884979	-0,00294694884979	-0,00294694884979
149400	-0,00274951352865	-0,00274951352865	-0,00274951352865	-0,00274951352865	-0,00302117703174	-0,00302117703174	-0,00302117703174	-0,00341030319365	-0,00341030319365	-0,00341030319365	-0,00341030319365	-0,00341030319365	-0,00341030319365	-0,00349444158803	-0,00349444158803	-0,00349444158803	-0,00349444158803
150300	-0,00238008322574	-0,00238008322574	-0,00238008322574	-0,00238008322574	-0,00261203848194	-0,00261203848194	-0,00261203848194	-0,00296788997865	-0,00296788997865	-0,00296788997865	-0,00296788997865	-0,00296788997865	-0,00296788997865	-0,00304672773531	-0,00304672773531	-0,00304672773531	-0,00304672773531
151200	-0,00277962853297	-0,00277962853297	-0,00277962853297	-0,00277962853297	-0,00305308485881	-0,00305308485881	-0,00305308485881	-0,00345360257058	-0,00345360257058	-0,00345360257058	-0,00345360257058	-0,00345360257058	-0,00345360257058	-0,00354715924994	-0,00354715924994	-0,00354715924994	-0,00354715924994
152100	-0,00275742747197	-0,00275742747197	-0,00275742747197	-0,00275742747197	-0,00302688913245	-0,00302688913245	-0,00302688913245	-0,00343506154536	-0,00343506154536	-0,00343506154536	-0,00343506154536	-0,00343506154536	-0,00343506154536	-0,00352504249202	-0,00352504249202	-0,00352504249202	-0,00352504249202
153000	-0,00277991668975	-0,00277991668975	-0,00277991668975	-0,00277991668975	-0,00304505450274	-0,00304505450274	-0,00304505450274	-0,00349575069873	-0,00349575069873	-0,00349575069873	-0,00349575069873	-0,00349575069873	-0,00349575069873	-0,00360361738121	-0,00360361738121	-0,00360361738121	-0,00360361738121
153900	-0,00299779651843	-0,00299779651843	-0,00299779651843	-0,00299779651843	-0,00328283060143	-0,00328283060143	-0,00328283060143	-0,00377436265942	-0,00377436265942	-0,00377436265942	-0,00377436265942	-0,00377436265942	-0,00377436265942	-0,00389428719743	-0,00389428719743	-0,00389428719743	-0,00389428719743
154800	-0,00307424471913	-0,00307424471913	-0,00307424471913	-0,00307424471913	-0,00336458922453	-0,00336458922453	-0,00336458922453	-0,00388050235355	-0,00388050235355	-0,00388050235355	-0,00388050235355	-0,00388050235355	-0,00388050235355	-0,00401074958731	-0,00401074958731	-0,00401074958731	-0,00401074958731
155700	-0,00302464493381	-0,00302464493381	-0,00302464493381	-0,00302464493381	-0,00331141873208	-0,00331141873208	-0,00331141873208	-0,0038122755832	-0,0038122755832	-0,0038122755832	-0,0038122755832	-0,0038122755832	-0,0038122755832	-0,00393969095239	-0,00393969095239	-0,00393969095239	-0,00393969095239
156600	-0,00282053684869	-0,00282053684869	-0,00282053684869	-0,00282053684869	-0,00308605397625	-0,00308605397625	-0,00308605397625	-0,00356439878289	-0,00356439878289	-0,00356439878289	-0,00356439878289	-0,00356439878289	-0,00356439878289	-0,00368713716839	-0,00368713716839	-0,00368713716839	-0,00368713716839
157500	-0,00306978562116	-0,00306978562116	-0,00306978562116	-0,00306978562116	-0,00336404547215	-0,00336404547215	-0,00336404547215	-0,00385313284462	-0,00385313284462	-0,00385313284462	-0,00385313284462	-0,00385313284462	-0,00385313284462	-0,00396231880998	-0,00396231880998	-0,00396231880998	-0,00396231880998
158400	-0,00289782491173	-0,00289782491173	-0,00289782491173	-0,00289782491173	-0,00317599196726	-0,00317599196726	-0,00317599196726	-0,00363517595804	-0,00363517595804	-0,00363517595804	-0,00363517595804	-0,00363517595804	-0,00363517595804	-0,00373448905188	-0,00373448905188	-0,00373448905188	-0,00373448905188
159300	-0,00278547479617	-0,00278547479617	-0,00278547479617	-0,00278547479617	-0,00305386461606	-0,00305386461606	-0,00305386461606	-0,00348911550448	-0,00348911550448	-0,00348911550448	-0,00348911550448	-0,00348911550448	-0,00348911550448	-0,00358700412569	-0,00358700412569	-0,00358700412569	-0,00358700412569
160200	-0,00226107192511	-0,00226107192511	-0,00226107192511	-0,00226107192511	-0,00247835148785	-0,00247835148785	-0,00247835148785	-0,00283481966134	-0,00283481966134	-0,00283481966134	-0,00283481966134	-0,00283481966134	-0,00283481966134	-0,00291902158915	-0,00291902158915	-0,00291902158915	-0,00291902158915
161100	-0,00229984019151	-0,00229984019151	-0,00229984019151	-0,00229984019151	-0,00251896298738	-0,00251896298738	-0,00251896298738	-0,00289287129427	-0,00289287129427	-0,00289287129427	-0,00289287129427	-0,00289287129427	-0,00289287129427	-0,00298197151293	-0,00298197151293	-0,00298197151293	-0,00298197151293
162000	-0,00214852882925	-0,00214852882925	-0,00214852882925	-0,00214852882925	-0,00235254738248	-0,00235254738248	-0,00235254738248	-0,00270454795021	-0,00270454795021	-0,00270454795021	-0,00270454795021	-0,00270454795021	-0,00270454795021	-0,00278660658062	-0,00278660658062	-0,00278660658062	-0,00278660658062
162900	-0,00221463385576	-0,00221463385576	-0,00221463385576	-0,00221463385576	-0,00242471023003	-0,00242471023003	-0,00242471023003	-0,00279028226135	-0,00279028226135	-0,00279028226135	-0,00279028226135	-0,00279028226135	-0,00279028226135	-0,00287541520325	-0,00287541520325	-0,00287541520325	-0,00287541520325
163800	-0,0021700524668	-0,0021700524668	-0,0021700524668	-0,0021700524668	-0,00237761747094	-0,00237761747094	-0,00237761747094	-0,00272549275244	-0,00272549275244	-0,00272549275244	-0,00272549275244	-0,00272549275244	-0,00272549275244	-0,00280849390093	-0,00280849390093	-0,00280849390093	-0,00280849390093
164700	-0,00195448249898	-0,00195448249898	-0,00195448249898	-0,00195448249898	-0,00214230038233	-0,00214230038233	-0,00214230038233	-0,00244915699451	-0,00244915699451	-0,00244915699451	-0,00244915699451	-0,00244915699451	-0,00244915699451	-0,00251996460344	-0,00251996460344	-0,00251996460344	-0,00251996460344
165600	-0,00191163971455	-0,00191163971455	-0,00191163971455	-0,00191163971455	-0,00209537081677	-0,00209537081677	-0,00209537081677	-0,00239531962336	-0,00239531962336	-0,00239531962336	-0,00239531962336	-0,00239531962336	-0,00239531962336	-0,00246389705995	-0,00246389705995	-0,00246389705995	-0,00246389705995
166500	-0,00192096155669	-0,00192096155669	-0,00192096155669	-0,00192096155669	-0,00210479443132	-0,00210479443132	-0,00210479443132	-0,00241097089481	-0,00241097089481	-0,00241097089481	-0,00241097089481	-0,00241097089481	-0,00241097089481	-0,0024803737786	-0,0024803737786	-0,0024803737786	-0,0024803737786
167400	-0,00176721146448	-0,00176721146448	-0,00176721146448	-0,00176721146448	-0,00193643159041	-0,00193643159041	-0,00193643159041	-0,00221749697511	-0,00221749697511	-0,00221749697511	-0,00221749697511	-0,00221749697511	-0,00221749697511	-0,00228310608635	-0,00228310608635	-0,00228310608635	-0,00228310608635
168300	-0,00160821249675	-0,00160821249675	-0,00160821249675	-0,00160821249675	-0,00176217571566	-0,00176217571566	-0,00176217571566	-0,00201814451572	-0,00201814451572	-0,00201814451572	-0,00201814451572	-0,00201814451572	-0,00201814451572	-0,00207763868764	-0,00207763868764	-0,00207763868764	-0,00207763868764
169200	-0,00167452069458	-0,00167452069458	-0,00167452069458	-0,00167452069458	-0,00183566235012	-0,00183566235012	-0,00183566235012	-0,00209720271632	-0,00209720271632	-0,00209720271632	-0,00209720271632	-0,00209720271632	-0,00209720271632	-0,00215613673817	-0,00215613673817	-0,00215613673817	-0,00215613673817
170100	-0,00166339981229	-0,00166339981229	-0,00166339981229	-0,00166339981229	-0,00182367948109	-0,00182367948109	-0,00182367948109	-0,00208223374139	-0,00208223374139	-0,00208223374139	-0,00208223374139	-0,00208223374139	-0,00208223374139	-0,00214041508118	-0,00214041508118	-0,00214041508118	-0,00214041508118
171000	-0,00141207566172	-0,00141207566172	-0,00141207566172	-0,00141207566172	-0,00154680928154	-0,00154680928154	-0,00154680928154	-0,00177427415451	-0,00177427415451	-0,00177427415451	-0,00177427415451	-0,00177427415451	-0,00177427415451	-0,00182610801159	-0,00182610801159	-0,00182610801159	-0,00182610801159
171900	-0,00141522900724	-0,00141522900724	-0,00141522900724	-0,00141522900724	-0,001549338944	-0,001549338944	-0,001549338944	-0,00178285913791	-0,00178285913791	-0,00178285913791	-0,00178285913791	-0,00178285913791	-0,00178285913791	-0,0018362407805	-0,0018362407805	-0,0018362407805	-0,0018362407805
172800	-0,00139510915525	-0,00139510915525	-0,00139510915525	-0,00139510915525	-0,00152759272743	-0,00152759272743	-0,00152759272743	-0,00175611164291	-0,00175611164291	-0,00175611164291	-0,00175611164291	-0,00175611164291	-0,00175611164291	-0,0018097507997	-0,0018097507997	-0,0018097507997	-0,0018097507997
173700	-0,00120821250201	-0,00120821250201	-0,00120821250201	-0,00120821250201	-0,00132322194016	-0,00132322194016	-0,00132322194016	-0,00151948252545	-0,00151948252545	-0,00151948252545	-0,00151948252545	-0,00151948252545	-0,00151948252545	-0,00156754172863	-0,00156754172863	-0,00156754172863	-0,00156754172863
174600	-0,00131922157113	-0,00131922157113	-0,00131922157113	-0,00131922157113	-0,00144478661616	-0,00144478661616	-0,00144478661616	-0,00165914728872	-0,00165914728872	-0,00165914728872	-0,00165914728872	-0,00165914728872	-0,00165914728872	-0,00170974748394	-0,00170974748394	-0,00170974748394	-0,00170974748394
175500	-0,00106715368329	-0,00106715368329	-0,00106715368329	-0,00106715368329	-0,00116840071855	-0,00116840071855	-0,00116840071855	-0,00134375817975	-0,00134375817975	-0,00134375817975	-0,00134375817975	-0,00134375817975	-0,00134375817975	-0,00138333981853	-0,00138333981853	-0,00138333981853	-0,00138333981853
176400	-0,000928161499383	-0,000928161499383	-0,000928161499383	-0,000928161499383	-0,0010176341746	-0,0010176341746	-0,0010176341746	-0,00116167629091	-0,00116167629091	-0,00116167629091	-0,00116167629091	-0,00116167629091	-0,00116167629091	-0,00119359614489	-0,00119359614489	-0,00119359614489	-0,00119359614489
177300	-0,00091779063593	-0,00091779063593	-0,00091779063593	-0,00091779063593	-0,00100435451801	-0,00100435451801	-0,00100435451801	-0,00115824156357	-0,00115824156357	-0,00115824156357	-0,00115824156357	-0,00115824156357	-0,00115824156357	-0,00119225948737	-0,00119225948737	-0,00119225948737	-0,00119225948737
178200	-0,000849273839926	-0,000849273839926	-0,000849273839926	-0,000849273839926	-0,000929947260597	-0,000929947260597	-0,000929947260597	-0,00106891471129	-0,00106891471129	-0,00106891471129	-0,00106891471129	-0,00106891471129	-0,00106891471129	-0,00110159434368	-0,00110159434368	-0,00110159434368	-0,00110159434368
179100	-0,000984460651888	-0,000984460651888	-0,000984460651888	-0,000984460651888	-0,00107793177081	-0,00107793177081	-0,00107793177081	-0,0012392830028	-0,0012392830028	-0,0012392830028	-0,0012392830028	-0,0012392830028	-0,0012392830028	-0,00127659245338	-0,00127659245338	-0,00127659245338	-0,00127659245338
180000	-0,000825353641241	-0,000825353641241	-0,000825353641241	-0,000825353641241	-0,000903795645202	-0,000903795645202	-0,000903795645202	-0,00103860428238	-0,00103860428238	-0,00103860428238	-0,00103860428238	-0,00103860428238	-0,00103860428238	-0,00106997976414	-0,00106997976414	-0,00106997976414	-0,00106997976414
180900	-0,000700580407372	-0,000700580407372	-0,000700580407372	-0,000700580407372	-0,000767959960831	-0,000767959960831	-0,000767959960831	-0,000877612494272	-0,000877612494272	-0,000877612494272	-0,000877612494272	-0,000877612494272	-0,000877612494272	-0,000900998708952	-0,000900998708952	-0,000900998708952	-0,000900998708952
181800	-0,000680118838255	-0,000680118838255	-0,000680118838255	-0,000680118838255	-0,000745682918268	-0,000745682918268	-0,000745682918268	-0,000851218150617	-0,000851218150617	-0,000851218150617	-0,000851218150617	-0,000851218150617	-0,000851218150617	-0,000874928327048	-0,000874928327048	-0,000874928327048	-0,000874928327048
182700	-0,000679832398901	-0,000679832398901	-0,000679832398901	-0,000679832398901	-0,000744519843046	-0,000744519843046	-0,000744519843046	-0,000855104765209	-0,000855104765209	-0,000855104765209	-0,000855104765209	-0,000855104765209	-0,000855104765209	-0,000880405600102	-0,000880405600102	-0,000880405600102	-0,000880405600102
183600	-0,000697138109873	-0,000697138109873	-0,000697138109873	-0,000697138109873	-0,000763828283681	-0,000763828283681	-0,000763828283681	-0,000875091903859	-0,000875091903859	-0,000875091903859	-0,000875091903859	-0,000875091903859	-0,000875091903859	-0,000901496984571	-0,000901496984571	-0,000901496984571	-0,000901496984571
184500	-0,000640621615226	-0,000640621615226	-0,000640621615226	-0,000640621615226	-0,000701536262912	-0,000701536262912	-0,000701536262912	-0,000805993824656	-0,000805993824656	-0,000805993824656	-0,000805993824656	-0,000805993824656	-0,000805993824656	-0,000830610802762	-0,000830610802762	-0,000830610802762	-0,000830610802762
185400	-0,000710414825193	-0,000710414825193	-0,000710414825193	-0,000710414825193	-0,000778578768815	-0,000778578768815	-0,000778578768815	-0,000890739266537	-0,000890739266537	-0,000890739266537	-0,000890739266537	-0,000890739266537	-0,000890739266537	-0,000914816291496	-0,000914816291496	-0,000914816291496	-0,000914816291496
186300	-0,000585526010533	-0,000585526010533	-0,000585526010533	-0,000585526010533	-0,000641722601945	-0,000641722601945	-0,000641722601945	-0,000734071618724	-0,000734071618724	-0,000734071618724	-0,000734071618724	-0,000734071618724	-0,000734071618724	-0,000755400788722	-0,000755400788722	-0,000755400788722	-0,000755400788722
187200	-0,000631724406871	-0,000631724406871	-0,000631724406871	-0,000631724406871	-0,000692270404184	-0,000692270404184	-0,000692270404184	-0,000792413078458	-0,000792413078458	-0,000792413078458	-0,000792413078458	-0,000792413078458	-0,000792413078458	-0,000815660375368	-0,000815660375368	-0,000815660375368	-0,000815660375368
188100	-0,000609970091721	-0,000609970091721	-0,000609970091721	-0,000609970091721	-0,000668294695282	-0,000668294695282	-0,000668294695282	-0,000765807261215	-0,000765807261215	-0,000765807261215	-0,000765807261215	-0,000765807261215	-0,000765807261215	-0,000788387331656	-0,000788387331656	-0,000788387331656	-0,000788387331656
189000	-0,000614651113796	-0,000614651113796	-0,000614651113796	-0,000614651113796	-0,000673262973056	-0,000673262973056	-0,000673262973056	-0,000772485896131	-0,000772485896131	-0,000772485896131	-0,000772485896131	-0,000772485896131	-0,000772485896131	-0,000794153533906	-0,000794153533906	-0,000794153533906	-0,000794153533906
189900	-0,000597702195704	-0,000597702195704	-0,000597702195704	-0,000597702195704	-0,000654586096704	-0,000654586096704	-0,000654586096704	-0,000751743428484	-0,000751743428484	-0,000751743428484	-0,000751743428484	-0,000751743428484	-0,000751743428484	-0,000773625675251	-0,000773625675251	-0,000773625675251	-0,000773625675251
190800	-0,000596655687012	-0,000596655687012	-0,000596655687012	-0,000596655687012	-0,000653889359461	-0,000653889359461	-0,000653889359461	-0,000748180367566	-0,000748180367566	-0,000748180367566	-0,000748180367566	-0,000748180367566	-0,000748180367566	-0,000769608987703	-0,000769608987703	-0,000769608987703	-0,000769608987703
191700	-0,000666685083815	-0,000666685083815	-0,000666685083815	-0,000666685083815	-0,00073092454178	-0,00073092454178	-0,00073092454178	-0,000834552809672	-0,000834552809672	-0,000834552809672	-0,000834552809672	-0,000834552809672	-0,000834552809672	-0,000857768145403	-0,000857768145403	-0,000857768145403	-0,000857768145403
192600	-0,000744949612046	-0,000744949612046	-0,000744949612046	-0,000744949612046	-0,000816337007941	-0,000816337007941	-0,000816337007941	-0,000934490726262	-0,000934490726262	-0,000934490726262	-0,000934490726262	-0,000934490726262	-0,000934490726262	-0,000963066241034	-0,000963066241034	-0,000963066241034	-0,000963066241034
193500	-0,000662914888633	-0,000662914888633	-0,000662914888633	-0,000662914888633	-0,000726423762108	-0,000726423762108	-0,000726423762108	-0,000831669807497	-0,000831669807497	-0,000831669807497	-0,000831669807497	-0,000831669807497	-0,000831669807497	-0,000855066132158	-0,000855066132158	-0,000855066132158	-0,000855066132158
194400	-0,000710443720391	-0,000710443720391	-0,000710443720391	-0,000710443720391	-0,000778270598864	-0,000778270598864	-0,000778270598864	-0,000892474684339	-0,000892474684339	-0,000892474684339	-0,000892474684339	-0,000892474684339	-0,000892474684339	-0,000917785417245	-0,000917785417245	-0,000917785417245	-0,000917785417245
195300	-0,000753355602035	-0,000753355602035	-0,000753355602035	-0,000753355602035	-0,000825892094355	-0,000825892094355	-0,000825892094355	-0,000943317677213	-0,000943317677213	-0,000943317677213	-0,000943317677213	-0,000943317677213	-0,000943317677213	-0,000969612179436	-0,000969612179436	-0,000969612179436	-0,000969612179436
196200	-0,000820775636828	-0,000820775636828	-0,000820775636828	-0,000820775636828	-0,000899541512221	-0,000899541512221	-0,000899541512221	-0,00102904860089	-0,00102904860089	-0,00102904860089	-0,00102904860089	-0,00102904860089	-0,00102904860089	-0,00105881484467	-0,00105881484467	-0,00105881484467	-0,00105881484467
197100	-0,000863216401114	-0,000863216401114	-0,000863216401114	-0,000863216401114	-0,000946046933941	-0,000946046933941	-0,000946046933941	-0,0010822996575	-0,0010822996575	-0,0010822996575	-0,0010822996575	-0,0010822996575	-0,0010822996575	-0,00111387225161	-0,00111387225161	-0,00111387225161	-0,00111387225161
198000	-0,000895546358728	-0,000895546358728	-0,000895546358728	-0,000895546358728	-0,000981362364766	-0,000981362364766	-0,000981362364766	-0,00112341877071	-0,00112341877071	-0,00112341877071	-0,00112341877071	-0,00112341877071	-0,00112341877071	-0,00115459447205	-0,00115459447205	-0,00115459447205	-0,00115459447205
198900	-0,000921026898105	-0,000921026898105	-0,000921026898105	-0,000921026898105	-0,00100867465053	-0,00100867465053	-0,00100867465053	-0,00115843252236	-0,00115843252236	-0,00115843252236	-0,00115843252236	-0,00115843252236	-0,00115843252236	-0,00119032449326	-0,00119032449326	-0,00119032449326	-0,00119032449326
199800	-0,000952757594439	-0,000952757594439	-0,000952757594439	-0,000952757594439	-0,00104312099796	-0,00104312099796	-0,00104312099796	-0,00119986188041	-0,00119986188041	-0,00119986188041	-0,00119986188041	-0,00119986188041	-0,00119986188041	-0,00123775637815	-0,00123775637815	-0,00123775637815	-0,00123775637815
200700	-0,0012023844662	-0,0012023844662	-0,0012023844662	-0,0012023844662	-0,00131645550805	-0,00131645550805	-0,00131645550805	-0,00151407115664	-0,00151407115664	-0,00151407115664	-0,00151407115664	-0,00151407115664	-0,00151407115664	-0,00156330758734	-0,00156330758734	-0,00156330758734	-0,00156330758734
201600	-0,00162993917301	-0,00162993917301	-0,00162993917301	-0,00162993917301	-0,00178787045073	-0,00178787045073	-0,00178787045073	-0,00203596909356	-0,00203596909356	-0,00203596909356	-0,00203596909356	-0,00203596909356	-0,00203596909356	-0,00209290524223	-0,00209290524223	-0,00209290524223	-0,00209290524223
202500	-0,00142015877928	-0,00142015877928	-0,00142015877928	-0,00142015877928	-0,00155524773312	-0,00155524773312	-0,00155524773312	-0,00178651019316	-0,00178651019316	-0,00178651019316	-0,00178651019316	-0,00178651019316	-0,00178651019316	-0,0018435125728	-0,0018435125728	-0,0018435125728	-0,0018435125728
203400	-0,00193756121978	-0,00193756121978	-0,00193756121978	-0,00193756121978	-0,00212288207158	-0,00212288207158	-0,00212288207158	-0,00243230780739	-0,00243230780739	-0,00243230780739	-0,00243230780739	-0,00243230780739	-0,00243230780739	-0,00250337972273	-0,00250337972273	-0,00250337972273	-0,00250337972273
204300	-0,0020528957744	-0,0020528957744	-0,0020528957744	-0,0020528957744	-0,00224698175335	-0,00224698175335	-0,00224698175335	-0,00258842353262	-0,00258842353262	-0,00258842353262	-0,00258842353262	-0,00258842353262	-0,00258842353262	-0,00266780144682	-0,00266780144682	-0,00266780144682	-0,00266780144682
205200	-0,00262821750302	-0,00262821750302	-0,00262821750302	-0,00262821750302	-0,0028775569965	-0,0028775569965	-0,0028775569965	-0,00331153277754	-0,00331153277754	-0,00331153277754	-0,00331153277754	-0,00331153277754	-0,00331153277754	-0,00340949745934	-0,00340949745934	-0,00340949745934	-0,00340949745934
206100	-0,00260666152632	-0,00260666152632	-0,00260666152632	-0,00260666152632	-0,00285940837811	-0,00285940837811	-0,00285940837811	-0,00325706824856	-0,00325706824856	-0,00325706824856	-0,00325706824856	-0,00325706824856	-0,00325706824856	-0,00335454711592	-0,00335454711592	-0,00335454711592	-0,00335454711592
207000	-0,00148294469435	-0,00148294469435	-0,00148294469435	-0,00148294469435	-0,0016250547991	-0,0016250547991	-0,0016250547991	-0,0018936414078	-0,0018936414078	-0,0018936414078	-0,0018936414078	-0,0018936414078	-0,0018936414078	-0,00195865652159	-0,00195865652159	-0,00195865652159	-0,00195865652159
207900	-0,00151606026633	-0,00151606026633	-0,00151606026633	-0,00151606026633	-0,00166869498674	-0,00166869498674	-0,00166869498674	-0,00191854838906	-0,00191854838906	-0,00191854838906	-0,00191854838906	-0,00191854838906	-0,00191854838906	-0,00198239965545	-0,00198239965545	-0,00198239965545	-0,00198239965545
208800	5,84897435324e-05	5,84897435324e-05	5,84897435324e-05	5,84897435324e-05	5,54607266538e-05	5,54607266538e-05	5,54607266538e-05	1,81758546537e-05	1,81758546537e-05	1,81758546537e-05	1,81758546537e-05	1,81758546537e-05	1,81758546537e-05	2,12146031701e-06	2,12146031701e-06	2,12146031701e-06	2,12146031701e-06
209700	0,00136496476342	0,00136496476342	0,00136496476342	0,00136496476342	0,00147369369257	0,00147369369257	0,00147369369257	0,00165532563152	0,00165532563152	0,00165532563152	0,00165532563152	0,00165532563152	0,00165532563152	0,00170475040706	0,00170475040706	0,00170475040706	0,00170475040706
210600	1,81185454651e-05	1,81185454651e-05	1,81185454651e-05	1,81185454651e-05	1,1632053675e-05	1,1632053675e-05	1,1632053675e-05	-3,79947314768e-05	-3,79947314768e-05	-3,79947314768e-05	-3,79947314768e-05	-3,79947314768e-05	-3,79947314768e-05	-4,58648860284e-05	-4,58648860284e-05	-4,58648860284e-05	-4,58648860284e-05
211500	0,00279239824446	0,00279239824446	0,00279239824446	0,00279239824446	0,00303161485101	0,00303161485101	0,00303161485101	0,00344702226723	0,00344702226723	0,00344702226723	0,00344702226723	0,00344702226723	0,00344702226723	0,00354989302219	0,00354989302219	0,00354989302219	0,00354989302219
212400	0,000565618475452	0,000565618475452	0,000565618475452	0,000565618475452	0,000603476940213	0,000603476940213	0,000603476940213	0,000676419316254	0,000676419316254	0,000676419316254	0,000676419316254	0,000676419316254	0,000676419316254	0,000691437240944	0,000691437240944	0,000691437240944	0,000691437240944
213300	0,0026531845585	0,0026531845585	0,0026531845585	0,0026531845585	0,0028885955276	0,0028885955276	0,0028885955276	0,00324752944322	0,00324752944322	0,00324752944322	0,00324752944322	0,00324752944322	0,00324752944322	0,0033274501538	0,0033274501538	0,0033274501538	0,0033274501538
214200	0,00405200684214	0,00405200684214	0,00405200684214	0,00405200684214	0,00441575135609	0,00441575135609	0,00441575135609	0,00497008036792	0,00497008036792	0,00497008036792	0,00497008036792	0,00497008036792	0,00497008036792	0,00508873817355	0,00508873817355	0,00508873817355	0,00508873817355
215100	0,00130799725242	0,00130799725242	0,00130799725242	0,00130799725242	0,00141414657245	0,00141414657245	0,00141414657245	0,00157471923052	0,00157471923052	0,00157471923052	0,00157471923052	0,00157471923052	0,00157471923052	0,00160024187364	0,00160024187364	0,00160024187364	0,00160024187364
216000	0,00318174389508	0,00318174389508	0,00318174389508	0,00318174389508	0,00346984801394	0,00346984801394	0,00346984801394	0,00386675803551	0,00386675803551	0,00386675803551	0,00386675803551	0,00386675803551	0,00386675803551	0,00394100062072	0,00394100062072	0,00394100062072	0,00394100062072
216900	0,00470148040545	0,00470148040545	0,00470148040545	0,00470148040545	0,00512628882689	0,00512628882689	0,00512628882689	0,00574720144238	0,00574720144238	0,00574720144238	0,00574720144238	0,00574720144238	0,00574720144238	0,00587971941715	0,00587971941715	0,00587971941715	0,00587971941715
217800	0,00112875322018	0,00112875322018	0,00112875322018	0,00112875322018	0,00122345617195	0,00122345617195	0,00122345617195	0,00133774510078	0,00133774510078	0,00133774510078	0,00133774510078	0,00133774510078	0,00133774510078	0,00137061792411	0,00137061792411	0,00137061792411	0,00137061792411
218700	0,00284061224167	0,00284061224167	0,00284061224167	0,00284061224167	0,00308947410699	0,00308947410699	0,00308947410699	0,00347761002036	0,00347761002036	0,00347761002036	0,00347761002036	0,00347761002036	0,00347761002036	0,00356131924412	0,00356131924412	0,00356131924412	0,00356131924412
219600	0,00539165246455	0,00539165246455	0,00539165246455	0,00539165246455	0,00587678321327	0,00587678321327	0,00587678321327	0,00660849769496	0,00660849769496	0,00660849769496	0,00660849769496	0,00660849769496	0,00660849769496	0,00676296146993	0,00676296146993	0,00676296146993	0,00676296146993
220500	0,0068346451034	0,0068346451034	0,0068346451034	0,0068346451034	0,0074416060789	0,0074416060789	0,0074416060789	0,00843624968372	0,00843624968372	0,00843624968372	0,00843624968372	0,00843624968372	0,00843624968372	0,00865412592063	0,00865412592063	0,00865412592063	0,00865412592063
221400	0,00774034624264	0,00774034624264	0,00774034624264	0,00774034624264	0,00843238385528	0,00843238385528	0,00843238385528	0,00955828816549	0,00955828816549	0,00955828816549	0,00955828816549	0,00955828816549	0,00955828816549	0,00980708555435	0,00980708555435	0,00980708555435	0,00980708555435
222300	0,00133167749533	0,00133167749533	0,00133167749533	0,00133167749533	0,00143668298687	0,00143668298687	0,00143668298687	0,00163310209647	0,00163310209647	0,00163310209647	0,00163310209647	0,00163310209647	0,00163310209647	0,00167262577257	0,00167262577257	0,00167262577257	0,00167262577257
223200	-0,00139782446632	-0,00139782446632	-0,00139782446632	-0,00139782446632	-0,00154398147615	-0,00154398147615	-0,00154398147615	-0,00175653375793	-0,00175653375793	-0,00175653375793	-0,00175653375793	-0,00175653375793	-0,00175653375793	-0,00181423267868	-0,00181423267868	-0,00181423267868	-0,00181423267868
224100	0,00080085721371	0,00080085721371	0,00080085721371	0,00080085721371	0,000860398003391	0,000860398003391	0,000860398003391	0,000945798693361	0,000945798693361	0,000945798693361	0,000945798693361	0,000945798693361	0,000945798693361	0,00097456764175	0,00097456764175	0,00097456764175	0,00097456764175
225000	0,00100067588324	0,00100067588324	0,00100067588324	0,00100067588324	0,00108728702289	0,00108728702289	0,00108728702289	0,00116446662627	0,00116446662627	0,00116446662627	0,00116446662627	0,00116446662627	0,00116446662627	0,00117684941261	0,00117684941261	0,00117684941261	0,00117684941261
225900	0,000161839491338	0,000161839491338	0,000161839491338	0,000161839491338	0,000169835480287	0,000169835480287	0,000169835480287	0,000145011125852	0,000145011125852	0,000145011125852	0,000145011125852	0,000145011125852	0,000145011125852	0,000147073889068	0,000147073889068	0,000147073889068	0,000147073889068
226800	-0,00161655022707	-0,00161655022707	-0,00161655022707	-0,00161655022707	-0,00177382546563	-0,00177382546563	-0,00177382546563	-0,00204291859335	-0,00204291859335	-0,00204291859335	-0,00204291859335	-0,00204291859335	-0,00204291859335	-0,0020931823268	-0,0020931823268	-0,0020931823268	-0,0020931823268
227700	-0,000946436665185	-0,000946436665185	-0,000946436665185	-0,000946436665185	-0,00104322289082	-0,00104322289082	-0,00104322289082	-0,00119592734163	-0,00119592734163	-0,00119592734163	-0,00119592734163	-0,00119592734163	-0,00119592734163	-0,00121968633227	-0,00121968633227	-0,00121968633227	-0,00121968633227
228600	-0,00114122254502	-0,00114122254502	-0,00114122254502	-0,00114122254502	-0,00125253083317	-0,00125253083317	-0,00125253083317	-0,00145110153245	-0,00145110153245	-0,00145110153245	-0,00145110153245	-0,00145110153245	-0,00145110153245	-0,00149077539447	-0,00149077539447	-0,00149077539447	-0,00149077539447
229500	-0,00182194106333	-0,00182194106333	-0,00182194106333	-0,00182194106333	-0,00199565714341	-0,00199565714341	-0,00199565714341	-0,00230037074197	-0,00230037074197	-0,00230037074197	-0,00230037074197	-0,00230037074197	-0,00230037074197	-0,00236675879789	-0,00236675879789	-0,00236675879789	-0,00236675879789
230400	-0,00242503005938	-0,00242503005938	-0,00242503005938	-0,00242503005938	-0,00265592958985	-0,00265592958985	-0,00265592958985	-0,0030511837928	-0,0030511837928	-0,0030511837928	-0,0030511837928	-0,0030511837928	-0,0030511837928	-0,00314216074921	-0,00314216074921	-0,00314216074921	-0,00314216074921
231300	-0,00195279401437	-0,00195279401437	-0,00195279401437	-0,00195279401437	-0,00213745587765	-0,00213745587765	-0,00213745587765	-0,00246200997631	-0,00246200997631	-0,00246200997631	-0,00246200997631	-0,00246200997631	-0,00246200997631	-0,00253710878359	-0,00253710878359	-0,00253710878359	-0,00253710878359
232200	-0,00228120547689	-0,00228120547689	-0,00228120547689	-0,00228120547689	-0,00249725024451	-0,00249725024451	-0,00249725024451	-0,00287593871883	-0,00287593871883	-0,00287593871883	-0,00287593871883	-0,00287593871883	-0,00287593871883	-0,00296409161184	-0,00296409161184	-0,00296409161184	-0,00296409161184
233100	-0,00254724314403	-0,00254724314403	-0,00254724314403	-0,00254724314403	-0,00279182970034	-0,00279182970034	-0,00279182970034	-0,00319477974402	-0,00319477974402	-0,00319477974402	-0,00319477974402	-0,00319477974402	-0,00319477974402	-0,00328661782358	-0,00328661782358	-0,00328661782358	-0,00328661782358
234000	-0,00214647350126	-0,00214647350126	-0,00214647350126	-0,00214647350126	-0,00235251037304	-0,00235251037304	-0,00235251037304	-0,00269089328757	-0,00269089328757	-0,00269089328757	-0,00269089328757	-0,00269089328757	-0,00269089328757	-0,00277094161237	-0,00277094161237	-0,00277094161237	-0,00277094161237
234900	-0,00248863780129	-0,00248863780129	-0,00248863780129	-0,00248863780129	-0,00273127606353	-0,00273127606353	-0,00273127606353	-0,00310281660953	-0,00310281660953	-0,00310281660953	-0,00310281660953	-0,00310281660953	-0,00310281660953	-0,00318875162044	-0,00318875162044	-0,00318875162044	-0,00318875162044
235800	-0,00267216550778	-0,00267216550778	-0,00267216550778	-0,00267216550778	-0,00293401639818	-0,00293401639818	-0,00293401639818	-0,00332516072625	-0,00332516072625	-0,00332516072625	-0,00332516072625	-0,00332516072625	-0,00332516072625	-0,0034062742717	-0,0034062742717	-0,0034062742717	-0,0034062742717
236700	-0,00243583100224	-0,00243583100224	-0,00243583100224	-0,00243583100224	-0,00267251892309	-0,00267251892309	-0,00267251892309	-0,00304095019366	-0,00304095019366	-0,00304095019366	-0,00304095019366	-0,00304095019366	-0,00304095019366	-0,00312341087404	-0,00312341087404	-0,00312341087404	-0,00312341087404
237600	-0,00239611242787	-0,00239611242787	-0,00239611242787	-0,00239611242787	-0,00262757026012	-0,00262757026012	-0,00262757026012	-0,00299820262055	-0,00299820262055	-0,00299820262055	-0,00299820262055	-0,00299820262055	-0,00299820262055	-0,00308200606021	-0,00308200606021	-0,00308200606021	-0,00308200606021
238500	-0,0025296889481	-0,0025296889481	-0,0025296889481	-0,0025296889481	-0,0027764638269	-0,0027764638269	-0,0027764638269	-0,00315334868691	-0,00315334868691	-0,00315334868691	-0,00315334868691	-0,00315334868691	-0,00315334868691	-0,00323455750159	-0,00323455750159	-0,00323455750159	-0,00323455750159
239400	-0,00279080661134	-0,00279080661134	-0,00279080661134	-0,00279080661134	-0,00306005497069	-0,00306005497069	-0,00306005497069	-0,00349406567012	-0,00349406567012	-0,00349406567012	-0,00349406567012	-0,00349406567012	-0,00349406567012	-0,00359158125417	-0,00359158125417	-0,00359158125417	-0,00359158125417
240300	-0,00299052701197	-0,00299052701197	-0,00299052701197	-0,00299052701197	-0,00327526993255	-0,00327526993255	-0,00327526993255	-0,00376316766567	-0,00376316766567	-0,00376316766567	-0,00376316766567	-0,00376316766567	-0,00376316766567	-0,00387209780327	-0,00387209780327	-0,00387209780327	-0,00387209780327
241200	-0,00306089577185	-0,00306089577185	-0,00306089577185	-0,00306089577185	-0,00335319231005	-0,00335319231005	-0,00335319231005	-0,00384751805422	-0,00384751805422	-0,00384751805422	-0,00384751805422	-0,00384751805422	-0,00384751805422	-0,00395648261937	-0,00395648261937	-0,00395648261937	-0,00395648261937
242100	-0,00295298515755	-0,00295298515755	-0,00295298515755	-0,00295298515755	-0,0032341544435	-0,0032341544435	-0,0032341544435	-0,00371590341557	-0,00371590341557	-0,00371590341557	-0,00371590341557	-0,00371590341557	-0,00371590341557	-0,00382588692932	-0,00382588692932	-0,00382588692932	-0,00382588692932
243000	-0,00309329948506	-0,00309329948506	-0,00309329948506	-0,00309329948506	-0,00338815892041	-0,00338815892041	-0,00338815892041	-0,00389093342183	-0,00389093342183	-0,00389093342183	-0,00389093342183	-0,00389093342183	-0,00389093342183	-0,00399906003131	-0,00399906003131	-0,00399906003131	-0,00399906003131
243900	-0,00356011944529	-0,00356011944529	-0,00356011944529	-0,00356011944529	-0,00390036947045	-0,00390036947045	-0,00390036947045	-0,00447413165807	-0,00447413165807	-0,00447413165807	-0,00447413165807	-0,00447413165807	-0,00447413165807	-0,00460193635581	-0,00460193635581	-0,00460193635581	-0,00460193635581
244800	-0,00336415742725	-0,00336415742725	-0,00336415742725	-0,00336415742725	-0,0036877792282	-0,0036877792282	-0,0036877792282	-0,00421715472266	-0,00421715472266	-0,00421715472266	-0,00421715472266	-0,00421715472266	-0,00421715472266	-0,00432570964403	-0,00432570964403	-0,00432570964403	-0,00432570964403
245700	-0,00301726706074	-0,00301726706074	-0,00301726706074	-0,00301726706074	-0,00331425553355	-0,00331425553355	-0,00331425553355	-0,00374829950934	-0,00374829950934	-0,00374829950934	-0,00374829950934	-0,00374829950934	-0,00374829950934	-0,00384232019581	-0,00384232019581	-0,00384232019581	-0,00384232019581
246600	-0,00250035489381	-0,00250035489381	-0,00250035489381	-0,00250035489381	-0,00274533084592	-0,00274533084592	-0,00274533084592	-0,003111451128	-0,003111451128	-0,003111451128	-0,003111451128	-0,003111451128	-0,003111451128	-0,00319446777691	-0,00319446777691	-0,00319446777691	-0,00319446777691
247500	-0,00263749292953	-0,00263749292953	-0,00263749292953	-0,00263749292953	-0,00289727844491	-0,00289727844491	-0,00289727844491	-0,00327533424298	-0,00327533424298	-0,00327533424298	-0,00327533424298	-0,00327533424298	-0,00327533424298	-0,00336128698802	-0,00336128698802	-0,00336128698802	-0,00336128698802
248400	-0,00266995905911	-0,00266995905911	-0,00266995905911	-0,00266995905911	-0,00293161506644	-0,00293161506644	-0,00293161506644	-0,00332231509118	-0,00332231509118	-0,00332231509118	-0,00332231509118	-0,00332231509118	-0,00332231509118	-0,00340711654426	-0,00340711654426	-0,00340711654426	-0,00340711654426
249300	-0,00252444585674	-0,00252444585674	-0,00252444585674	-0,00252444585674	-0,00277136564084	-0,00277136564084	-0,00277136564084	-0,00314353118166	-0,00314353118166	-0,00314353118166	-0,00314353118166	-0,00314353118166	-0,00314353118166	-0,00322714725933	-0,00322714725933	-0,00322714725933	-0,00322714725933
250200	-0,00243408499394	-0,00243408499394	-0,00243408499394	-0,00243408499394	-0,00267214904925	-0,00267214904925	-0,00267214904925	-0,00303103547662	-0,00303103547662	-0,00303103547662	-0,00303103547662	-0,00303103547662	-0,00303103547662	-0,00311155257166	-0,00311155257166	-0,00311155257166	-0,00311155257166
251100	-0,00210647124042	-0,00210647124042	-0,00210647124042	-0,00210647124042	-0,00230696054256	-0,00230696054256	-0,00230696054256	-0,00264928412614	-0,00264928412614	-0,00264928412614	-0,00264928412614	-0,00264928412614	-0,00264928412614	-0,00272900758141	-0,00272900758141	-0,00272900758141	-0,00272900758141
252000	-0,00187117889948	-0,00187117889948	-0,00187117889948	-0,00187117889948	-0,00204895820447	-0,00204895820447	-0,00204895820447	-0,0023549366607	-0,0023549366607	-0,0023549366607	-0,0023549366607	-0,0023549366607	-0,0023549366607	-0,00242286122018	-0,00242286122018	-0,00242286122018	-0,00242286122018
252900	-0,00187008967615	-0,00187008967615	-0,00187008967615	-0,00187008967615	-0,00204703751561	-0,00204703751561	-0,00204703751561	-0,00235720573553	-0,00235720573553	-0,00235720573553	-0,00235720573553	-0,00235720573553	-0,00235720573553	-0,00242743297904	-0,00242743297904	-0,00242743297904	-0,00242743297904
253800	-0,00198162388409	-0,00198162388409	-0,00198162388409	-0,00198162388409	-0,00216925408586	-0,00216925408586	-0,00216925408586	-0,00249714709034	-0,00249714709034	-0,00249714709034	-0,00249714709034	-0,00249714709034	-0,00249714709034	-0,00257544753588	-0,00257544753588	-0,00257544753588	-0,00257544753588
254700	-0,00198503728639	-0,00198503728639	-0,00198503728639	-0,00198503728639	-0,00217396828162	-0,00217396828162	-0,00217396828162	-0,00249656051965	-0,00249656051965	-0,00249656051965	-0,00249656051965	-0,00249656051965	-0,00249656051965	-0,00257258503989	-0,00257258503989	-0,00257258503989	-0,00257258503989
255600	-0,00174855019183	-0,00174855019183	-0,00174855019183	-0,00174855019183	-0,00191517574062	-0,00191517574062	-0,00191517574062	-0,00219811910294	-0,00219811910294	-0,00219811910294	-0,00219811910294	-0,00219811910294	-0,00219811910294	-0,00226584771127	-0,00226584771127	-0,00226584771127	-0,00226584771127
256500	-0,00152626445893	-0,00152626445893	-0,00152626445893	-0,00152626445893	-0,00167258347444	-0,00167258347444	-0,00167258347444	-0,00191430227803	-0,00191430227803	-0,00191430227803	-0,00191430227803	-0,00191430227803	-0,00191430227803	-0,00196833255376	-0,00196833255376	-0,00196833255376	-0,00196833255376
257400	-0,00152116382833	-0,00152116382833	-0,00152116382833	-0,00152116382833	-0,00166588116143	-0,00166588116143	-0,00166588116143	-0,00191346835287	-0,00191346835287	-0,00191346835287	-0,00191346835287	-0,00191346835287	-0,00191346835287	-0,00196924712533	-0,00196924712533	-0,00196924712533	-0,00196924712533
258300	-0,00144300859933	-0,00144300859933	-0,00144300859933	-0,00144300859933	-0,0015809058716	-0,0015809058716	-0,0015809058716	-0,0018120805294	-0,0018120805294	-0,0018120805294	-0,0018120805294	-0,0018120805294	-0,0018120805294	-0,00186463060534	-0,00186463060534	-0,00186463060534	-0,00186463060534
259200	-0,00134337795665	-0,00134337795665	-0,00134337795665	-0,00134337795665	-0,00147249655161	-0,00147249655161	-0,00147249655161	-0,00168325649963	-0,00168325649963	-0,00168325649963	-0,00168325649963	-0,00168325649963	-0,00168325649963	-0,00173083243744	-0,00173083243744	-0,00173083243744	-0,00173083243744
260100	-0,00118115654618	-0,00118115654618	-0,00118115654618	-0,00118115654618	-0,00129264491262	-0,00129264491262	-0,00129264491262	-0,0014901842943	-0,0014901842943	-0,0014901842943	-0,0014901842943	-0,0014901842943	-0,0014901842943	-0,00153679219915	-0,00153679219915	-0,00153679219915	-0,00153679219915
261000	-0,00124148846328	-0,00124148846328	-0,00124148846328	-0,00124148846328	-0,00135868234178	-0,00135868234178	-0,00135868234178	-0,00156624677341	-0,00156624677341	-0,00156624677341	-0,00156624677341	-0,00156624677341	-0,00156624677341	-0,00161438473213	-0,00161438473213	-0,00161438473213	-0,00161438473213
261900	-0,00122338876252	-0,00122338876252	-0,00122338876252	-0,00122338876252	-0,00133903068324	-0,00133903068324	-0,00133903068324	-0,0015426293327	-0,0015426293327	-0,0015426293327	-0,0015426293327	-0,0015426293327	-0,0015426293327	-0,00158946119621	-0,00158946119621	-0,00158946119621	-0,00158946119621
262800	-0,000875003129269	-0,000875003129269	-0,000875003129269	-0,000875003129269	-0,000957892676129	-0,000957892676129	-0,000957892676129	-0,0011024377912	-0,0011024377912	-0,0011024377912	-0,0011024377912	-0,0011024377912	-0,0011024377912	-0,00113642295203	-0,00113642295203	-0,00113642295203	-0,00113642295203
263700	-0,000966097125408	-0,000966097125408	-0,000966097125408	-0,000966097125408	-0,00105723444728	-0,00105723444728	-0,00105723444728	-0,00121911739621	-0,00121911739621	-0,00121911739621	-0,00121911739621	-0,00121911739621	-0,00121911739621	-0,00125820292709	-0,00125820292709	-0,00125820292709	-0,00125820292709
264600	-0,000852696036419	-0,000852696036419	-0,000852696036419	-0,000852696036419	-0,000932891710981	-0,000932891710981	-0,000932891710981	-0,00107723608384	-0,00107723608384	-0,00107723608384	-0,00107723608384	-0,00107723608384	-0,00107723608384	-0,00111260479138	-0,00111260479138	-0,00111260479138	-0,00111260479138
265500	-0,000888802470779	-0,000888802470779	-0,000888802470779	-0,000888802470779	-0,000972542617799	-0,000972542617799	-0,000972542617799	-0,00112210701502	-0,00112210701502	-0,00112210701502	-0,00112210701502	-0,00112210701502	-0,00112210701502	-0,00115890205467	-0,00115890205467	-0,00115890205467	-0,00115890205467
266400	-0,000786872775393	-0,000786872775393	-0,000786872775393	-0,000786872775393	-0,000861787094367	-0,000861787094367	-0,000861787094367	-0,000989533153424	-0,000989533153424	-0,000989533153424	-0,000989533153424	-0,000989533153424	-0,000989533153424	-0,00101841271872	-0,00101841271872	-0,00101841271872	-0,00101841271872
267300	-0,000706434825748	-0,000706434825748	-0,000706434825748	-0,000706434825748	-0,000774121671119	-0,000774121671119	-0,000774121671119	-0,000886225121266	-0,000886225121266	-0,000886225121266	-0,000886225121266	-0,000886225121266	-0,000886225121266	-0,000912250142277	-0,000912250142277	-0,000912250142277	-0,000912250142277
