time	sensor_1	sensor_2	sensor_3	sensor_4	sensor_5	sensor_6	sensor_7	sensor_8	sensor_9	sensor_10	sensor_11	sensor_12	sensor_13	sensor_14	sensor_15	sensor_16	sensor_17
0	0	0	0	0	0	0	0	0	0	0	0	0	0	0	0	0	0
900	0,00505956876369	0,00475718017256	0	0,00521776024765	0,00521776024765	0,00574842063628	0,00436914484058	0,00475718017256	0	0,00316213362825	0,00622667757739	0,00444953846389	0,00431599255963	0,00444953846389	0,0100613980677	0,00432499681576	0,00407265705594
1800	0	0	0	0	0	0	0	0	0	0	0	0	0	0	0	0	0
2700	0,0166666666667	0,0166666666667	0	0,0166666666667	0,0166666666667	0,0166666666667	0,0166666666667	0,0166666666667	0	0,0166666666667	0,0166666666667	0,0166666666667	0,0166666666667	0,0166666666667	0,0166666666667	0,0166666666667	0,0166666666667
3600	-0,000107835817559	-0,000510385314126	0	9,5907662314e-05	9,5907662314e-05	-0,00044358102551	0,000852388554695	-0,000510385314126	0	-0,000472015438379	0,00040521683097	-0,000516423245735	-7,58222192373e-05	-0,000516423245735	0,00287254585375	-0,00138916081139	-2,43677368803e-05
4500	-0,00218884453568	-0,00180875856652	0	-0,00238723672002	-0,00238723672002	-0,00378022403161	-0,000725753072321	-0,00180875856652	0	4,45847391281e-05	-0,00428545435456	-0,00153177407544	-0,000888595309506	-0,00153177407544	0,00178387976373	-0,00262545666814	-0,000973251578822
5400	-0,00307218915633	-0,00273138630514	0	-0,00325487581265	-0,00325487581265	-0,00255102032451	-0,00416489691876	-0,00273138630514	0	-0,00278551095559	0,00391462351085	-0,00135941912526	-0,00279643025832	-0,00135941912526	-0,00740574388677	-0,000451731111492	-0,00163248381256
6300	-0,00173546808049	-0,00148556553309	0	-0,00187228334398	-0,00187228334398	-0,00106858852432	-0,00302607836921	-0,00148556553309	0	-0,00148638805238	0,00253578690828	-0,000796994968823	-0,000640774519176	-0,000796994968823	0,00578929774676	-0,00149994010292	-0,00122455742737
7200	0,0020737025378	0,0019723765369	0	0,00212858422061	0,00212858422061	0,00224831548927	0,00195317642224	0,0019723765369	0	0,000368135339705	-0,00250572867591	0,000846629332205	0,000456770199651	0,000846629332205	-0,0392011550599	0,0015136109028	0,00199052681598
8100	-0,0041137026186	-0,00446979613877	0	-0,00392577616396	-0,00392577616396	-0,00339880408112	-0,00474976619569	-0,00446979613877	0	-0,00397189390457	-0,00662914659252	-0,00446145300929	-0,00492767639107	-0,00446145300929	-0,110416618825	-0,00313098100775	-0,00502780045525
9000	-0,000926431402691	-0,0010347335076	0	-0,000869808944842	-0,000869808944842	-0,000962080927268	-0,000727448879411	-0,0010347335076	0	-0,00120811239341	-0,00569396982114	-0,00214116196082	-0,000401812355146	-0,00214116196082	0,0150059197586	-0,00351726285955	-0,00229054379037
9900	0,000282653409975	0,00070070688116	0	5,52557339112e-05	5,52557339112e-05	-0,00104466463061	0,00150769053307	0,00070070688116	0	0,00218557270258	-0,000190477228502	0,00126255353837	0,00101024837852	0,00126255353837	0,00716031478714	0,000310269344414	0,00130434452854
10800	-0,00179787946371	-0,0020371603142	0	-0,00167027493428	-0,00167027493428	-0,00171162340118	-0,00161595802473	-0,0020371603142	0	-0,00205488753761	0,00166893696176	-0,00136398420521	-0,00210681424635	-0,00136398420521	-0,00242431740774	-0,00132652924873	-0,00125931430075
11700	0,000864585229298	0,000759512896271	0	0,000920050966963	0,000920050966963	0,00153589594478	3,05825553101e-05	0,000759512896271	0	-0,00132956803491	0,00429133289103	0,000808825342737	0,000158108766658	0,000808825342737	-0,708905070532	0,00316506869847	0,000419890335458
12600	0,00116561291537	0,00122508382398	0	0,00113403212305	0,00113403212305	0,00150391911118	0,000566783754917	0,00122508382398	0	0,00152167521958	-0,000592775261198	0,00109222202559	0,000973949711157	0,00109222202559	0,0128867108193	0,00103508688396	0,00129342896235
13500	0,00109808145649	0,00106453923735	0	0,00111583245112	0,00111583245112	0,00131573186494	0,000798951811433	0,00106453923735	0	0,000258842193438	0,000528731160734	0,000486877964904	0,00127590136068	0,000486877964904	0,0141009029643	-0,00117836303923	0,000689876963937
14400	-0,00226990441891	-0,00228594062316	0	-0,00226142476258	-0,00226142476258	-0,00270255504395	-0,00160188202653	-0,00228594062316	0	-0,00131080011123	-0,00337957897641	-0,0024678035728	-0,00120529352017	-0,0024678035728	0,00882854310008	-0,00449589538675	-0,00276214781192
15300	-0,00210730832011	-0,00196575591706	0	-0,0021829988453	-0,0021829988453	-0,00302382274435	-0,00105177231984	-0,00196575591706	0	-0,000292694347441	-0,0012995812341	-0,00107952573623	-0,00165344303665	-0,00107952573623	0,000222115440387	-0,00128596043265	-0,00115868997139
16200	0,0025297003422	0,00272754350635	0	0,0024215812252	0,0024215812252	0,0026890811601	0,00204511113234	0,00272754350635	0	0,00255768643851	0,00566824827121	0,00288326598925	0,00378387707601	0,00288326598925	-0,107343054764	0,00619594617521	0,00137387631061
17100	-0,000959122582801	-0,0012341033452	0	-0,000812391505333	-0,000812391505333	-0,000487282338157	-0,00129138481565	-0,0012341033452	0	-0,00244096382328	-0,00163069205422	-0,000970474797225	-0,00366100347054	-0,000970474797225	-0,0340932715662	-0,00195086199581	0,000633434356553
18000	2,77539180063e-05	-9,21194629444e-05	0	9,1019332948e-05	9,1019332948e-05	0,000116266918075	5,36805415295e-05	-9,21194629444e-05	0	-0,000846351725865	-0,0179039743532	-0,00222532869671	-0,00140232715398	-0,00222532869671	0,0125025344406	-0,00283184423075	-0,002393672807
18900	0,00047819076	0,000470544676452	0	0,000482222603314	0,000482222603314	0,000335023119897	0,000695116302172	0,000470544676452	0	0,00122847090692	0,00341054926627	0,000990383692254	0,00125395705424	0,000990383692254	0,0109626300795	-0,000509727845169	0,00146919831275
19800	-0,00129340434412	-0,0014093009602	0	-0,00123287667471	-0,00123287667471	-0,00151391113829	-0,000841451195683	-0,0014093009602	0	-0,00131332220731	0,00102880309346	-0,0010933573134	-0,00104061788264	-0,0010933573134	0,00746534076563	-0,00219315474333	-0,0016928808031
20700	0,00139009016806	0,0015309304629	0	0,00131548893634	0,00131548893634	0,00139358384679	0,00120537734554	0,0015309304629	0	0,00197181547747	0,00200537305248	0,00194451643172	0,00126678305232	0,00194451643172	-0,0375252645467	0,00388044927942	0,00191051782281
21600	0,00131487511785	0,00151451910737	0	0,00120698068652	0,00120698068652	0,00164923323163	0,000537247852116	0,00151451910737	0	0,00198151616421	0,00396562521255	0,00223094369395	0,00151577609519	0,00223094369395	-0,00238522335663	0,00412138063195	0,00114204248071
22500	0,00098027753939	0,000844285870126	0	0,00105280091523	0,00105280091523	0,000730976588519	0,00151614727487	0,000844285870126	0	8,06388113191e-05	-0,00102213610918	-9,71815705308e-05	0,00134026552604	-9,71815705308e-05	0,0104111953103	-0,00328581786622	0,000799838358138
23400	0,00065869061303	0,000605707878721	0	0,000686802793754	0,000686802793754	0,000389305332136	0,00109651519542	0,000605707878721	0	-2,44738986389e-05	-0,00205879434247	6,67274642021e-05	6,42935871091e-05	6,67274642021e-05	0,00407446322214	-0,00157881960053	0,00101655287997
24300	-0,000584922889558	-0,000758099129017	0	-0,000494423302216	-0,000494423302216	-0,000631722334747	-0,000308864228944	-0,000758099129017	0	-0,000162824298002	-0,000166580455389	-0,000704654934735	8,63022877569e-05	-0,000704654934735	0,00404666574317	-0,00122184875681	-0,00112599765911
25200	0,0018677908354	0,00192864902328	0	0,00183578420385	0,00183578420385	0,00234339709501	0,00108969964704	0,00192864902328	0	0,00159697927635	0,00556064283126	0,00268325372152	0,00156933326127	0,00268325372152	-0,0507578262728	0,00398671993381	0,00341883744661
26100	0,000410222585178	0,000669510555711	0	0,000270467773207	0,000270467773207	0,000196210325149	0,000378402975738	0,000669510555711	0	0,00170878811122	-0,00087048982454	0,000875550459613	0,000761489522498	0,000875550459613	-0,00683470657606	0,00114077008516	0,000812736541602
27000	-0,000160064021608	-0,000196591151997	0	-0,000140441463705	-0,000140441463705	-0,000382226806035	0,000199019120678	-0,000196591151997	0	-0,000256175942501	-0,0024221565721	-0,000736672657288	9,04116545771e-05	-0,000736672657288	0,00716878862665	-0,000630127363572	-0,00120835136872
27900	0,00188502166195	0,00200446153884	0	0,00182004850772	0,00182004850772	0,00168186242972	0,0020098110061	0,00200446153884	0	0,00243147819367	0,00347260219033	0,00252969780726	0,00194408115681	0,00252969780726	-0,0413147720188	0,00231618455004	0,00319949261214
28800	0,00304803057409	0,00309377665047	0	0,00302301088623	0,00302301088623	0,00305030208644	0,00298535217263	0,00309377665047	0	0,00343243129569	0,00393104073889	0,00319422172508	0,00369567430681	0,00319422172508	0,015955003124	0,0010016938469	0,00227642634652
29700	0,00228243742757	0,00161518772101	0	0,00262285170592	0,00262285170592	0,00227555450442	0,00307541537079	0,00161518772101	0	-0,000592410271489	-0,00371712118279	0,000315466922123	-6,08162739159e-05	0,000315466922123	-0,00871945334401	0,00231254048005	-0,000377096819373
30600	0,00485494451698	0,00552628975199	0	0,00448026106573	0,00448026106573	0,00516140749651	0,0034615034986	0,00552628975199	0	0,00742698555111	0,0106815679792	0,00702023091922	0,00750850336646	0,00702023091922	0,0109667398235	0,00614088258202	0,00685322167356
31500	-0,00224719830487	-0,00251361252663	0	-0,00210169975313	-0,00210169975313	-0,00282370699725	-0,00111642322295	-0,00251361252663	0	-0,00279359690804	-0,0192077259414	-0,00346715138716	-0,00695154771553	-0,00346715138716	-0,0165629983192	-0,00103439081232	0,000877616244899
32400	-0,00394616399036	-0,00369164627023	0	-0,0040878473789	-0,0040878473789	-0,00398035535631	-0,00423634737335	-0,00369164627023	0	-0,00335499482485	0,00393026725548	-0,0034881234602	0,000195438880251	-0,0034881234602	0,00497900099327	-0,0062131491226	-0,00937644226268
33300	0,00119237417497	0,00115446209525	0	0,00121339729095	0,00121339729095	0,00113618468433	0,0013188146298	0,00115446209525	0	0,000961540979746	0,00313825990567	0,00137761591403	0,00156448398746	0,00137761591403	0,00146681125649	0,00168665492385	0,00104552567499
34200	-0,00190394268453	-0,00259655687574	0	-0,00097436011	-0,00097436011	-0,00280285400785	0,00198802221986	-0,00259655687574	0	-0,00962418983092	-0,0050342347318	-0,00387443046636	-0,00623327633164	-0,00387443046636	-0,021204592817	-0,0021593523417	-0,00149271010565
35100	0,00515834970308	0,00500153671411	0	0,00487189418967	0,00487189418967	0,00720947373168	-0,000568640132542	0,00500153671411	0	0,00567354924691	0,00655968080521	0,00531900949205	0,00479150786257	0,00531900949205	-0,09605716905	0,00658628104454	0,00457691375686
36000	-0,0198566286831	-0,0171396239095	0	-0,0172918723222	-0,0172918723222	-0,0118967983118	-0,0187810139564	-0,0171396239095	0	-0,0138172344787	-0,0143037826074	-0,0116077082734	-0,0155499257014	-0,0116077082734	0,0154889614625	-0,0142394603489	-0,0116164697152
36900	0,00302166324372	0,00438460671166	0	0,00187512205407	0,00187512205407	-0,00221784005446	0,00657703018948	0,00438460671166	0	0,00742984063405	-0,00160333220857	0,0042861902429	0,00530574334267	0,0042861902429	0,00330844967994	0,00277589225684	0,00512615097097
37800	0,00436348917394	0,00382664583216	0	0,00432328012094	0,00432328012094	0,00448851646639	0,00330379749125	0,00382664583216	0	0,00050486937683	0,00848927647762	0,00412243993251	0,00120058866091	0,00412243993251	-0,028187223018	0,00496549676582	0,00671136635572
38700	-0,121200539033	-1,53949104543	0	-0,209943613439	-0,209943613439	-0,826351149738	-0,11640876111	-1,53949104543	0	-0,447624159111	-0,0292529476175	-0,239574705832	-0,157021982807	-0,239574705832	0,00732182294401	-0,0600256971472	-13,9954876403
39600	0,0112652045404	0,0151497060788	0	0,0129408909797	0,0129408909797	0,0145522057916	0,00134297941425	0,0151497060788	0	-0,000155237023062	-0,0842035192731	0,00434616253142	-0,0515652841629	0,00434616253142	0,00724081053107	-0,00694013937076	0,0163948557761
40500	0,00677483044285	0,0120313649329	0	0,00640882975113	0,00640882975113	0,0091504196857	0,00970764480208	0,0120313649329	0	0,0159167211376	0,0129887166567	0,0108067558986	0,0161494496335	0,0108067558986	-0,278317962212	-0,0576554075451	0,00468997555387
41400	0,00458423335115	0,00449205316047	0	0,00548280071194	0,00548280071194	0,00821819698228	0,0039334372555	0,00449205316047	0	-0,0192487913707	0,00743729068102	-0,00177207757791	-0,00155642500823	-0,00177207757791	0,0133702129323	0,00869942582028	-0,00187020540478
42300	0,0131706440108	0,0137487800882	0	0,0132845976436	0,0132845976436	0,0134593453592	0,0142362164898	0,0137487800882	0	0,0147249650604	0,0134754120344	0,0150098927664	0,0137033091386	0,0150098927664	-0,416602351789	0,0160862955247	0,0156054702975
43200	-0,00190460383279	-0,00223054872496	0	-0,00187164671168	-0,00187164671168	-0,00224533287796	-0,00163896243273	-0,00223054872496	0	-0,0026656258696	-0,00093841496962	-0,00269743125755	-0,00157839602536	-0,00269743125755	0,0163079331006	-0,0105449421564	0,000243646020065
44100	-0,0171153579264	-0,01719726854	0	-0,0186197366742	-0,0186197366742	-0,0195796810375	-0,0228486537449	-0,01719726854	0	-0,0135390626422	-0,0248341414251	-0,0210025727896	-0,0149630847302	-0,0210025727896	-0,0110907263417	-0,0203216956656	-0,0341937688021
45000	0,00649171905132	0,00651045963471	0	0,00655779616274	0,00655779616274	0,00622839187941	0,00733219241592	0,00651045963471	0	0,00799173581255	0,00874779547988	0,00855089330961	0,00599643146927	0,00855089330961	0,0132878968611	0,0108220434495	0,0104459097328
45900	-0,000405918582459	0,00018805155726	0	-0,000706138141896	-0,000706138141896	-0,000589768537973	-0,000975217922244	0,00018805155726	0	-0,000779641105951	0,00145868702199	-0,000512649761305	0,00136513110504	-0,000512649761305	-0,0764446613114	-0,00450776242066	-0,00257832355404
46800	-0,00636870286974	-0,00740775698023	0	-0,00681750599874	-0,00681750599874	-0,00649764169775	-0,011450319741	-0,00740775698023	0	-0,00910166932054	-0,0076236045262	-0,00896519467654	-0,0103281443067	-0,00896519467654	-0,569952086158	-0,00597302500726	-0,0194433174124
47700	0,00889969334118	0,00888683952676	0	0,00942084342084	0,00942084342084	0,00964614087934	0,0107914069906	0,00888683952676	0	0,00754465289315	0,00894029014265	0,0091500386553	0,00856795346267	0,0091500386553	0,0163890251929	0,010353213487	0,0105310611699
48600	-0,00892273415102	-0,0102452845238	0	-0,00905386394918	-0,00905386394918	-0,0092797969213	-0,0111587328487	-0,0102452845238	0	-0,0134471667832	-0,00737884148853	-0,00980056782352	-0,0166941985384	-0,00980056782352	0,0131192805961	-0,0127591480262	-0,00201230922659
49500	-0,00762657302638	-0,00696939498013	0	-0,00772591715377	-0,00772591715377	-0,00802846476905	-0,0066014542818	-0,00696939498013	0	-0,00273329158167	-0,00645628164974	-0,00797633951683	0,000458778421366	-0,00797633951683	-0,248169778658	-0,0135356824351	-0,0146522178457
50400	0,0101026166452	0,0104974617246	0	0,0101742769663	0,0101742769663	0,0104639194346	0,0105235880322	0,0104974617246	0	0,0105219823842	0,00954822044127	0,0109550113993	0,00990467822499	0,0109550113993	-0,0639430649105	0,0121754728238	0,0111914928321
51300	-0,0252784256525	-0,0262334856952	0	-0,0261343159798	-0,0261343159798	-0,0252257056354	-0,0327961112053	-0,0262334856952	0	-0,0262321770064	-0,0148373729712	-0,0247432812879	-0,0236491977625	-0,0247432812879	0,0131667288446	-0,0271276002892	-0,025452410125
52200	-0,110282591836	-0,208138242097	0	-0,147644752816	-0,147644752816	-0,296574377536	-0,860128720583	-0,208138242097	0	-0,0728740855812	-0,0993085245357	-1,08299654146	-0,0742187032535	-1,08299654146	0,00929545023036	-0,128328246462	-0,0691180813168
53100	0,0101871602914	0,0137001632327	0	0,0121534117674	0,0121534117674	0,0145563075351	0,0161051022802	0,0137001632327	0	0,0059374945885	0,00601604235399	0,016112271541	0,00595839413009	0,016112271541	-0,0559876274283	0,0136464245492	0,0112958977502
54000	-0,000616635413369	-0,000434387929711	0	-0,000304563488496	-0,000304563488496	4,56115064137e-05	3,51734713663e-05	-0,000434387929711	0	0,000319355838103	-0,0121648658815	-0,00131037396247	-0,000126946489977	-0,00131037396247	0,0109052542034	-0,0117398896178	0,0032370243854
54900	0,0067028569049	0,00381023255361	0	0,00483488947314	0,00483488947314	0,00170029734895	-0,00303966949121	0,00381023255361	0	0,0100565457017	0,0117284142734	0,00468673612179	0,00635642457176	0,00468673612179	0,0139849977292	0,0086369337632	-0,00433281005582
55800	-0,0278283175841	-0,015568485377	0	-0,0212606263051	-0,0212606263051	-0,0169052680571	-0,00207204526079	-0,015568485377	0	-0,0218552761229	-0,0347990136714	-0,0114748964802	-0,0131919039901	-0,0114748964802	-0,0794806613216	-0,0298687367875	0,000946773338772
56700	0,0114090477223	0,0106426552092	0	0,0111010749815	0,0111010749815	0,0111631178223	0,00923191484698	0,0106426552092	0	0,0102189613695	0,0123564199102	0,01018565934	0,0103608313775	0,01018565934	-0,0202226472705	0,0114993474637	0,00876151088688
57600	-0,00956261021356	-0,00951629366588	0	-0,00906598037194	-0,00906598037194	-0,00906514142163	-0,00788692292824	-0,00951629366588	0	-0,0107958778131	-0,0271667117426	-0,0128491443033	-0,00918109500709	-0,0128491443033	0,014403234133	-0,00982893142702	-0,0258298476129
58500	0,00692715477606	0,00666495906496	0	0,00687373594233	0,00687373594233	0,00632302846543	0,00712194985978	0,00666495906496	0	0,00671559618465	0,00239084902374	0,00566830879049	0,00700749854489	0,00566830879049	0,00261376272131	0,00624827597888	0,00516456022456
59400	0,00165055530964	0,00168405296396	0	0,00163241602847	0,00163241602847	0,00180244133072	0,00141511623919	0,00168405296396	0	0,00151974777824	0,00516635706371	0,00268989369793	0,000474594820854	0,00268989369793	-0,000876281005367	0,00307964574327	0,00302239832145
60300	-0,00044749502565	-0,00102779877886	0	-0,000148864474256	-0,000148864474256	-0,000285125193984	2,21262763401e-05	-0,00102779877886	0	-0,00589011831907	0,000245222206634	-0,00252979554833	-0,00232863404242	-0,00252979554833	-0,00597134566086	-0,00315778883529	-0,00121150652061
61200	0,00180601631735	0,00215814992273	0	0,00161805882749	0,00161805882749	0,00226598270545	0,000717568740615	0,00215814992273	0	0,00317991309687	0,00361779786314	0,00307749807861	0,00182007193282	0,00307749807861	-0,0315760077697	0,00386214825177	0,00386120434924
62100	-0,00239900717356	-0,00256486119491	0	-0,0023116452966	-0,0023116452966	-0,00263079009943	-0,00188523173774	-0,00256486119491	0	-0,00173874061385	-0,00244922866815	-0,00204871276157	-0,00280227181023	-0,00204871276157	0,00190012887422	-0,00153325185823	-0,000712536854126
63000	0,000321598562501	0,000293374254602	0	0,000336426331854	0,000336426331854	0,000367879511145	0,000294211380301	0,000293374254602	0	-0,0011356737817	0,000778179731582	5,60825234743e-05	-0,000555376320773	5,60825234743e-05	0,000517068610894	-0,00076345567032	0,000870367029968
63900	-0,000928737988572	-0,000524857048587	0	-0,00114861724275	-0,00114861724275	-6,51417249898e-05	-0,00284435200655	-0,000524857048587	0	-0,00077079818425	0,00397142167676	4,90702002696e-05	0,000867265182377	4,90702002696e-05	-0,0263936094999	0,000205380009839	-0,000696387483795
64800	-0,00199310251817	-0,00195055674177	0	-0,00201642236248	-0,00201642236248	-0,00290352831037	-0,000778790961624	-0,00195055674177	0	0,000190748912413	-0,0092485331954	-0,00240795465656	-0,00176239144968	-0,00240795465656	-0,036206574878	-0,00321650572426	-0,00190457559544
65700	0,0030715725885	0,00307997432704	0	0,00306703287052	0,00306703287052	0,00288326679886	0,0033153998349	0,00307997432704	0	0,00356843369181	0,00231488352921	0,00302749387938	0,00347276647984	0,00302749387938	0,0150828561222	0,00321775453915	0,00170606786681
66600	-0,000258882357994	-0,000581307997875	0	-8,76068725748e-05	-8,76068725748e-05	0,000810346606934	-0,00147611166155	-0,000581307997875	0	-0,00398131016509	-0,00176348811438	-0,00148177914776	-0,00287484793878	-0,00148177914776	-0,623504267994	-0,00214762382816	0,000361412841608
67500	-0,00163971007574	-0,00180727411486	0	-0,0015519288184	-0,0015519288184	-0,00264973019448	-8,02094533651e-05	-0,00180727411486	0	0,000759488184937	-0,0300300267195	-0,00330682234152	-0,000213419517687	-0,00330682234152	0,016506407333	-0,0064097506625	-0,00584214194157
68400	0,00483361912196	0,00463870766191	0	0,00493322656626	0,00493322656626	0,00537984354933	0,00427592918096	0,00463870766191	0	0,0048983747608	0,00899674783668	0,00508973254236	0,00512471222064	0,00508973254236	0,00775358412003	0,00619774148094	0,00266631019793
69300	-0,00181585614891	-0,00176753370246	0	-0,00184064877176	-0,00184064877176	-0,00223055215377	-0,00129522037918	-0,00176753370246	0	-0,00238980345865	-0,0104691747536	-0,00200859684813	-0,00374871096965	-0,00200859684813	-0,016997751943	-0,00229463963439	0,00113222419048
70200	0,00195196259804	0,00198445719605	0	0,0019352348228	0,0019352348228	0,00242417277762	0,00119210119799	0,00198445719605	0	0,00141199218137	0,00962967993799	0,00274532328182	0,00248194581007	0,00274532328182	0,000309275931319	0,00399699849053	0,00172800799252
71100	0,00139271755593	0,0019044073758	0	0,001115224782	0,001115224782	0,000328513059088	0,00217575151638	0,0019044073758	0	0,0033446490297	0,00405362874517	0,00281539616893	0,00249436476241	0,00281539616893	0,00275929285762	0,00265074978741	0,00300982426243
72000	0,000655686149102	0,000614173500837	0	0,000678109068416	0,000678109068416	0,000861149082808	0,000424545971558	0,000614173500837	0	-0,000159017053289	-0,00219560669942	0,000303925542955	-0,000786641975002	0,000303925542955	-0,102656476937	0,00296939309493	-9,45498231711e-05
72900	-0,00331632615214	-0,00328516124514	0	-0,00333320030944	-0,00333320030944	-0,0036591830866	-0,00289852001903	-0,00328516124514	0	-0,00215995473936	0,0021589451669	-0,00228655687886	-0,0015099719605	-0,00228655687886	0,0060531917434	-0,00702936369843	0,000976226415383
73800	-0,000383065334308	-0,000554345877151	0	-0,000291740160546	-0,000291740160546	6,70723055981e-06	-0,000706746067332	-0,000554345877151	0	-0,00231057756942	-0,00504480150182	-0,00225899361961	-0,000553477243756	-0,00225899361961	0,0127111002448	-0,00347712380273	-0,00389446834123
74700	-0,000929676645514	-0,00101644110253	0	-0,000883761765196	-0,000883761765196	-0,000666954151666	-0,00119441762687	-0,00101644110253	0	-0,0013078106767	-0,0102743714242	-0,00122580963198	-0,00376395060123	-0,00122580963198	-0,0326547414009	0,00131558342958	0,000373138053453
75600	-0,00321696787414	-0,0035235750421	0	-0,00305845227221	-0,00305845227221	-0,00241849069289	-0,00405401159907	-0,0035235750421	0	-0,00776876929293	0,00663579360135	-0,00345646057704	-0,00215492365275	-0,00345646057704	-0,0295286459285	-0,0036765831032	-0,005134694132
76500	4,18867442637e-05	0,000256906449932	0	-7,15029840706e-05	-7,15029840706e-05	0,000187899549985	-0,000491685837001	0,000256906449932	0	0,000469088789973	8,11106395874e-05	0,000594977109659	-0,0005116091408	0,000594977109659	0,00949908014808	0,00188538512848	0,000614563001348
77400	-0,00263946936942	-0,00226855758527	0	-0,00284106017051	-0,00284106017051	-0,00363220910247	-0,00168265979598	-0,00226855758527	0	0,00212604595867	-0,00889482331425	-0,00175154102631	-0,000495482406493	-0,00175154102631	0,000980571340295	-0,00312797486305	-0,00293841534358
78300	0,00123438606437	0,00108000929395	0	0,00131704407432	0,00131704407432	0,0018854471835	0,000401220187701	0,00108000929395	0	0,000795496099481	0,00560782148264	0,00185652225413	0,00130384941162	0,00185652225413	-0,000607142846567	0,00131272582441	0,00258498476312
79200	-0,00217090794647	-0,00196937166683	0	-0,00228060919082	-0,00228060919082	-0,00280355555488	-0,00149467576844	-0,00196937166683	0	-0,00164033031512	-0,0013251171555	-0,00223059015316	-0,000610358371031	-0,00223059015316	0,00529730646082	-0,00289825392972	-0,00238258918824
80100	-0,00067719173453	-0,000575256863991	0	-0,000733145774556	-0,000733145774556	-0,00068253062571	-0,000809774677805	-0,000575256863991	0	-0,000162319515916	-0,00129079198	-0,000272755824961	-0,00118660414502	-0,000272755824961	-0,0106919642617	0,000890084642208	-0,000847399068728
81000	-0,00140184592915	-0,00152396206978	0	-0,00133550014621	-0,00133550014621	-0,00135172206636	-0,00131099407281	-0,00152396206978	0	-0,00254980694285	-0,00156266784954	-0,00200116015403	-0,00163110306086	-0,00200116015403	-0,018171788967	-0,00393338919761	0,000267547881198
81900	0,000798465230028	0,000798780946707	0	0,00079829097166	0,00079829097166	0,000773197778301	0,000836044568688	0,000798780946707	0	-0,00032267210669	0,00248641952606	0,000666559054314	0,000877789708841	0,000666559054314	0,0102653568548	0,000808127096648	-0,000314496302868
82800	-0,00365051322466	-0,00349681385829	0	-0,00373498731462	-0,00373498731462	-0,00437974382576	-0,0028360478718	-0,00349681385829	0	-0,00218681965935	-0,00269747180156	-0,00281992442543	-0,00309733988415	-0,00281992442543	-0,06682222638	-0,00242087589843	-0,00193747460965
83700	-0,000686763505179	-0,000848442533082	0	-0,000599152759969	-0,000599152759969	-0,000391446591133	-0,000897328897455	-0,000848442533082	0	-0,00224521309601	-0,00543369160743	-0,00170580269088	-0,00285017155338	-0,00170580269088	0,00361767864167	-0,00129403683556	-0,00226332369796
84600	-0,000376980704817	-0,000381537057996	0	-0,000374511711516	-0,000374511711516	-0,000140515609286	-0,000722052089441	-0,000381537057996	0	0,00087508268067	-2,71638253097e-05	-9,26966626147e-05	0,000645373248211	-9,26966626147e-05	-0,00298596092312	0,00107558580526	-0,00134820229496
85500	-0,00197441138558	-0,00208735266272	0	-0,00191379800355	-0,00191379800355	-0,00232120326802	-0,00133997000344	-0,00208735266272	0	-0,00234997474228	-0,00822010352075	-0,00267063380396	-0,00354743960816	-0,00267063380396	-0,00383780947674	-0,00250496972219	-0,00283364356147
86400	-0,00515896954538	-0,00591603135725	0	-0,00477325202928	-0,00477325202928	-0,00465271824565	-0,00494534816546	-0,00591603135725	0	-0,00669847955477	-0,0132523127774	-0,00703788649161	-0,00653718601261	-0,00703788649161	0,00932300506431	-0,00819888717227	-0,00706579066333
87300	-0,000883843178884	-0,000496711958384	0	-0,00108786901791	-0,00108786901791	-0,00116345906767	-0,000981043244153	-0,000496711958384	0	0,000591441808753	0,00815217001931	0,001454817113	0,00107985726249	0,001454817113	0,00488570868506	0,00145665405619	0,00108894786722
88200	-6,34618792259e-06	-0,000194057797998	0	9,09103450925e-05	9,09103450925e-05	0,000662297795717	-0,000789850178393	-0,000194057797998	0	-0,00252195003753	-0,00174930185394	-0,00118676412097	-0,00128878494056	-0,00118676412097	-0,0227224362979	-0,00125775493159	-0,000137210024489
89100	-0,00271772207398	-0,00278231003825	0	-0,00268442163569	-0,00268442163569	-0,00314417919993	-0,00201608527145	-0,00278231003825	0	-0,000913583594298	-0,0214885227233	-0,00389889247195	-0,00323714915478	-0,00389889247195	0,00435231643117	-0,00389722681337	-0,004543591532
90000	-0,00221393134163	-0,00223650858727	0	-0,00220231029261	-0,00220231029261	-0,00263284643915	-0,00160963410652	-0,00223650858727	0	-0,00221005507923	-0,0181523018399	-0,00312514073359	-0,00274369422268	-0,00312514073359	-0,0102304028308	-0,0036206901896	-0,00223061265658
90900	0,00076793281414	0,00113327275811	0	0,000573157632655	0,000573157632655	0,000586269067461	0,000555073143477	0,00113327275811	0	0,001824684519	0,0109490873185	0,00266612554965	0,00240531175265	0,00266612554965	0,00441219796442	0,00118024537171	0,00382320595588
91800	-0,00306581045625	-0,00313342540018	0	-0,00302994687273	-0,00302994687273	-0,00378934668127	-0,00207053827479	-0,00313342540018	0	-0,00251050016733	-0,00285144584972	-0,00286184987294	-0,00285503069508	-0,00286184987294	0,00642622865131	-0,00195033781096	-0,0048752228104
92700	0,00159744339315	0,00165411075341	0	0,00156721427429	0,00156721427429	0,00200722020148	0,000972067454789	0,00165411075341	0	0,000482773052249	0,0054729637951	0,00215992483416	0,00104798723925	0,00215992483416	-0,0128067222044	0,00351869661636	0,00322087458742
93600	0,000413831673581	0,000562931680757	0	0,00033316420874	0,00033316420874	0,00106909177796	-0,000780263818759	0,000562931680757	0	0,000733493391521	-0,000806468903294	0,000432626634322	0,00037964656306	0,000432626634322	0,0022098154455	0,00122857193284	-0,000329717411235
94500	-0,000911797864544	-0,0011349770474	0	-0,000793368066599	-0,000793368066599	-0,000913560960789	-0,000614613040146	-0,0011349770474	0	-0,00115704475355	-0,00982647373419	-0,00257764157085	-0,000807629509023	-0,00257764157085	-0,00380749408571	-0,00461422751483	-0,00297193632897
95400	-0,000758021328351	-0,00069088276986	0	-0,000793858343107	-0,000793858343107	-0,00116519857631	-0,000269334938427	-0,00069088276986	0	-0,000176545310299	0,000513187174794	-0,000495252130562	-3,73605889678e-05	-0,000495252130562	0,00877212091371	-0,00278173011306	0,000270607841524
96300	-0,00171914197342	-0,00158604192015	0	-0,00179098524929	-0,00179098524929	-0,00265608604776	-0,00069315349357	-0,00158604192015	0	-0,000533237165921	-0,000648191974015	-0,000966787057198	-0,00130671923557	-0,000966787057198	0,00327398018341	-0,00146205500662	-0,00127907782667
97200	0,000901193857875	0,000863597011144	0	0,00092141281159	0,00092141281159	0,00145678433262	0,00018521618006	0,000863597011144	0	-0,000397172013151	0,00436028883497	0,00115636675361	0,000311834729037	0,00115636675361	-0,229999081264	0,00387388560835	0,000865377875331
98100	0,000536264821296	0,000559695513184	0	0,000523634711314	0,000523634711314	0,00125618280511	-0,000605386961019	0,000559695513184	0	0,000233877956675	0,00237498982518	0,000884197917324	0,000364154851363	0,000884197917324	0,0129915089308	0,00187136055443	0,000702817830606
99000	0,000255149527485	0,00019974538823	0	0,000284858474283	0,000284858474283	-4,11310521083e-05	0,00076309743416	0,00019974538823	0	-0,00018667508254	-0,00529309522625	-0,000913149651988	2,20231033489e-05	-0,000913149651988	-0,0327129580239	-0,0026962689237	-0,000253360615276
99900	0,000192358872015	5,19989871888e-05	0	0,000266651181439	0,000266651181439	-0,000157416209467	0,000851467489422	5,19989871888e-05	0	0,000557148121797	-0,00374858616359	-0,000391930415075	0,0003919557268	-0,000391930415075	0,0142518321846	-0,0016879874175	-0,000921149872084
100800	-0,00300416613222	-0,00307315530955	0	-0,00296784120799	-0,00296784120799	-0,00314098796086	-0,00273396580589	-0,00307315530955	0	-0,00227324531715	0,0015517742137	-0,00212537174113	-0,00225001421786	-0,00212537174113	0,00519583344828	-0,00365796140456	-0,00222255068531
101700	0,00180781528662	0,0020049417497	0	0,00170188573948	0,00170188573948	0,00189751681711	0,00142926305986	0,0020049417497	0	0,00102225424306	0,00418464289581	0,00217756886252	0,00154862783165	0,00217756886252	-0,0330191494426	0,00377326824657	0,00261322159816
102600	0,000900811867758	0,00092466427415	0	0,000887963608204	0,000887963608204	0,00142005985096	8,13530251874e-05	0,00092466427415	0	0,000621634825902	-0,00117373221219	0,000475294592485	0,000640151771108	0,000475294592485	0,000351429548772	0,00126520706666	-0,000355291831236
103500	-0,00100396193792	-0,000998154513007	0	-0,00100709019641	-0,00100709019641	-0,00111310977127	-0,000848763020446	-0,000998154513007	0	-0,000460850212941	0,000748770517399	-0,000422608582914	-0,000847020111497	-0,000422608582914	-0,0421943572654	0,000965896226334	-0,000745841823863
104400	0,00314661323945	0,00297047058337	0	0,00323966434812	0,00323966434812	0,00245440951163	0,0042631021364	0,00297047058337	0	0,0031724499528	-0,0309311275026	0,0010843938217	0,0021434881726	0,0010843938217	0,0149066657265	-0,00241694057736	0,0017676028409
105300	-0,00039451880995	-0,000603498881984	0	-0,000286144388343	-0,000286144388343	-2,28727658715e-05	-0,000642000621688	-0,000603498881984	0	-0,000193229565015	0,00672222086041	0,000466858632978	-0,000652878559368	0,000466858632978	-0,00721868066499	0,000618594373424	0,0010644188317
106200	0,000390157105884	0,000541002492628	0	0,000310813803461	0,000310813803461	0,00124352975011	-0,00114516863542	0,000541002492628	0	-0,000106154759069	0,0093379339455	0,00163092704756	0,0020948741498	0,00163092704756	0,00527911856427	0,00244138914322	0,00029814205011
107100	0,00292003100676	0,00335717337556	0	0,00267836848203	0,00267836848203	0,00264316261139	0,0027329717185	0,00335717337556	0	0,00425443873192	0,00418817280028	0,00382161220016	0,00382456118274	0,00382161220016	0,00544161311583	0,00376647912401	0,00362076691792
108000	0,00407162626411	0,00368759450489	0	0,00427431998017	0,00427431998017	0,00396380975479	0,00472698885779	0,00368759450489	0	0,000828658707038	-0,00538528581343	0,00177664439273	0,00136857407245	0,00177664439273	-0,00593059719127	0,0018573415757	0,0024678898556
108900	0,000443619758672	0,000520184453476	0	0,000402912563184	0,000402912563184	8,61666006656e-06	0,000945403968365	0,000520184453476	0	0,00256853275603	0,00385916091958	0,00162906094396	0,00192579238182	0,00162906094396	0,00611769278544	0,00123671304569	0,00136477515058
109800	0,00252212212323	0,0023744790662	0	0,00259937637725	0,00259937637725	0,00262195789431	0,00256818620739	0,0023744790662	0	0,00175475958008	-0,00426821777783	0,00168725056128	0,00100143804042	0,00168725056128	-0,0014339107113	0,00260781263466	0,00106892843026
110700	0,000759788499669	0,000463509007953	0	0,00091054928438	0,00091054928438	0,00146596242985	7,31716819501e-05	0,000463509007953	0	-0,000865727433737	0,000606384623723	3,45332521274e-05	-4,91640779454e-05	3,45332521274e-05	-0,025074102481	0,000352058981552	0,000885887104352
111600	0,00142493786243	0,00190737233048	0	0,00116713279966	0,00116713279966	0,00136962514331	0,00085150038212	0,00190737233048	0	0,0031542328914	0,00726954925078	0,00325482096814	0,00278512039339	0,00325482096814	-0,0259951180115	0,00464103136915	0,00239852900865
112500	-0,000223950478887	-3,36153715598e-05	0	-0,00032744958934	-0,00032744958934	-0,00073198078584	0,000266904619478	-3,36153715598e-05	0	0,00144142082767	0,00121569375912	8,61682383481e-05	0,0021509890419	8,61682383481e-05	0,0138186543367	-0,0013658645998	-2,50634350107e-05
113400	0,00188686043202	0,00168273463575	0	0,00199553608593	0,00199553608593	0,00136346099381	0,00283490976321	0,00168273463575	0	0,00183459222876	-0,000321438296871	0,00180547690689	0,000610229624469	0,00180547690689	-0,0111389261668	0,000202333109848	0,00381697930017
114300	0,000174182346523	0,000347873811376	0	8,01870194183e-05	8,01870194183e-05	0,0010602967231	-0,00142897075742	0,000347873811376	0	-0,000223746751476	0,00487752527622	0,0011360561727	0,000493555954317	0,0011360561727	-0,0419347838519	0,00394607663556	-0,00202755482322
115200	0,00313544516259	0,0031038022451	0	0,00315255729526	0,00315255729526	0,00244440521518	0,00411490312832	0,0031038022451	0	0,00402989923178	-0,00449862713498	0,00272201229726	0,00209557836543	0,00272201229726	0,0145171186012	0,00213446617904	0,00460753381105
116100	0,00072090272997	0,000742256546123	0	0,000709364696525	0,000709364696525	0,001761405127	-0,000983566408549	0,000742256546123	0	-0,00227077610045	0,0043312060493	-0,000399454565814	0,001948940114	-0,000399454565814	0,00897900140899	-0,00557497720415	-0,000215659236593
117000	0,00159653967589	0,00143068925071	0	0,00168465929443	0,00168465929443	0,000481328836362	0,00328555220529	0,00143068925071	0	0,00391164826553	0,0022265901977	0,00267090239316	0,00203753664181	0,00267090239316	-0,0190559184632	0,00392994389257	0,00293589105863
117900	-0,00663763088565	-0,00606339371228	0	-0,0069547880266	-0,0069547880266	-0,0059013674896	-0,00851882006754	-0,00606339371228	0	-0,00622197322445	-0,00233752109262	-0,00581357834842	-0,00456854122862	-0,00581357834842	0,00745705201018	-0,00533384696864	-0,00867928521357
118800	0,00301565866885	0,00312189110084	0	0,00303001960898	0,00303001960898	0,00267927060869	0,00368661592735	0,00312189110084	0	0,00252891121437	0,00431690728461	0,00388786554881	0,00128035479074	0,00388786554881	-0,0120848148481	0,00533414727045	0,00542896800436
119700	-0,0213963079022	-0,0196550381113	0	-0,0184846447671	-0,0184846447671	-0,0118551837851	-0,021628019387	-0,0196550381113	0	-0,0176156268731	-0,0250565570597	-0,0144541515407	-0,0271232828917	-0,0144541515407	0,00517608293506	-0,0116298887337	-0,0091565489295
120600	0,0105445500343	0,00919000289375	0	0,00957456955634	0,00957456955634	0,0079111066586	0,00647116248432	0,00919000289375	0	0,00813374436461	0,00990657884885	0,00430909844848	0,0114658806302	0,00430909844848	-0,0362196774735	-0,00360453718335	-0,00385347743159
121500	-0,0188507874048	-0,0129529298701	0	-0,0157515648031	-0,0157515648031	-0,0165490499856	-0,00168551698637	-0,0129529298701	0	-0,00728300521028	-0,307751163873	-0,0068565538778	-0,0208905691687	-0,0068565538778	0,0101237969182	0,0014735763464	-0,0039616921729
122400	0,00780599693916	0,00589852957956	0	0,00662182415971	0,00662182415971	0,00534154950368	0,000762671176865	0,00589852957956	0	0,00657091436115	0,0161492410758	0,00637549499055	0,00974602631062	0,00637549499055	0,00475159817231	0,000723400423157	0,00738663382235
123300	0,00432266295007	0,00406468092524	0	0,00504856988745	0,00504856988745	0,00584888711824	0,00587319560888	0,00406468092524	0	-0,00150400246306	-0,014614681889	-0,00183655452607	0,000467499409054	-0,00183655452607	0,0027035289246	-0,00151309629089	-0,0148647072946
124200	-7,51738795177e-05	0,00034729382945	0	-0,000472956575406	-0,000472956575406	-0,00192905292551	0,000893874367972	0,00034729382945	0	0,00299580454859	0,00302938904457	0,00234112451048	0,00107353199415	0,00234112451048	-0,0729110476795	0,00322631061827	0,00627719030539
125100	0,00540564660556	0,00545123497753	0	0,00569296160269	0,00569296160269	0,00656608808299	0,00531422258977	0,00545123497753	0	0,00431287255844	0,00568927885767	0,00580274506716	0,00466537736732	0,00580274506716	0,010306549268	0,00544440847996	0,00763676357067
126000	-0,00230551245576	-0,00221903913008	0	-0,00235439191582	-0,00235439191582	-0,00221150887272	-0,00262129313825	-0,00221903913008	0	-0,00187328731405	-0,000440652080587	-0,000664155525739	-0,00399636334035	-0,000664155525739	0,0121820172502	0,00344653249752	-0,00174893240501
126900	0,000422623839772	0,000109210624602	0	0,000411041583228	0,000411041583228	8,77087251558e-05	0,000431555417061	0,000109210624602	0	0,000329856412056	-0,00121486780358	0,000317693986968	-0,00195897435259	0,000317693986968	-3,34544409334e-05	0,00136331109205	-0,00192974605855
127800	-0,00292714690884	-0,00264681442363	0	-0,00299268476479	-0,00299268476479	-0,00240176447815	-0,00379866578382	-0,00264681442363	0	-0,00353888716419	0,000543354941625	-0,00284084514876	-0,000283615550199	-0,00284084514876	-0,00706689026981	-0,0060682881442	-3,26319703819e-05
128700	0,00363639019305	0,00400928331814	0	0,0035259122217	0,0035259122217	0,00305762095785	0,00444152901421	0,00400928331814	0	0,00532846758653	0,000769074432157	0,0042325780741	0,00352052642802	0,0042325780741	0,00618493090806	0,00496998030202	0,00434478447504
129600	-0,00073018344569	-0,000657616843445	0	-0,000721859752752	-0,000721859752752	-0,000981887994732	-0,000209555172965	-0,000657616843445	0	0,000419200547175	0,00124488463939	-0,000184404990509	0,00116447448095	-0,000184404990509	-0,0202652625976	-0,000714663012948	-0,00128298900098
130500	-0,0035621229256	-0,00361237406653	0	-0,00391074747038	-0,00391074747038	-0,00286331550857	-0,00715337514797	-0,00361237406653	0	-0,00330182852222	-0,00295695823711	-0,00296542557908	-0,00551155123962	-0,00296542557908	0,00837926268777	-0,00164516051839	-0,0027122353025
131400	0,000489231524831	6,64747534199e-05	0	0,000663509811	0,000663509811	0,00066497155604	0,000610349422329	6,64747534199e-05	0	-0,000715776577307	0,0014414464269	-0,000574601470592	0,00124240095909	-0,000574601470592	-0,0962526478748	-0,0018003955403	-0,0038804650739
132300	-0,000144879900516	-0,000177732287214	0	-4,12519783045e-05	-4,12519783045e-05	-0,000512007844003	0,00103406247487	-0,000177732287214	0	-0,000100877877845	-0,00268099422887	-0,00087212046568	-3,23120722829e-05	-0,00087212046568	0,00816182786204	-0,00010254769419	-0,00115508457593
133200	-0,00148877166369	-0,00160516549065	0	-0,00142482402159	-0,00142482402159	-0,00136827294565	-0,00147351422552	-0,00160516549065	0	-0,00385531022007	0,00166124757185	-0,00241296063391	-4,12542797656e-05	-0,00241296063391	-0,0034836264856	-0,00687776163806	-0,00137341304645
134100	-0,0111378492523	-0,0124035286552	0	-0,0112430666425	-0,0112430666425	-0,0116858951696	-0,0128241918401	-0,0124035286552	0	-0,015360319086	-0,0116495663408	-0,0113585979323	-0,0215845501926	-0,0113585979323	0,0104779608112	-0,00985281821685	-0,00528764739336
135000	0,00558933873121	0,00600314920106	0	0,0056965538725	0,0056965538725	0,00584303372702	0,0064336517317	0,00600314920106	0	0,0067365953099	0,00400339176898	0,00615132034793	0,00630359277723	0,00615132034793	0,00400798230739	0,0069290527297	0,00612656975309
135900	0,0027090269409	0,0029027236671	0	0,002689618626	0,002689618626	0,00294510079688	0,00249108527796	0,0029027236671	0	0,00330097797452	0,000705855000544	0,00225626905789	0,00372848627293	0,00225626905789	-0,00137582521091	0,00181143772943	0,00203550399973
136800	-0,00814182051559	-0,00781572849696	0	-0,00858402190776	-0,00858402190776	-0,0073882502418	-0,01213636959	-0,00781572849696	0	-0,00657576454854	-0,00386813637209	-0,00614168315083	-0,00781258564157	-0,00614168315083	0,00299978753355	-0,00239656619904	-0,00742478763747
137700	0,00766954080208	0,00781456050798	0	0,0078015228204	0,0078015228204	0,00756763082297	0,0088773570613	0,00781456050798	0	0,00790909224149	0,00806084480951	0,00787365312967	0,0086623089607	0,00787365312967	-0,00567393283977	0,0070465092223	0,00765787455508
138600	0,00333123955506	0,00326333526674	0	0,00337192124425	0,00337192124425	0,00302640084211	0,00395341610305	0,00326333526674	0	0,00361313189381	0,00156898653596	0,00305668553187	0,00301603326477	0,00305668553187	0,00498743138319	0,00272514366137	0,00362030745673
139500	-0,0269056759127	-0,0285795139873	0	-0,028013653968	-0,028013653968	-0,0297869817954	-0,031801101013	-0,0285795139873	0	-0,0263032727573	-0,0149667338592	-0,0245047484755	-0,0293199872894	-0,0245047484755	-0,0153322048321	-0,0246198138333	-0,0273727283332
140400	-0,0186325685648	-0,019994356746	0	-0,0207209977884	-0,0207209977884	-0,0191471546861	-0,0411125533048	-0,019994356746	0	-0,0135088964776	-0,0154512076075	-0,0209446564852	-0,013344110986	-0,0209446564852	-0,0372670010799	-0,0182460514026	-0,049622884405
141300	-0,025021902761	-0,0123829926295	0	-0,0175636483724	-0,0175636483724	-0,0139625967517	0,00387117293186	-0,0123829926295	0	-0,0167324076209	-0,0847648864335	-0,0144205414261	-0,0211129275913	-0,0144205414261	0,00633681420214	-0,0243041504425	0,00491204617031
142200	-0,0638195815241	-0,0214888068869	0	-0,0410928725153	-0,0410928725153	-0,0232256334644	-0,0151654831387	-0,0214888068869	0	-0,0168970207802	0,00618671346748	-0,00792096059174	-0,169132757462	-0,00792096059174	-0,0182911067141	0,00665077283052	-0,00687759046091
143100	0,0138185807598	0,0106475465346	0	0,0127338512326	0,0127338512326	0,011227120422	0,00922808796658	0,0106475465346	0	0,00956228910345	0,00660038254337	0,00614687392172	0,0151837850069	0,00614687392172	-0,137503605602	0,00317921081573	0,00276918492347
144000	0,011768759777	0,0109478280629	0	0,0113406737432	0,0113406737432	0,0109697157622	0,00968020476649	0,0109478280629	0	0,0107415152157	0,0100537293821	0,012383302764	0,0117802192768	0,012383302764	0,0159591143172	0,0115555483418	0,0119272672705
144900	-0,00056199965178	-0,000522280438342	0	-0,000584267772796	-0,000584267772796	-0,000923533775578	-9,91346351244e-05	-0,000522280438342	0	-0,0004722137967	-0,000102732633819	-0,00118946641446	0,00143228537043	-0,00118946641446	0,00621372451422	-0,00358082900038	-0,00481183912316
145800	-0,00203913411474	-0,00228848437718	0	-0,00190216873539	-0,00190216873539	-0,00174208441705	-0,00213597630167	-0,00228848437718	0	-0,00321258841131	-0,00305670135364	-0,00272784862948	-0,00282432122615	-0,00272784862948	-0,00406222823072	-0,00270452496738	-0,00245443091681
146700	0,00398125586668	0,00403476700326	0	0,00395165884533	0,00395165884533	0,00400789566927	0,00386861405835	0,00403476700326	0	0,00320536904447	0,00273183355946	0,00392531510109	0,00244542358252	0,00392531510109	-0,0877122471473	0,00414478165214	0,00633188570841
147600	-2,41071538737e-05	-0,00021383555638	0	7,89695738028e-05	7,89695738028e-05	-0,000462967820274	0,000819298811674	-0,00021383555638	0	0,000657627911788	-0,0102170464252	-0,00122453433892	-0,000128899574656	-0,00122453433892	0,0123889717816	-0,00275769126087	-0,00169729747458
148500	0,00239470920377	0,00214372260378	0	0,00252751846637	0,00252751846637	0,00229568573317	0,00283241299914	0,00214372260378	0	0,00174765589963	-0,00359643808733	0,0017696298699	0,000906316057944	0,0017696298699	-0,0616435289716	0,00115517886598	0,00382270120553
149400	0,00281279093361	0,0020219249287	0	0,00319752174527	0,00319752174527	0,00463090520628	0,000696322680667	0,0020219249287	0	-0,0013729619246	0,0027963213493	0,000639646241498	0,00162640192714	0,000639646241498	0,00426357680909	0,00174794939487	-0,00123122027259
150300	-0,00258733184754	-0,0020672099594	0	-0,00285093954555	-0,00285093954555	-0,00320818984676	-0,00225737444917	-0,0020672099594	0	-0,000884010635101	0,00519988554229	-0,00111848737695	0,000329859362107	-0,00111848737695	0,0126354701727	-0,00205660570806	-0,00155429330374
151200	0,00239607032435	0,00212903706612	0	0,0025276965694	0,0025276965694	0,00304018502354	0,00158529281662	0,00212903706612	0	0,00150256708592	0,00585954568888	0,0026203078764	0,00249150146228	0,0026203078764	0,00247058103743	0,00276268465439	0,00248106052739
152100	-0,000134146712134	9,01310527577e-05	0	-0,000246945895877	-0,000246945895877	-0,000606833689832	0,000377145234679	9,01310527577e-05	0	-0,00128174840614	-0,00255005705603	-0,000662192794215	-0,000967266725892	-0,000662192794215	0,0022237807186	-0,00131399311076	-0,00034603220015
153000	0,000135317413056	0,000889335925244	0	-0,000271821738587	-0,000271821738587	-0,00199198321768	0,0020628983921	0,000889335925244	0	0,00433190220137	0,00329695227904	0,00276343887942	0,00186095615192	0,00276343887942	-0,154789094822	0,00402324532186	0,00290622266326
153900	0,00121178772324	0,00130242648968	0	0,0011624004609	0,0011624004609	0,00149906409411	0,000680806666449	0,00130242648968	0	0,0014796477858	0,00250430333231	0,00167472005769	0,00132817081571	0,00167472005769	-0,000159114673986	0,00153284545791	0,00184627387726
154800	0,000414810013283	0,000613426213539	0	0,000304505416473	0,000304505416473	0,000357934324689	0,000227464488451	0,000613426213539	0	0,00185096259705	0,00185031499727	0,00132054154334	0,00122412061499	0,00132054154334	0,0126006006463	0,00130922390182	0,00194309620775
155700	-0,000273447300163	-0,000393898291117	0	-0,000207284678541	-0,000207284678541	-0,000335647227062	-2,55699861461e-05	-0,000393898291117	0	-0,000944589748273	0,000217308500405	-0,000370144949245	-0,000745960550496	-0,000370144949245	0,0039296569623	-0,000274093555893	-0,000291174946273
156600	-0,00120616034365	-0,000979524449449	0	-0,00133314404752	-0,00133314404752	-0,00134113238521	-0,00132184757602	-0,000979524449449	0	0,000421800840863	-0,00257300049202	-0,000633930729893	-0,000978587304582	-0,000633930729893	0,00954251411144	0,000960178985486	-0,00148746655921
157500	0,00135298089222	0,00083879632142	0	0,00162673565986	0,00162673565986	0,00212385234165	0,000862794788468	0,00083879632142	0	-0,00472349765609	-0,00410396360208	-0,00207023997556	-0,000903301259163	-0,00207023997556	-0,102150826255	-0,00250088960257	-0,00332059450366
158400	-0,000989471412074	-0,00103876651788	0	-0,000963338229699	-0,000963338229699	-0,00126637554292	-0,000517104870585	-0,00103876651788	0	-0,000418702680957	-0,00548413148127	-0,00165588445434	-0,000718543046909	-0,00165588445434	0,0143463560901	-0,00485983962328	-0,00113742559406
159300	-0,000672364248296	-0,000797852659911	0	-0,000606566785806	-0,000606566785806	-0,000498133313011	-0,000768756399878	-0,000797852659911	0	-0,00221665477518	0,0026176836665	-0,000241893223942	-0,00200674379301	-0,000241893223942	-0,0380274891715	0,00160348909779	0,000590609150242
160200	-0,00386631048061	-0,00376991761863	0	-0,00391721653462	-0,00391721653462	-0,00550403785648	-0,00192669814523	-0,00376991761863	0	0,000394697888275	-0,0053298079338	-0,00270583655743	-0,00170576032762	-0,00270583655743	-0,0255585221673	-0,00285360287289	-0,00373809248516
161100	0,000281108355745	0,000541756957916	0	0,000140027796053	0,000140027796053	0,000975996262406	-0,00104358979909	0,000541756957916	0	0,00061164851189	0,00275092518341	0,00091604454963	0,000881539319514	0,00091604454963	0,00404977971654	0,00130476876593	0,00113916130126
162000	-0,00117865239613	-0,00109799398933	0	-0,00122269384592	-0,00122269384592	-0,00103527153608	-0,00149498034561	-0,00109799398933	0	-0,000659502578951	-0,00181154516245	-0,00141797153798	-0,000127471472244	-0,00141797153798	0,00988286968591	-0,00203060608004	-0,00235984273157
162900	0,000501816024405	0,000558376223047	0	0,000470889600099	0,000470889600099	6,7950146355e-05	0,00102257644522	0,000558376223047	0	0,000523843677658	0,00102475747941	0,000591439567587	0,000674412690701	0,000591439567587	0,00280346326441	0,000583799215851	0,000425722417212
163800	-0,00034252113496	-0,000606127680972	0	-0,000201442256694	-0,000201442256694	-0,000324145195481	-3,62970026199e-05	-0,000606127680972	0	-0,00117807943602	0,000631451901596	-0,000427801023433	-0,00106561338067	-0,000427801023433	-0,0314474931636	-0,000266540443829	0,000220668354372
164700	-0,00184297786769	-0,00203593225256	0	-0,00174140901289	-0,00174140901289	-0,0013128788678	-0,00235151200269	-0,00203593225256	0	-0,00340873629863	-0,00317430815666	-0,00285762848181	-0,0022993013551	-0,00285762848181	-0,293457568787	-0,00267348412639	-0,00252179004372
165600	-0,000373505717456	-0,000378830973405	0	-0,000370700477645	-0,000370700477645	-0,00030152510498	-0,000470159720811	-0,000378830973405	0	-0,00084082684742	-0,00292828654164	-0,000541986466023	-0,00183697726588	-0,000541986466023	0,016166032702	0,000392077319562	-0,00074050090793
166500	8,08740491469e-05	0,000215278025745	0	9,22251681593e-06	9,22251681593e-06	-6,76513862767e-05	0,000118521558308	0,000215278025745	0	0,000679739004907	-0,000888163649289	0,000198221078078	0,0003291644868	0,000198221078078	-0,124333940788	-0,00284946535599	0,00210229354012
167400	-0,00144994948353	-0,00147023960797	0	-0,00143914574753	-0,00143914574753	-0,00192922014402	-0,000785222969929	-0,00147023960797	0	-0,000781559251726	-0,000415029342577	-0,00096365105271	-0,00136112154137	-0,00096365105271	0,0102594942037	9,19011635448e-05	-0,00229249415534
168300	-0,00164770211683	-0,00164057399011	0	-0,00165149209536	-0,00165149209536	-0,00195553105943	-0,00126093372779	-0,00164057399011	0	-0,00219460731479	-0,00183153853764	-0,00171294959599	-0,00227866904744	-0,00171294959599	-0,0240597787434	-0,00348758537315	0,000256443456393
169200	0,000659942982543	0,000502711376672	0	0,000742426091186	0,000742426091186	0,00088111237395	0,000560657837185	0,000502711376672	0	0,000344199279411	-0,00440218418309	-0,000158444121709	6,98754755383e-05	-0,000158444121709	0,0132859208454	0,00139482588983	-0,00123430277708
170100	-0,000111422146499	-0,000153121791329	0	-8,96283247235e-05	-8,96283247235e-05	0,00042754771048	-0,000819511106683	-0,000153121791329	0	0,000303989755501	0,000743265106731	-0,000215608175531	0,000953203520099	-0,000215608175531	0,00714256558559	-0,00140487093272	-0,000882535290462
171000	-0,00296623334292	-0,00260595647578	0	-0,0031599269234	-0,0031599269234	-0,0023958317841	-0,00434875458894	-0,00260595647578	0	-0,00161752244387	0,00108983135692	-0,00204083249309	-0,00101846335254	-0,00204083249309	-0,00758336766475	-0,00200581807632	-0,00178036637441
171900	3,71344394325e-05	0,000246243905589	0	-7,75103916292e-05	-7,75103916292e-05	-0,000514615109099	0,000560030334744	0,000246243905589	0	0,0007303103171	2,42726392776e-05	0,000483243307933	0,000207371976819	0,000483243307933	0,00653766732139	7,37419276e-05	0,000359081252384
172800	-0,000240352468991	-0,000305973350919	0	-0,000204589892852	-0,000204589892852	-0,000342323893192	-7,65006649147e-06	-0,000305973350919	0	0,00061602431614	0,000911032463836	8,0024314654e-05	0,00055501644787	8,0024314654e-05	0,00108815267016	0,00113625369698	-0,0011879338323
173700	-0,00257804463618	-0,00266277476791	0	-0,0025321734111	-0,0025321734111	-0,00208204014146	-0,00321467803405	-0,00266277476791	0	-0,00403210596075	0,0010012377795	-0,00193499427441	-0,00411002259294	-0,00193499427441	-0,0617675927457	-0,00109789204062	-0,00152202151528
174600	0,00140241052574	0,00140494901097	0	0,00140103270176	0,00140103270176	0,00200157148824	0,000390438230858	0,00140494901097	0	0,000788905068138	0,0023496651544	0,000836898774365	0,00256876296552	0,000836898774365	0,0144377325456	-0,000497687615065	-9,38616559205e-06
175500	-0,00393662173811	-0,00381524001281	0	-0,00400293370531	-0,00400293370531	-0,00462365350956	-0,00303625694105	-0,00381524001281	0	-0,00404132335099	-0,00936419879593	-0,00463943209748	-0,00491498934117	-0,00463943209748	0,00448921359055	-0,00582954703538	-0,00622798966687
176400	-0,00249576071948	-0,00307536490211	0	-0,00219321345311	-0,00219321345311	-0,00215194159816	-0,00225784756574	-0,00307536490211	0	-0,00370088588682	-0,00571420957838	-0,00400044669281	-0,00289753846712	-0,00400044669281	-0,00991433214152	-0,0050395391243	-0,00170646260161
177300	-0,000188325467845	0,000480777259688	0	-0,000560042338491	-0,000560042338491	-0,00142943189574	0,000645402459519	0,000480777259688	0	0,00236060350224	0,00399291457165	0,00102792765323	0,00312515466046	0,00102792765323	0,00763856355276	0,000287446842676	-0,00108713321012
178200	-0,00134458166187	-0,00157906095654	0	-0,00121690079755	-0,00121690079755	-0,0013520697168	-0,00103280344437	-0,00157906095654	0	-0,00196691011043	-0,00309357635428	-0,000682495471652	-0,0049907119059	-0,000682495471652	-0,0670898183842	0,0030386417614	0,000365250084952
179100	0,0022886251148	0,00230099016752	0	0,0022818792385	0,0022818792385	0,00330636270427	0,000604368008924	0,00230099016752	0	0,000581491410153	0,0048332900438	0,00206814782509	0,00244978045222	0,00206814782509	0,00439133829365	0,001596044145	0,0023893075824
180000	-0,00321281959295	-0,00324895784985	0	-0,00319316429107	-0,00319316429107	-0,00376466941518	-0,00232338157591	-0,00324895784985	0	-0,00278144375245	-0,00823420117508	-0,00315203298977	-0,00562350797587	-0,00315203298977	-0,314266172221	-0,00315905374941	-0,00127196684326
180900	-0,00296826329963	-0,00340971945731	0	-0,00273628322882	-0,00273628322882	-0,00315121154495	-0,00213711099285	-0,00340971945731	0	-0,0043044440486	-0,0190511897225	-0,00569363228943	-0,00396036833019	-0,00569363228943	0,0156785177257	-0,00864908564685	-0,00576307757888
181800	-0,000501411842116	-0,000577897298781	0	-0,000461491081194	-0,000461491081194	-0,000341618991505	-0,000637602477575	-0,000577897298781	0	-0,00159574737044	0,00554139844082	0,000227733376179	-0,000855307441723	0,000227733376179	-0,00605937738305	0,000304111355831	0,00069362332266
182700	-7,02217284783e-06	0,000396816073761	0	-0,000225864335416	-0,000225864335416	-0,000805848997862	0,000559636460027	0,000396816073761	0	0,00273734434908	-0,000761595161869	0,00104782975844	0,00138371185132	0,00104782975844	-0,002495761552	0,00196751854219	0,000375154308935
183600	0,000413724579462	0,000251127082312	0	0,000500497969085	0,000500497969085	0,000563040130928	0,000415015302422	0,000251127082312	0	2,65706685501e-05	0,00219808538676	0,00069698270271	-0,000253929682588	0,00069698270271	-0,0161921256724	0,00169246347326	0,00131766238817
184500	-0,00147032765622	-0,00126797760933	0	-0,0015801943555	-0,0015801943555	-0,000933098390388	-0,00254567969872	-0,00126797760933	0	-0,00166676507548	0,000683851112157	-0,00121058642406	-0,000846594243281	-0,00121058642406	0,00262023363396	-0,00107224480719	-0,00119008459722
185400	0,00163735301155	0,00138194434025	0	0,00177248523737	0,00177248523737	0,00180992900082	0,00171626489528	0,00138194434025	0	-0,00197935738159	-0,000817381174545	-0,000373802672751	0,000828414788845	-0,000373802672751	0,0107247060624	-0,00273480003901	-0,00107369665007
186300	-0,00355482062157	-0,00356548005194	0	-0,00354918034922	-0,00354918034922	-0,00447298773637	-0,0023044267393	-0,00356548005194	0	0,000412564822044	-0,00548596143377	-0,00214711138185	-0,00273039563458	-0,00214711138185	-0,00248133405225	-0,00205312780399	-0,00219511959048
187200	0,00121882418138	0,00125946085353	0	0,00119725286553	0,00119725286553	0,001655858356	0,000533101341477	0,00125946085353	0	0,00068521789315	0,00355313223772	0,00137514033738	0,00142924248556	0,00137514033738	-0,00843583862117	0,00221910581508	0,00127226040008
188100	-0,000594399103437	-0,000518853712315	0	-0,000634768224453	-0,000634768224453	-0,000229687919141	-0,00125707438798	-0,000518853712315	0	-0,000190539279517	-0,00143188906116	-0,000492478246259	-0,000611003735049	-0,000492478246259	-0,00715150236366	-0,000307492992811	-0,000313680674223
189000	0,000126926862443	0,000210936976539	0	8,16808444916e-05	8,16808444916e-05	-0,000209909915316	0,000510516081012	0,000210936976539	0	-0,000885388234449	-0,00132020407616	-0,000701842253859	0,000373823976123	-0,000701842253859	0,00899489490429	-0,00158191379856	-0,00106551726077
189900	-0,000472605316748	-0,000410439097006	0	-0,000506273884684	-0,000506273884684	-0,00085972103062	-1,16210704546e-05	-0,000410439097006	0	0,000459693674741	0,00194291888175	0,00016346565178	0,000452918897857	0,00016346565178	0,00702027985766	-0,00109355936521	-0,000180671111359
190800	-2,92321479647e-05	-0,000276802729359	0	0,000101855271179	0,000101855271179	-0,000148852865969	0,000440427813845	-0,000276802729359	0	-0,000389260788963	-0,00314273332604	-0,00035281917667	-0,00152206933541	-0,00035281917667	-0,00816103391352	0,000383765465949	0,00010276230628
191700	0,00175065808289	0,00162258111158	0	0,00181759305675	0,00181759305675	0,00226892780903	0,00116118533945	0,00162258111158	0	0,0010616713187	-0,000504669190831	0,00128268046599	0,000883140168674	0,00128268046599	-0,0396612452365	0,0027305494295	0,00141231978171
192600	0,00175097090845	0,00190574387152	0	0,00166878083924	0,00166878083924	0,00192293237598	0,00128310947502	0,00190574387152	0	0,00307380135848	0,00541291546726	0,00312629246891	0,00205940183111	0,00312629246891	0,00905852860851	0,00233461968932	0,00509517924546
193500	-0,0020624331266	-0,00205285347642	0	-0,00206752105558	-0,00206752105558	-0,00273398528912	-0,00113930236646	-0,00205285347642	0	-0,00220273797183	-0,0116236606885	-0,00368941188512	-0,00154384101143	-0,00368941188512	-0,00231330948115	-0,0029739856841	-0,00750995035608
194400	0,00111498329722	0,00121552703238	0	0,0010610147847	0,0010610147847	0,000855351997745	0,00133869470411	0,00121552703238	0	0,0013337128523	0,0040346406511	0,00126058198629	0,00236403464647	0,00126058198629	0,0119802641067	-0,000758342250375	0,000317151577797
195300	0,000949331464389	0,00069583077579	0	0,00108210614198	0,00108210614198	0,000498214491282	0,00180666224469	0,00069583077579	0	0,000387356058211	-0,00530404705316	0,0006235382314	-0,00148815501007	0,0006235382314	-0,0287124311333	0,00257909158845	0,00124319783494
196200	0,0013690028322	0,00146526613507	0	0,00131809282832	0,00131809282832	0,00208513488621	0,000246224898527	0,00146526613507	0	0,000316839509808	0,00725704090791	0,0019438624147	0,00172576285556	0,0019438624147	-0,0303747041924	0,00232341596006	0,00244526004297
197100	0,000819412426093	0,000822369066542	0	0,000817847053628	0,000817847053628	0,00129022843184	0,000106940873615	0,000822369066542	0	0,00159373363729	6,52975954809e-05	0,000953523692311	0,00113072126907	0,000953523692311	-0,0192523461815	0,000712091368167	0,00143858122933
198000	0,000601666170642	0,000642826914594	0	0,000579805808252	0,000579805808252	0,000340342536129	0,000927228678186	0,000642826914594	0	0,00106773281044	-0,00102722415526	-0,000212196719782	0,00237862368952	-0,000212196719782	0,0155027734725	-0,00186839892967	-0,0014747806599
198900	0,000461078053312	0,000669251429661	0	0,000348304115445	0,000348304115445	-0,000195410558253	0,00107759386413	0,000669251429661	0	0,00132586032698	-3,18795849281e-05	0,00037430822158	0,0017824872447	0,00037430822158	0,00631765129997	-0,001583175649	0,000379271952425
199800	0,00055505373506	0,000654139716922	0	0,000500861342588	0,000500861342588	0,000462499329395	0,000552032039972	0,000654139716922	0	0,00134391525433	0,00549741495874	0,0026400034551	-0,000755536380984	0,0026400034551	-0,025806759082	0,0054371643897	0,00226796916913
200700	0,00346007448284	0,0034532875564	0	0,00346377674219	0,00346377674219	0,00361421532101	0,00325762202731	0,0034532875564	0	0,00307287511622	0,00623987806637	0,00383918062204	0,00386723303912	0,00383918062204	-0,0942708426983	0,00324370001751	0,0056143164536
201600	0,0043717448691	0,00387243222596	0	0,00462847401797	0,00462847401797	0,00594867603142	0,0021838662373	0,00387243222596	0	0,00124471914433	0,00285233855486	0,00225372358885	0,00408735180382	0,00225372358885	0,0161978849864	0,000394995558437	-0,00147047092586
202500	-0,00246182652162	-0,00180500945446	0	-0,00281806673115	-0,00281806673115	-0,00503999394781	0,000286635366417	-0,00180500945446	0	0,000836828263845	-0,00276990543187	1,94666952198e-05	-0,00379795052054	1,94666952198e-05	-0,694721723062	0,00155680233003	0,00369477144094
203400	0,00445046075336	0,00432510020414	0	0,00451738258131	0,00451738258131	0,00373399901207	0,00546544953688	0,00432510020414	0	0,00457659692724	-0,0092380638888	0,00329916202347	0,00294025410484	0,00329916202347	0,0133296991878	0,00472839387826	0,00203480600309
204300	0,000936307176799	0,00126913782106	0	0,000752632140516	0,000752632140516	0,00136790766306	-6,1567267011e-05	0,00126913782106	0	0,00181246317819	0,000951760802016	0,00174392585668	0,000642338711844	0,00174392585668	0,0127731232009	0,00248527842524	0,00216157545199
205200	0,00365236211127	0,00359490750696	0	0,00368390632577	0,00368390632577	0,00422086643676	0,00289782894427	0,00359490750696	0	0,00202195257313	0,00693614166838	0,00315157199954	0,00410992249946	0,00315157199954	-0,0430394594195	0,00155828365633	0,00355476274682
206100	-0,000138123882926	-0,000843171188588	0	0,000224736358689	0,000224736358689	-0,00105060997348	0,00179223304728	-0,000843171188588	0	-0,00148862112674	0,00382720007104	-8,29255917455e-05	-0,00105248660012	-8,29255917455e-05	0,0129628713454	0,000984815686165	0,000266720299486
207000	-0,0126373651982	-0,00970780293175	0	-0,0129535735705	-0,0129535735705	-0,00925178457605	-0,0152100116684	-0,00970780293175	0	-0,00572819568326	-0,00413522519563	-0,00830232533706	-0,00220557593541	-0,00830232533706	0,00945422959375	-0,0120443083668	-0,0171189832364
207900	0,000364038225087	-0,000339925787449	0	0,00114920109658	0,00114920109658	0,00261142661167	-0,000609233050499	-0,000339925787449	0	-0,00229572813172	-0,00352101945563	-0,000303806345622	-0,00306486446628	-0,000303806345622	-0,00458754912192	-0,0041353554358	0,00462132855347
208800	-0,415316534557	-0,149723424662	0	-0,823143174415	-0,823143174415	-0,193056259605	-0,0501085108703	-0,149723424662	0	-0,307650186619	-0,0334254591727	-0,0496166494936	-0,0640989597299	-0,0496166494936	-0,00513247219753	-0,0392204763157	-0,00525867543879
209700	0,0159525131806	0,0143527430995	0	0,0162023767815	0,0162023767815	0,0127555123133	0,0106195677778	0,0143527430995	0	0,0160959674943	0,0116349802187	0,0112531286663	0,0128381457257	0,0112531286663	-0,020954502085	0,0102632653108	-0,00872699350213
210600	-1,23896657261	-0,0695791549551	0	-0,262716731117	-0,262716731117	-0,0152418211627	-0,0645055582401	-0,0695791549551	0	-0,0676169247628	-0,0330581569029	-0,0880046034964	-0,0746980442414	-0,0880046034964	0,00630546598181	-0,367056203693	-0,00810956608137
211500	0,01655850137	0,0152392499988	0	0,0162151182431	0,0162151182431	0,0145449921356	0,014115335593	0,0152392499988	0	0,0142750663123	0,0141976810141	0,0153927187121	0,0148855844601	0,0153927187121	0,0128151949543	0,0164197171013	0,0129482379908
212400	-0,0655960059582	-0,0818846495923	0	-0,0887315578668	-0,0887315578668	-0,0600510403685	-0,0345475819962	-0,0818846495923	0	-0,0526088752628	-0,022316527104	-0,0975980278637	-0,0294731797761	-0,0975980278637	-0,292376558184	-0,129605060989	-0,0859148634017
213300	0,0131129188323	0,0135620702037	0	0,0139884611243	0,0139884611243	0,0124721663695	0,0127813229781	0,0135620702037	0	0,0119406182196	0,00749596951919	0,0135374418247	0,0109805881255	0,0135374418247	0,0124206671553	0,0135013878545	0,0125838723931
214200	0,00575257859706	0,00588160957105	0	0,00588475706379	0,00588475706379	0,00615817576089	0,00608107465707	0,00588160957105	0	0,0037629165849	0,00623386078044	0,00544604893175	0,00525404066711	0,00544604893175	0,0053551342273	0,00567742929618	0,00575821357536
215100	-0,034948835141	-0,0407705835143	0	-0,040513218755	-0,040513218755	-0,0567408250647	-0,0526147302713	-0,0407705835143	0	-0,0464313807159	-0,0350413834258	-0,0609165087313	-0,0440479336069	-0,0609165087313	-0,00370697194021	-0,650914632908	-0,0456389835963
216000	0,00981357474684	0,0101833507375	0	0,0105316843122	0,0105316843122	0,0116689612248	0,0117356795983	0,0101833507375	0	0,0100494112244	0,00681762205549	0,0109427305349	0,0100996945506	0,0109427305349	-0,010002472989	0,0158498400281	0,009280302765
216900	0,00538615879268	0,00575402830119	0	0,00536852887622	0,00536852887622	0,00567026314226	0,00535877117604	0,00575402830119	0	0,00687262008041	0,0076126998676	0,0073337941578	0,0057462690152	0,0073337941578	0,00480286927513	0,00990908087046	0,00550215019781
217800	-0,0527303802454	-0,0668457297742	0	-0,0581988749285	-0,0581988749285	-0,0553117980035	-0,177439839667	-0,0668457297742	0	-0,075963053293	-0,0163285779816	-0,0506197018575	-0,105667728353	-0,0506197018575	0,0121180670327	-0,0214238172873	-0,0591630374688
218700	0,010042514216	0,0112031245046	0	0,0103294943943	0,0103294943943	0,00959313518161	0,0142576437537	0,0112031245046	0	0,0126588497336	0,00326799358776	0,0101273664016	0,0133719287604	0,0101273664016	-0,0137778188147	0,00740628495946	0,0096544992283
219600	0,00788427967173	0,00794880922718	0	0,00812360281337	0,00812360281337	0,00846064371837	0,00848115288502	0,00794880922718	0	0,00698820088724	0,00669617624654	0,00764181280006	0,00751051392862	0,00764181280006	-0,00404461534976	0,00647480260723	0,00863763025975
220500	0,00351705611876	0,00400947743288	0	0,00335105023749	0,00335105023749	0,00382844232331	0,00278479783995	0,00400947743288	0	0,00443170599987	0,00553766694331	0,00485629138274	0,0041995017927	0,00485629138274	0,00536762349624	0,00358958981351	0,00720732807931
221400	0,00194912959706	0,0019874305049	0	0,00205290963572	0,00205290963572	0,00164119651701	0,0030501900391	0,0019874305049	0	0,00216461070942	0,0012428715174	0,00207560283382	0,00195503679035	0,00207560283382	-0,00132628509019	0,00170880537055	0,00253637187151
222300	-0,0801500542983	-0,084088445469	0	-0,0934265174122	-0,0934265174122	-0,0720727226982	-0,73814081554	-0,084088445469	0	-0,064428552563	-0,0472321996663	-0,0885049663105	-0,0604757918087	-0,0885049663105	-0,0327389122013	-0,166439932118	-0,0830647097129
223200	0,000787508145446	0,00266051125972	0	0,00469168687859	0,00469168687859	0,000384867099246	0,0156325085539	0,00266051125972	0	-0,0102364367388	-0,0184135838245	0,00524910569997	-0,0163826660409	0,00524910569997	0,00393502597393	0,0126235987875	0,00519629483728
224100	-0,012421762379	-0,0245783258577	0	-0,0242430693832	-0,0242430693832	-0,0459457883316	-0,109092099644	-0,0245783258577	0	0,004591355906	0,00959382817277	-0,0167577897526	0,00536593781836	-0,0167577897526	0,00455421555913	-0,101670061404	-0,0116262718779
225000	0,00332813442712	0,00191810660112	0	0,00520923932072	0,00520923932072	0,00885146152226	0,00634422574101	0,00191810660112	0	-0,0762429137522	-0,0164211022298	-0,022054808022	-0,0396409409695	-0,022054808022	0,00146832243464	-0,00204419110324	-0,00477001566027
225900	-0,0863879869931	-0,145554167188	0	-0,163868025142	-0,163868025142	-0,211703769519	-0,00561142516152	-0,145554167188	0	0,00314295256084	0,0067904800344	-0,0833859429131	-0,0518112469407	-0,0833859429131	0,00596928350155	-0,109832774398	-0,0318711288807
226800	0,0149980172364	0,0160088150898	0	0,0158192782447	0,0158192782447	0,0161081780144	0,0135297842851	0,0160088150898	0	0,0136437048261	-0,0234817827452	0,0159826509219	0,0155397816804	0,0159826509219	-0,0806484131782	0,0161835192843	0,0140505298287
227700	-0,0118001210482	-0,0118153679965	0	-0,0104157416302	-0,0104157416302	-0,0101244725101	-0,00828309845536	-0,0118153679965	0	-0,0274144271935	0,003170333873	-0,018592081693	-0,0242410696149	-0,018592081693	0,00516490524394	-0,0285759434417	-0,0114466777158
228600	0,0028446227163	0,00324787557764	0	0,00217437053577	0,00217437053577	0,00333930318641	-0,000397019631856	0,00324787557764	0	0,00692410599663	-0,0223767506912	0,0066856497788	0,00947944251479	0,0066856497788	0,010552833388	0,00683489215661	0,00294883487701
229500	0,00622685108681	0,00587145207443	0	0,00598732131221	0,00598732131221	0,00557869460958	0,00553387182658	0,00587145207443	0	0,00722973324883	0,00903634542132	0,00670637618492	0,00536580699313	0,00670637618492	-0,00254284122896	0,00727898902553	0,00710056365287
230400	0,00414834294335	0,00392323470919	0	0,00411914648467	0,00411914648467	0,00424003577738	0,0035635270266	0,00392323470919	0	0,00253859962552	0,00974786749314	0,0044957740811	0,00362134256102	0,0044957740811	-0,0292785832366	0,00539144396556	0,00522656853455
231300	-0,00403621306259	-0,00381328058778	0	-0,00415924477135	-0,00415924477135	-0,00462936907986	-0,00349812385768	-0,00381328058778	0	-0,00164720756241	-0,00631881420391	-0,0035092678316	-0,00293515130622	-0,0035092678316	0,0114778010471	-0,00422873779055	-0,0065007534443
232200	0,00240327823909	0,00238733208796	0	0,00241211386515	0,00241211386515	0,00270792624799	0,00197425927255	0,00238733208796	0	0,000638696987929	0,00404841627848	0,00245848287283	0,000967529243136	0,00245848287283	-0,0418373640093	0,00351940353347	0,00386359911131
233100	0,00174087002028	0,00135781540894	0	0,00194369140402	0,00194369140402	0,00268004571042	0,000699343333944	0,00135781540894	0	-0,000848711129561	0,00105768870405	0,000667425532566	0,00043688308654	0,000667425532566	-0,00049012693409	0,000880945359093	0,00052730113931
234000	-0,00311756623915	-0,00314249938037	0	-0,00310447413518	-0,00310447413518	-0,0029232019657	-0,00341858634386	-0,00314249938037	0	-0,00338070523052	0,000511589391439	-0,00244029106234	-0,00262318166182	-0,00244029106234	-0,0247051174196	-0,00188490753134	-0,00160463992012
234900	0,00229538145348	0,0018826164179	0	0,00250440063403	0,00250440063403	0,00102582432056	0,00449758459139	0,0018826164179	0	0,00229181724344	2,27152798992e-05	0,00113026759495	0,00299469902083	0,00113026759495	0,0142545808075	-0,00149887093011	0,000601544619597
235800	0,00114472207424	0,0009898062324	0	0,0012219854341	0,0012219854341	0,000399094796616	0,00220792096861	0,0009898062324	0	0,00120824676023	-0,0128592131666	-0,000991750122781	0,000977046045196	-0,000991750122781	0,00678196640102	-0,00319123758681	-0,00147725511335
236700	-0,00161718692177	-0,00131729507888	0	-0,00177052563984	-0,00177052563984	-0,0015031234819	-0,00210146035712	-0,00131729507888	0	0,00126006810489	0,00367167412152	0,000273537699111	0,000319921687546	0,000273537699111	-0,00808547907409	0,00436649507672	-0,00271707602925
237600	-0,000276192612545	-8,36268602847e-05	0	-0,0003763748904	-0,0003763748904	0,000283649295026	-0,00127071438915	-8,36268602847e-05	0	-0,000878886896292	0,00159196032259	0,000267265575343	-0,0010174904948	0,000267265575343	-0,0286424237942	0,00066166588461	0,00185267053692
238500	0,000880016398496	0,000575734444368	0	0,00103381242781	0,00103381242781	0,00168709571225	5,19811571918e-05	0,000575734444368	0	-0,000242447944062	-0,00258317388208	-0,000533252987778	0,000779220539326	-0,000533252987778	0,0105798389296	-0,00140174678656	-0,00193084339324
239400	0,00155991828402	0,00188526869654	0	0,00138996309712	0,00138996309712	0,00086302863457	0,00211896590686	0,00188526869654	0	0,00249270941653	0,00435805496401	0,00278586706169	0,0017195106074	0,00278586706169	0,00187085990313	0,0010143725352	0,00447737350861
240300	0,00111345074538	0,00149569513264	0	0,000906014340821	0,000906014340821	0,000708974067211	0,00117072742795	0,00149569513264	0	0,00242445811643	0,00153254512576	0,00174546335189	0,00205910289842	0,00174546335189	0,00797675102354	0,0020553208885	-0,000762000415033
241200	0,000383319344616	0,00029589863762	0	0,000430371126674	0,000430371126674	0,000531731063972	0,000292177740341	0,00029589863762	0	0,000115448927441	-0,00687038868694	4,9275319686e-06	-0,0018133743171	4,9275319686e-06	-0,0694109132569	0,00225052224085	0,00182387085156
242100	-0,00060914460376	-0,000517256162273	0	-0,00065900899425	-0,00065900899425	-0,000210211857551	-0,00131079845386	-0,000517256162273	0	-0,000505604188631	0,00655698755371	0,000154980181923	0,00176491888879	0,000154980181923	-0,0187485088449	0,000795913669254	-2,11575276588e-05
243000	0,000756129272143	0,000724682700174	0	0,000773142268481	0,000773142268481	0,00132105485492	-9,60771815325e-05	0,000724682700174	0	-0,0025427235419	-0,000338685383261	-0,000286994999719	-0,000967515256597	-0,000286994999719	0,00207221631697	0,000337132021246	-0,0011282754818
243900	0,00218593892473	0,00212001551995	0	0,00222135586207	0,00222135586207	0,00181252695795	0,00282569247341	0,00212001551995	0	0,003811629346	0,00453664022216	0,00256402731123	0,00429654924157	0,00256402731123	0,0135054036549	0,00276654284111	0,000304001474621
244800	-0,000971244969136	-0,00119109511216	0	-0,000855352503401	-0,000855352503401	-0,00102674558815	-0,000607993050575	-0,00119109511216	0	-0,00280727249676	-0,00416345525098	-0,0029541752288	-0,000875705762493	-0,0029541752288	0,00203840350496	-0,0064753124105	-0,000300163256678
245700	-0,00191695901519	-0,0027785733499	0	-0,00149279766152	-0,00149279766152	-0,0016608730818	-0,00125559041434	-0,0027785733499	0	-0,00988166853951	-0,00502930639621	-0,00257421287664	-0,0116507277946	-0,00257421287664	-0,111729254993	-0,000301229360642	-0,000833018046383
246600	-0,00344640095583	-0,00326789085401	0	-0,00353545865307	-0,00353545865307	-0,00421940575009	-0,00264304684194	-0,00326789085401	0	0,00238769851965	-0,00881942361108	-0,00220609642394	-0,00143373631766	-0,00220609642394	-0,00233517839228	-0,00133431716613	-0,00325455869601
247500	0,000866693898739	0,000698163491778	0	0,000949449682936	0,000949449682936	0,00131421224969	0,000446612307093	0,000698163491778	0	0,000747091603257	0,00111286102157	0,000568617479686	0,00125543429757	0,000568617479686	0,0093369591426	0,000979012216155	0,000638356736241
248400	0,000202724932897	0,000370657341186	0	0,000118989286486	0,000118989286486	-0,000493558731528	0,000895075468909	0,000370657341186	0	1,5537118902e-05	-0,000451651638685	-0,000226462354887	0,00100232449681	-0,000226462354887	-0,0843426034745	-0,00190867450474	0,000677422360761
249300	-0,000960822669835	-0,000894893222683	0	-0,000993882181043	-0,000993882181043	-0,00046754355978	-0,00170906247485	-0,000894893222683	0	-0,00147189020481	0,00283620590836	-0,000235472816307	-0,00120160663234	-0,000235472816307	0,0105677021434	0,000789902808193	-0,00112062089721
250200	-0,000618844891894	-0,000617516799312	0	-0,000619510924701	-0,000619510924701	-0,000808524289651	-0,00036914017559	-0,000617516799312	0	-0,000851444619355	-0,0021901531889	-0,000640972589482	-0,00161372257845	-0,000640972589482	-0,00950546585567	-0,00157203099956	0,000184242288178
251100	-0,0025971461451	-0,00164964212587	0	-0,00311028936043	-0,00311028936043	-0,00277522484246	-0,00357235195216	-0,00164964212587	0	0,00152720678114	-0,000431791774881	-0,000153820498873	-0,000735613630952	-0,000153820498873	0,00477236159859	0,0012403242195	-0,00178834093681
252000	-0,00209563811918	-0,00203447019585	0	-0,00212891824682	-0,00212891824682	-0,00209651401244	-0,00217378192169	-0,00203447019585	0	-0,00199766811231	-0,00114868490037	-0,00289496201961	0,000313441294899	-0,00289496201961	0,010576575429	-0,00563845178099	-0,00226987189507
252900	-9,70691225717e-06	0,00011490447586	0	-7,83149517352e-05	-7,83149517352e-05	-0,000352281474285	0,000286777341877	0,00011490447586	0	0,000131491422388	-0,00156346443045	0,00054648416158	-0,00173690016369	0,00054648416158	0,00354463687938	-0,000729922173947	0,00143877543367
253800	0,000938022959611	0,000918341494311	0	0,000948834578527	0,000948834578527	0,000846619737831	0,00108301101848	0,000918341494311	0	0,0016347639287	0,00357794812595	0,00171837461269	0,00127514820129	0,00171837461269	-0,0382549632397	0,00218764989314	0,00238347626065
254700	2,8657882341e-05	-0,000130330261554	0	0,000114748667566	0,000114748667566	-0,000301049016584	0,000630598211652	-0,000130330261554	0	-8,8935171634e-05	-0,00183194026316	-0,000498946657712	8,25115291555e-07	-0,000498946657712	0,00936177313986	0,000167774624081	-0,00189279986277
255600	-0,00225400352451	-0,00229667547911	0	-0,0022309680753	-0,0022309680753	-0,00210188640933	-0,0023935959779	-0,00229667547911	0	-0,00227777507469	-0,00115826490285	-0,00204132843496	-0,00231720924003	-0,00204132843496	-0,00464058904118	-0,00163180486686	-0,00232613828608
256500	-0,00242722393586	-0,00264270660513	0	-0,00231292346472	-0,00231292346472	-0,00251633529059	-0,00206270055977	-0,00264270660513	0	-0,00312413908004	-0,00797045308172	-0,00422537331434	-0,00179683630395	-0,00422537331434	0,0102786388802	-0,00607548229522	-0,00539841773429
257400	-5,58828519601e-05	0,00018126892011	0	-0,000184458529412	-0,000184458529412	0,000205324232363	-0,000690014963779	0,00018126892011	0	-6,35559371485e-05	0,00368337842323	0,000522451771675	0,000841407193555	0,000522451771675	0,00341987312186	-0,000171231425108	0,000464209930648
258300	-0,000902650987186	-0,00104910478039	0	-0,000824253628551	-0,000824253628551	-0,00177692005274	0,000273976249914	-0,00104910478039	0	-0,000370797885624	-0,00570663635504	-0,00102396512723	-0,00213141274778	-0,00102396512723	-0,0047999137604	-0,000263798645008	-0,00101170733652
259200	-0,0012360225102	-0,00143150763941	0	-0,00113310391488	-0,00113310391488	-0,00108765954827	-0,00118578031432	-0,00143150763941	0	-0,00275779868578	-0,000968433989157	-0,00174247125627	-0,00214232925911	-0,00174247125627	-0,00865977154378	-0,000487458214484	-0,00208892361773
260100	-0,00228893551412	-0,00166377803936	0	-0,00263549658841	-0,00263549658841	-0,000698518604845	-0,00550182981672	-0,00166377803936	0	-0,00116125097962	0,00363621684699	-0,000346081488858	-0,00118966098356	-0,000346081488858	-0,054649235081	0,000455305627752	0,000694852495184
261000	0,000809914554688	0,000807268253077	0	0,000811379256724	0,000811379256724	0,000474387567163	0,00128509062021	0,000807268253077	0	0,00145167185832	-0,00325633187572	0,000529717371019	0,000395827132276	0,000529717371019	-0,00343805581422	0,000885133764573	0,000221976410776
261900	-0,000246570411266	-0,000288057049596	0	-0,000223664213723	-0,000223664213723	5,72025447062e-05	-0,000634933284189	-0,000288057049596	0	-0,000887142639635	0,000873635454718	-0,000464807891323	-1,65861194795e-05	-0,000464807891323	0,0134113668897	-0,00240440567487	-0,000538468097666
262800	-0,006635671796	-0,00672740468513	0	-0,00658531550132	-0,00658531550132	-0,00656895619132	-0,00660930537356	-0,00672740468513	0	-0,00620539900008	-0,00174884189382	-0,00629991615356	-0,0041830237454	-0,00629991615356	0,00487965428916	-0,00948037609597	-0,00669310365921
263700	0,00157147456165	0,00168530702817	0	0,00150826619816	0,00150826619816	0,00163736465263	0,00131483600651	0,00168530702817	0	0,00134302949674	0,00300528016753	0,00217483635466	0,000973490732807	0,00217483635466	-0,0196448539184	0,0027297964434	0,00403747204466
264600	-0,002216462017	-0,00211390626267	0	-0,00227388688814	-0,00227388688814	-0,00213301941722	-0,00248894374347	-0,00211390626267	0	-0,000949203277224	-0,00272796035146	-0,00175140340571	-0,00193579804341	-0,00175140340571	-0,00640180059815	-0,000513532247531	-0,00254337570746
265500	0,000677045730891	0,000626096065071	0	0,000705434266772	0,000705434266772	0,000578251506648	0,000895768327234	0,000626096065071	0	0,00025923142497	-0,00045729723775	0,000646053768384	-0,000611912676625	0,000646053768384	-0,121153580042	0,00119960202417	0,00162456978514
266400	-0,00215890948395	-0,00252010107151	0	-0,00196348437034	-0,00196348437034	-0,00294663199666	-0,00066343731614	-0,00252010107151	0	-0,00344116750488	-0,00899992023291	-0,00456802944485	-0,00194127372799	-0,00456802944485	0,0155351847179	-0,0067138320597	-0,00708902944235
267300	-0,00189770335526	-0,00212002650542	0	-0,00177959306582	-0,00177959306582	-0,00163423507171	-0,00197538629774	-0,00212002650542	0	-0,00221585473531	-0,000825361530901	-0,00182803266205	-0,00227255387918	-0,00182803266205	-0,00011585407107	-0,0029577819888	-0,00120958577648
