time	sensor_1	sensor_2	sensor_3	sensor_4	sensor_5	sensor_6	sensor_7	sensor_8	sensor_9	sensor_10	sensor_11	sensor_12	sensor_13	sensor_14	sensor_15	sensor_16	sensor_17
0	0,312334358411	0,110072451036	0,0	0,202261630657	0,202261630657	0,118675601094	0,0835859848567	0,110072451036	0,0	0,0844624554215	0,0266003042916	0,158193941102	0,0629412040185	0,158193941102	0,00360458486779	0,0788372990716	0,0757520430052
900	0,448481841344	0,154040298169	0,0	0,29444097578	0,29444097578	0,181157914869	0,113282966057	0,154040298169	0,0	0,104239634673	0,0424654088304	0,215808956187	0,0849362599875	0,215808956187	0,00909522656999	0,106464927388	0,100248776133
1800	0,0	0,0	0,0	0,0	0,0	0,0	0,0	0,0	0,0	0,0	0,0	0,0	0,0	0,0	0,0	0,0	0,0
2700	0,524190032757	0,180379714943	0,0	0,343809542401	0,343809542401	0,207221509208	0,136587903952	0,180379714943	0,0	0,124627823589	0,0390823840481	0,245239394333	0,0988503579961	0,245239394333	0,0105445999534	0,122205025932	0,112489734746
3600	0,520820248122	0,175020054999	0,0	0,345799431306	0,345799431306	0,201849317571	0,143949983031	0,175020054999	0,0	0,121195456011	0,0400562725987	0,23786893159	0,0984026913698	0,23786893159	0,0127404518882	0,112802940473	0,112325507641
4500	0,460360760074	0,157885454858	0,0	0,302474707577	0,302474707577	0,164531387314	0,137943220084	0,157885454858	0,0	0,121520533688	0,031863339403	0,21784735568	0,0934218388988	0,21784735568	0,0142675472133	0,0974516373992	0,106128144584
5400	0,388709426898	0,135654039684	0,0	0,253054959551	0,253054959551	0,142690938292	0,110363951253	0,135654039684	0,0	0,104119048647	0,0416447505884	0,201418616512	0,0799991211221	0,201418616512	0,00987821527165	0,0948800219333	0,096660356542
6300	0,352051027628	0,124552211349	0,0	0,227498464409	0,227498464409	0,13409349227	0,0934049155769	0,124552211349	0,0	0,0955936895638	0,04911790266	0,192226407722	0,0770373084647	0,192226407722	0,0151357301942	0,0870461786807	0,0900444784493
7200	0,402078499976	0,141270532351	0,0	0,26080750935	0,26080750935	0,155003267041	0,10580416795	0,141270532351	0,0	0,09775286665	0,0426984576717	0,202513647364	0,0792081025126	0,202513647364	0,00451533927952	0,0957410615579	0,102257223136
8100	0,322482639309	0,111395596046	0,0	0,211086749555	0,211086749555	0,128747928044	0,0823387727777	0,111395596046	0,0	0,0789403136204	0,0305480196496	0,159750489293	0,0611333736037	0,159750489293	0,000592175866144	0,0805996947486	0,0785586040298
9000	0,305501091051	0,104883978056	0,0	0,200616849732	0,200616849732	0,121721568098	0,0788952376448	0,104883978056	0,0	0,0736049318009	0,0227691935828	0,141563824704	0,0596942210703	0,141563824704	0,00594286686369	0,0665543468166	0,0690665997579
9900	0,310771528995	0,109487079037	0,0	0,201284176024	0,201284176024	0,11454208425	0,0867420474724	0,109487079037	0,0	0,0847138252394	0,0225119131731	0,153166693775	0,0635460592707	0,153166693775	0,0104191157993	0,0678168359301	0,0749307289364
10800	0,28051193063	0,0975621006588	0,0	0,182949607414	0,182949607414	0,103874448083	0,0790751227249	0,0975621006588	0,0	0,0754155916714	0,0250170232607	0,141579926744	0,0564147369767	0,141579926744	0,00909601774907	0,0628171117654	0,0696667861325
11700	0,29585968547	0,102220361634	0,0	0,193639076594	0,193639076594	0,114418547026	0,0792204886234	0,102220361634	0,0	0,0698438617133	0,0336920518862	0,148801176499	0,0569550424679	0,148801176499	0,000208939086303	0,0775428112452	0,0714672916361
12600	0,318107067878	0,110330185141	0,0	0,207776596698	0,207776596698	0,125767165666	0,0820093838132	0,110330185141	0,0	0,0768613416492	0,0325348988948	0,159236471378	0,060489889067	0,159236471378	0,000921258936789	0,0826775159892	0,0774801996936
13500	0,340543754815	0,117858056688	0,0	0,222685370463	0,222685370463	0,136546696005	0,0861386202124	0,117858056688	0,0	0,0780738703604	0,0336008478106	0,164028173578	0,0655045280556	0,164028173578	0,00598430619273	0,0772180614171	0,080825790762
14400	0,299723176982	0,103642781954	0,0	0,196080141251	0,196080141251	0,117494564353	0,0785855348619	0,103642781954	0,0	0,0723812308347	0,0279361103395	0,14287319475	0,0610868714369	0,14287319475	0,012724784918	0,0608134160238	0,0693349825428
15300	0,266080373845	0,0927082719099	0,0	0,173371901592	0,173371901592	0,0994511968873	0,0739206718697	0,0927082719099	0,0	0,0711320341752	0,0259153631611	0,134182018229	0,0555736041124	0,134182018229	0,0128966577266	0,0564573044448	0,064828046128
16200	0,313693390479	0,110849000141	0,0	0,202844111049	0,202844111049	0,118584139395	0,0842599267182	0,110849000141	0,0	0,0840269022813	0,0392713482813	0,162250740788	0,0718964420469	0,162250740788	0,00173328585021	0,0898653607312	0,0706520792027
17100	0,296623493034	0,10320691984	0,0	0,193416324317	0,193416324317	0,115215588125	0,07820069529	0,10320691984	0,0	0,073292623703	0,0357714182325	0,153322975759	0,0589479279242	0,153322975759	0,000569112148462	0,0804487018304	0,0734433725279
18000	0,297118264792	0,102639613476	0,0	0,194478401982	0,194478401982	0,116024980137	0,0784533804869	0,102639613476	0,0	0,0697506107173	0,0172455669403	0,135262733246	0,0543730035637	0,135262733246	0,0022778341223	0,0687648253873	0,0642200633671
18900	0,305894829656	0,105621594208	0,0	0,200272971195	0,200272971195	0,118405086629	0,0818678407298	0,105621594208	0,0	0,0753009092975	0,0216825264132	0,143808254234	0,0587967170504	0,143808254234	0,00665562035911	0,0667241557786	0,0704284664081
19800	0,28386564607	0,0973867590274	0,0	0,186478659795	0,186478659795	0,108545401123	0,0779332206289	0,0973867590274	0,0	0,0698006636019	0,0231090032554	0,134955011318	0,055341364253	0,134955011318	0,0120555458179	0,058964994355	0,0639344610972
20700	0,309695965034	0,107237112791	0,0	0,202458581215	0,202458581215	0,118449565163	0,0840089712769	0,107237112791	0,0	0,0791668032828	0,0262698547885	0,152780005145	0,0598937040033	0,152780005145	0,00370766937314	0,0768600967864	0,0722122257573
21600	0,336221306864	0,117955900719	0,0	0,218265085801	0,218265085801	0,13145784384	0,0868071898548	0,117955900719	0,0	0,089849043165	0,0344720481957	0,176391125258	0,0658857903663	0,176391125258	0,00324348342746	0,102110195779	0,0775243948928
22500	0,357232528293	0,124250054649	0,0	0,232982112689	0,232982112689	0,13748786863	0,0954941847316	0,124250054649	0,0	0,0902858759077	0,0324801030276	0,175368569677	0,0716473812756	0,175368569677	0,0086417240276	0,0852944701453	0,0814323583195
23400	0,371931807719	0,128935904232	0,0	0,2429955125	0,2429955125	0,140776163291	0,102219284666	0,128935904232	0,0	0,090153491463	0,0289090372833	0,176073505991	0,0719248396321	0,176073505991	0,0114379293845	0,0779137635251	0,0867217957958
24300	0,359321292788	0,123326291004	0,0	0,235994637618	0,235994637618	0,135635138508	0,100359438235	0,123326291004	0,0	0,089281261935	0,0286229557828	0,16893121321	0,072299214891	0,16893121321	0,0151055580395	0,0725919784106	0,0812336610639
25200	0,40467183328	0,139465037506	0,0	0,265206333485	0,265206333485	0,157826090649	0,107380165973	0,139465037506	0,0	0,0987426609265	0,0429541004158	0,20134714116	0,0798145528414	0,20134714116	0,00373394429356	0,0954157247134	0,102197448999
26100	0,414883508402	0,145301907142	0,0	0,269581113696	0,269581113696	0,159706251582	0,109874782656	0,145301907142	0,0	0,11002302294	0,0408219926621	0,212510986684	0,0836358209217	0,212510986684	0,00264803270217	0,102426424793	0,107436503329
27000	0,410936935293	0,143607983606	0,0	0,267328473569	0,267328473569	0,156125725342	0,111202670113	0,143607983606	0,0	0,10835750774	0,0356421417841	0,203515527229	0,0840919947043	0,203515527229	0,00464670931587	0,0986949995997	0,100173794805
27900	0,463341456202	0,163240547555	0,0	0,30010029973	0,30010029973	0,173648943371	0,126451257905	0,163240547555	0,0	0,126865792171	0,045022949332	0,23993300739	0,0951961354977	0,23993300739	0,00133568874834	0,114624487639	0,123972797855
28800	0,567043391927	0,200449262415	0,0	0,366593216852	0,366593216852	0,212549321747	0,154043748209	0,200449262415	0,0	0,159769704123	0,0589199536107	0,296819432096	0,122319265502	0,296819432096	0,0312809042533	0,12195412972	0,143584349644
29700	0,657019784773	0,221959652756	0,0	0,435058918436	0,435058918436	0,246158090899	0,188900620524	0,221959652756	0,0	0,154285678869	0,0481755027131	0,30254602795	0,121874548148	0,30254602795	0,0205367501612	0,141601711051	0,140407515983
30600	0,927073089549	0,332064846124	0,0	0,595005796735	0,595005796735	0,356587781957	0,23841762766	0,332064846124	0,0	0,278302676141	0,134154019364	0,522725069775	0,221795834225	0,522725069775	0,0600497477896	0,224214034654	0,238461138573
31500	0,816925476755	0,288547108533	0,0	0,528376474388	0,528376474388	0,304926411456	0,223449757738	0,288547108533	0,0	0,238351239071	0,062325802897	0,432709010927	0,156514678767	0,432709010927	0,0301185440856	0,211111713637	0,251715727253
32400	0,660531531993	0,23622382122	0,0	0,424306469128	0,424306469128	0,246142366291	0,17816390602	0,23622382122	0,0	0,198411138499	0,0815586374204	0,357821480819	0,158371799193	0,357821480819	0,0429491866714	0,153783080818	0,16108914386
33300	0,711428898766	0,253804265465	0,0	0,457623193741	0,457623193741	0,264149739602	0,193473225214	0,253804265465	0,0	0,210558792985	0,100478249042	0,390062891638	0,174778046499	0,390062891638	0,0470938544177	0,171098086635	0,171870868188
34200	0,638489997206	0,219593106095	0,0	0,432347466255	0,432347466255	0,226122447164	0,219676535204	0,219593106095	0,0	0,133480368612	0,0771690287552	0,316489822908	0,127204135044	0,316489822908	0,0207254151124	0,151473063741	0,157742994472
35100	0,924679080973	0,313745763354	0,0	0,610930911834	0,610930911834	0,398501699039	0,212428802654	0,313745763354	0,0	0,202369603203	0,127253614172	0,46483871522	0,178529731886	0,46483871522	0,00306433491205	0,250441913334	0,217461012436
36000	0,42195858475	0,154678196477	0,0	0,299841576437	0,299841576437	0,232524134904	0,0998790324783	0,154678196477	0,0	0,110642883402	0,0684812012497	0,27400471051	0,0923591017148	0,27400471051	0,0433659020553	0,1350551587	0,128145272092
36900	0,515400609379	0,209897195644	0,0	0,337852451395	0,337852451395	0,205215963839	0,164986176169	0,209897195644	0,0	0,199640877741	0,0624714518023	0,368866675147	0,13549236431	0,368866675147	0,054106400201	0,162044191725	0,185065779656
37800	0,698194442972	0,272451784865	0,0	0,456185518379	0,456185518379	0,280852675303	0,205776885691	0,272451784865	0,0	0,20587734784	0,127325569564	0,490088233369	0,146010260067	0,490088233369	0,020104685302	0,23080910299	0,309827887115
38700	0,0844042206444	0,00291799670803	0,0	0,0335513992103	0,0335513992103	0,00555252549902	0,0257719612014	0,00291799670803	0,0	0,00739038753332	0,0462132110462	0,0318767306902	0,0140107274817	0,0318767306902	0,0358570028897	0,0501590796249	0,000368522784254
39600	0,260436337026	0,03205968491	0,0	0,150086863466	0,150086863466	0,0437662823375	0,0280306351607	0,03205968491	0,0	0,00732218706201	0,00763575656105	0,0431215183246	0,0034223281301	0,0431215183246	0,0634018497876	0,0354128660645	0,0225967634765
40500	0,438806862435	0,115273635357	0,0	0,24385723277	0,24385723277	0,0970481732179	0,0671326030826	0,115273635357	0,0	0,162727086584	0,0346015060037	0,122645548801	0,110280208336	0,122645548801	0,00358221206467	0,00794130735274	0,0314454736339
41400	0,605295929741	0,157806016181	0,0	0,363406288066	0,363406288066	0,1914511875	0,0878706164724	0,157806016181	0,0	0,0755139502022	0,0624843724673	0,110858551586	0,10086123173	0,110858551586	0,0181114431515	0,0166124164058	0,0282729052243
42300	2,88564076628	0,901371660272	0,0	1,79084797693	1,79084797693	0,994865440385	0,602567494894	0,901371660272	0,0	0,648176750044	0,326331279635	1,11520499333	0,567268887703	1,11520499333	0,000696697370458	0,477063014904	0,444041367628
43200	2,58969965317	0,794977497647	0,0	1,61004216905	1,61004216905	0,876749739442	0,548617669845	0,794977497647	0,0	0,558803143176	0,308936633919	0,959856222663	0,518193969585	0,959856222663	0,0323683756953	0,292193317201	0,45062900545
44100	1,27765169217	0,391260639968	0,0	0,760463907062	0,760463907062	0,403143946436	0,231394500551	0,391260639968	0,0	0,308331761315	0,124068521443	0,424686134946	0,273051977279	0,424686134946	0,0194352880363	0,131660022584	0,14766848445
45000	2,0928063391	0,642071458923	0,0	1,25378977267	1,25378977267	0,64369504644	0,413153960854	0,642071458923	0,0	0,592380824123	0,261124173123	0,872141438369	0,426501028684	0,872141438369	0,0958696466202	0,375444853879	0,39563375224
45900	2,04304767806	0,649398684962	0,0	1,20282800857	1,20282800857	0,621695654217	0,390315406093	0,649398684962	0,0	0,565908492735	0,286170132637	0,846115775353	0,46455144645	0,846115775353	0,0171603979706	0,295517494498	0,342629213892
46800	1,47819615312	0,449577176791	0,0	0,853644442227	0,853644442227	0,447308595359	0,231363940427	0,449577176791	0,0	0,366023177318	0,196354424071	0,550171889602	0,28681527406	0,550171889602	0,000487551124926	0,217551177194	0,158141495873
47700	3,17196950723	0,963125891072	0,0	1,96353221542	1,96353221542	1,06190668361	0,656322594471	0,963125891072	0,0	0,668754338691	0,423558666129	1,21989959853	0,590248653984	1,21989959853	0,0292674288551	0,574305827584	0,429573185442
48600	2,06593967677	0,59646727474	0,0	1,27235076961	1,27235076961	0,682113948467	0,393119599299	0,59646727474	0,0	0,370125765071	0,293581281651	0,768182258825	0,294880768407	0,768182258825	0,137507018186	0,325284580664	0,383294733695
49500	1,41736254123	0,420591272532	0,0	0,869356289444	0,869356289444	0,460356562077	0,28158669693	0,420591272532	0,0	0,317978145737	0,21160888715	0,519540414499	0,303227625899	0,519540414499	0,00865358101917	0,179502914143	0,203974236664
50400	3,59880088409	1,13626546825	0,0	2,23173163651	2,23173163651	1,23696953638	0,76396736796	1,13626546825	0,0	0,862474867492	0,495447275171	1,5160240776	0,747382786671	1,5160240776	0,00178919278724	0,666129171976	0,620906424848
51300	1,42996501899	0,44143800806	0,0	0,869034423399	0,869034423399	0,492122021427	0,257421641359	0,44143800806	0,0	0,335080852864	0,262107802082	0,610169034449	0,308969681147	0,610169034449	0,00852011701452	0,253506991622	0,245694853791
52200	0,187734458614	0,0327274888026	0,0	0,088149120142	0,088149120142	0,0261844156193	0,00489322908367	0,0327274888026	0,0	0,0623702698589	0,0376672228151	0,00924781681548	0,0566592256852	0,00924781681548	0,0192643848501	0,0291397569463	0,0477347585218
53100	0,482892903005	0,18387241372	0,0	0,325519394575	0,325519394575	0,206792730419	0,145226121936	0,18387241372	0,0	0,0968858072249	0,0589436852233	0,278015215359	0,0881860659467	0,278015215359	0,00441918932437	0,160802543929	0,148131360904
54000	0,465664200788	0,17920182708	0,0	0,319677665868	0,319677665868	0,207360211115	0,145533256526	0,17920182708	0,0	0,0987785373804	0,0340736224161	0,257750261472	0,0875194487374	0,257750261472	0,0127838712948	0,0943459098663	0,183836319938
54900	0,778925952894	0,232311470797	0,0	0,450309451459	0,450309451459	0,230917963149	0,123084994389	0,232311470797	0,0	0,249058824349	0,114998923043	0,358586193393	0,141476549777	0,358586193393	0,0794522092581	0,195826168816	0,14590547689
55800	0,291765452522	0,12011290784	0,0	0,197882762946	0,197882762946	0,11463839516	0,109474791069	0,12011290784	0,0	0,107756257998	0,0372412975946	0,212370454525	0,078970374148	0,212370454525	0,0137726499045	0,0701351925205	0,154693031145
56700	0,924897295434	0,332317063383	0,0	0,592577795074	0,592577795074	0,347165069913	0,245412341312	0,332317063383	0,0	0,278539038392	0,144002960458	0,5461354072	0,208723006884	0,5461354072	0,00622251108995	0,22621398629	0,326143754478
57600	0,587700339369	0,21153519895	0,0	0,383804144585	0,383804144585	0,224861170995	0,166582799339	0,21153519895	0,0	0,169041776517	0,0547539210545	0,308385793496	0,134584836602	0,308385793496	0,0458191338262	0,142296584191	0,127910002348
58500	1,0056977974	0,352498472217	0,0	0,653199325427	0,653199325427	0,362317988152	0,290881337305	0,352498472217	0,0	0,28312159451	0,0639238587753	0,467320965803	0,232222959757	0,467320965803	0,0543412403163	0,227636859434	0,185342865953
59400	1,11624305109	0,392119469508	0,0	0,724123581931	0,724123581931	0,406252798205	0,317870783791	0,392119469508	0,0	0,311528257106	0,0926407795126	0,557259016856	0,239029489214	0,557259016856	0,0516268620039	0,279233224017	0,226398930871
60300	1,08705592398	0,369342861017	0,0	0,717713063262	0,717713063262	0,399419720684	0,318293342578	0,369342861017	0,0	0,230180747022	0,0940241886538	0,483820934135	0,209726862515	0,483820934135	0,0380089774498	0,234754849458	0,211057107177
61200	1,21916593871	0,424282816701	0,0	0,794883122448	0,794883122448	0,462269386834	0,332613735746	0,424282816701	0,0	0,284452871764	0,120092387661	0,593390403786	0,235437672493	0,593390403786	0,0131311741088	0,305562512976	0,274696716585
62100	1,0657599874	0,367697269258	0,0	0,698062718457	0,698062718457	0,399248972232	0,298813746259	0,367697269258	0,0	0,257580890431	0,104705521729	0,528433853079	0,201549828352	0,528433853079	0,014820867619	0,279820403736	0,263434317015
63000	1,08672942465	0,374285615057	0,0	0,712443809914	0,712443809914	0,40826041065	0,304183399326	0,374285615057	0,0	0,241148901346	0,1098337454	0,530218010921	0,195050250909	0,530218010921	0,0152953936973	0,267564008183	0,277949396455
63900	1,0293686012	0,36285867894	0,0	0,666509922544	0,666509922544	0,406670935874	0,259838986729	0,36285867894	0,0	0,230489259198	0,144192760738	0,531783694866	0,205757004047	0,531783694866	0,00592014847518	0,270902282996	0,266801560415
64800	0,91941884079	0,324841385653	0,0	0,594575056177	0,594575056177	0,346335278682	0,248239391083	0,324841385653	0,0	0,233157734251	0,0927337119434	0,464652033239	0,186080231509	0,464652033239	0,00186614511179	0,227078353552	0,239439699877
65700	1,12714537012	0,398479847698	0,0	0,728665522775	0,728665522775	0,418783079651	0,309882443131	0,398479847698	0,0	0,296678356919	0,107691277866	0,567791073165	0,235058409409	0,567791073165	0,019637714017	0,281408577139	0,266744781944
66600	1,10990527641	0,385049892763	0,0	0,72485538398	0,72485538398	0,440185236416	0,284670147652	0,385049892763	0,0	0,239473306381	0,0973868452228	0,521432228937	0,200477815355	0,521432228937	0,00051126225184	0,249286198361	0,272657292762
67500	1,01049058117	0,34738111855	0,0	0,663109462869	0,663109462869	0,379802747876	0,283306715047	0,34738111855	0,0	0,250906958616	0,0347586514022	0,435103608858	0,197943119845	0,435103608858	0,0531703042695	0,180043977946	0,201889326609
68400	1,42326054404	0,481352264909	0,0	0,941908279804	0,941908279804	0,560835031446	0,38107324843	0,481352264909	0,0	0,355343211832	0,0755302460879	0,626394409473	0,285831313305	0,626394409473	0,099423710393	0,286632382268	0,240338316933
69300	1,28342917815	0,435198575899	0,0	0,848230602774	0,848230602774	0,494636306693	0,353594296132	0,435198575899	0,0	0,310780896196	0,0463902119453	0,559023267129	0,233346416932	0,559023267129	0,0492229454218	0,251945002906	0,257855318702
70200	1,45368103923	0,494020304834	0,0	0,959660735136	0,959660735136	0,578826890087	0,380833845111	0,494020304834	0,0	0,339547173442	0,109872340094	0,669264035416	0,274175783096	0,669264035416	0,0501536239472	0,331428047159	0,287682364178
71100	1,58623137637	0,557751465071	0,0	1,02847991229	1,02847991229	0,590465426296	0,438014486043	0,557751465071	0,0	0,424794480204	0,145183553687	0,805298011622	0,322431487546	0,805298011622	0,060104354994	0,39410912847	0,351084528012
72000	1,65119116704	0,579091213754	0,0	1,07209995437	1,07209995437	0,622636391757	0,449463562739	0,579091213754	0,0	0,420779810273	0,128283894938	0,820255813226	0,3078991059	0,820255813226	0,00839517984225	0,479546928817	0,349104064359
72900	1,37716372285	0,483741152535	0,0	0,893422570972	0,893422570972	0,510545601877	0,382876969145	0,483741152535	0,0	0,372504268644	0,147374273463	0,72129842122	0,28232127349	0,72129842122	0,0131832095566	0,337290621698	0,370824589971
73800	1,34622225808	0,468169483167	0,0	0,87805277551	0,87805277551	0,510751145419	0,367301630186	0,468169483167	0,0	0,327149948653	0,113130898011	0,635203219958	0,27324711005	0,635203219958	0,0555470786842	0,279069143922	0,300586997288
74700	1,27509660596	0,441258675867	0,0	0,833837930623	0,833837930623	0,491098725392	0,342739205292	0,441258675867	0,0	0,303346742164	0,069986722876	0,591685586496	0,222906554468	0,591685586496	0,0187704423091	0,302985289498	0,307470739277
75600	1,0687990697	0,364250778695	0,0	0,704548291282	0,704548291282	0,428866191791	0,275682099541	0,364250778695	0,0	0,206903574155	0,116285529053	0,490054369888	0,197385511962	0,490054369888	0,00677213092795	0,248227538967	0,235054699961
76500	1,07149194825	0,369953383315	0,0	0,70153856523	0,70153856523	0,43375634916	0,267782216156	0,369953383315	0,0	0,212895590244	0,116854216267	0,508196279085	0,191506910796	0,508196279085	0,0157471205275	0,279889510173	0,244053889407
77400	0,925001207083	0,325630668002	0,0	0,599368112856	0,599368112856	0,356141520753	0,243226199338	0,325630668002	0,0	0,244023959407	0,0761915785255	0,459867655199	0,18597798172	0,459867655199	0,0167315066835	0,235661007679	0,207475022105
78300	0,998989532528	0,348193821822	0,0	0,650795710937	0,650795710937	0,401569844715	0,249225866269	0,348193821822	0,0	0,256254948108	0,114827508746	0,517514259584	0,201762019115	0,517514259584	0,0161434247906	0,255809469483	0,245561365381
79200	0,883862486762	0,311398284327	0,0	0,572461986824	0,572461986824	0,343747013727	0,228714614718	0,311398284327	0,0	0,233294177415	0,10637032055	0,456428027728	0,194634221531	0,456428027728	0,0236651029585	0,217915075967	0,214847732331
80100	0,84935203605	0,301008840239	0,0	0,548341147122	0,548341147122	0,330223744586	0,218117073732	0,301008840239	0,0	0,231044000397	0,0987243635484	0,449078697885	0,181698005166	0,449078697885	0,0144165979531	0,230209428579	0,204452557901
81000	0,783455040499	0,275791127215	0,0	0,507662172765	0,507662172765	0,305450679191	0,20221121173	0,275791127215	0,0	0,200387095895	0,0902614441398	0,400938204357	0,165501049101	0,400938204357	0,00689687955972	0,186253077901	0,207788154733
81900	0,822877379043	0,289674306208	0,0	0,533201152744	0,533201152744	0,320310480295	0,212890361561	0,289674306208	0,0	0,196581219324	0,106088235798	0,417641153913	0,174702154289	0,417641153913	0,0179569488184	0,195744251941	0,20393985491
82800	0,675025916855	0,239438082006	0,0	0,435586540543	0,435586540543	0,253654085424	0,181932247723	0,239438082006	0,0	0,173779724277	0,0913098853433	0,357203877562	0,147323497592	0,357203877562	0,00358469814829	0,170917978985	0,182701127204
83700	0,648311707609	0,227839555814	0,0	0,42047096036	0,42047096036	0,247833275961	0,172637491147	0,227839555814	0,0	0,153148643831	0,06886003401	0,32403907409	0,125808883531	0,32403907409	0,00457851359997	0,158603641708	0,160856858777
84600	0,633971995038	0,222740529827	0,0	0,411230325967	0,411230325967	0,245761278216	0,165468862857	0,222740529827	0,0	0,161635298869	0,0687479865122	0,322246801905	0,130876744515	0,322246801905	0,00388286806183	0,169545270912	0,148818603787
85500	0,566823436267	0,197949148851	0,0	0,368873377914	0,368873377914	0,21571778813	0,153155441046	0,197949148851	0,0	0,141661273928	0,0460405173743	0,277741975407	0,107908756667	0,277741975407	0,00315611416964	0,147392452991	0,127193364316
86400	0,432842240168	0,146092042561	0,0	0,28674967098	0,28674967098	0,168639784103	0,118109796977	0,146092042561	0,0	0,101048853268	0,025647330574	0,195280328321	0,0775077872903	0,195280328321	0,00716289852059	0,0987929285264	0,0893244797953
87300	0,411044317209	0,141864106666	0,0	0,269179733444	0,269179733444	0,157635628053	0,111544026179	0,141864106666	0,0	0,104766656103	0,0502032624207	0,213956371788	0,0828775422436	0,213956371788	0,0101334409474	0,108254269799	0,0955686355035
88200	0,410887862913	0,140231327706	0,0	0,270656059591	0,270656059591	0,164158954891	0,106497024549	0,140231327706	0,0	0,0909972283034	0,0454345390202	0,19973413358	0,0769288570926	0,19973413358	0,00428775142729	0,100658078147	0,0947882813591
89100	0,353280732252	0,120170270681	0,0	0,233110110193	0,233110110193	0,138105288383	0,0950047624152	0,120170270681	0,0	0,0862684233279	0,0198463781496	0,161867820072	0,0644171765712	0,161867820072	0,00580319078324	0,0815815661276	0,0744830484628
90000	0,311855175435	0,105952456018	0,0	0,205902445671	0,205902445671	0,119264915843	0,0866374835132	0,105952456018	0,0	0,0761682602954	0,00949979230712	0,136308773961	0,055311676874	0,136308773961	0,00359592506524	0,0670216814554	0,0656911569021
90900	0,326918250564	0,113682449396	0,0	0,213235498895	0,213235498895	0,123613149807	0,0896222994004	0,113682449396	0,0	0,0855324438671	0,0276917664177	0,162266078172	0,0646405118442	0,162266078172	0,00489063099159	0,0721295128798	0,0852459192806
91800	0,276125368116	0,0956918525197	0,0	0,180433300094	0,180433300094	0,100714598119	0,0797186664006	0,0956918525197	0,0	0,0743353146718	0,0236462127118	0,13848643499	0,0551868950792	0,13848643499	0,00795967090512	0,0645731459882	0,0659536074055
92700	0,305396594441	0,106235355117	0,0	0,199160975517	0,199160975517	0,114504776105	0,0846561560491	0,106235355117	0,0	0,0765527715835	0,0352076117901	0,159105833445	0,0588898433397	0,159105833445	0,00450104948339	0,0818543924032	0,08175247569
93600	0,313172639902	0,109948980997	0,0	0,203223380931	0,203223380931	0,122353183023	0,0808701527945	0,109948980997	0,0	0,0800769253155	0,0335826118607	0,163345900679	0,0602625515749	0,163345900679	0,0051890615904	0,088368409244	0,0801665374973
94500	0,296928323239	0,102938978336	0,0	0,193989095703	0,193989095703	0,115995069021	0,0779939855599	0,102938978336	0,0	0,0748786484733	0,0211266082167	0,141466850582	0,0574773283847	0,141466850582	0,00422407349859	0,0692079387347	0,0680348270488
95400	0,284011133441	0,0988416968193	0,0	0,185169208442	0,185169208442	0,108415531634	0,0767536393561	0,0988416968193	0,0	0,0740937937647	0,0217977889607	0,13738445397	0,0573487733477	0,13738445397	0,00891770434671	0,0593090350142	0,0691577040702
96300	0,257455028677	0,0902529948264	0,0	0,167201846047	0,167201846047	0,0935128422925	0,0736889732033	0,0902529948264	0,0	0,0717967132121	0,0209817758387	0,12985209451	0,0531793449675	0,12985209451	0,0110977290452	0,0545258476972	0,0642285084131
97200	0,272171802055	0,0951850882917	0,0	0,176986503982	0,176986503982	0,102469390447	0,0745170793302	0,0951850882917	0,0	0,0701255977229	0,0284158562951	0,139533186805	0,054193306266	0,139533186805	0,000749849350001	0,0710372611041	0,0677460651694
98100	0,281220315799	0,0984926416691	0,0	0,182727450117	0,182727450117	0,110822164279	0,0719052493086	0,0984926416691	0,0	0,071123653001	0,0331380012417	0,147350401914	0,0554038409132	0,147350401914	0,00340053136898	0,080022295095	0,0707286255183
99000	0,285592442403	0,0996873671807	0,0	0,185904844337	0,185904844337	0,11054934363	0,0753554629335	0,0996873671807	0,0	0,0703358558986	0,0251505468678	0,139696569486	0,0554771476505	0,139696569486	0,00114775118627	0,0688792725683	0,06966953455
99900	0,288927103911	0,0999993591042	0,0	0,188927508945	0,188927508945	0,10951497767	0,0794124922582	0,0999993591042	0,0	0,0727684233214	0,020532480524	0,136486965894	0,0568132442367	0,136486965894	0,00792153109455	0,0625447840572	0,0660206402886
100800	0,244801619793	0,0844311558168	0,0	0,160370294781	0,160370294781	0,0921487001947	0,0682215664623	0,0844311558168	0,0	0,0640344610045	0,0226404527719	0,121050346723	0,0500556841724	0,121050346723	0,0115096711572	0,0512881743256	0,0582524931714
101700	0,274585625241	0,0959768334387	0,0	0,178608578325	0,178608578325	0,103987818226	0,0746207252263	0,0959768334387	0,0	0,0682186705288	0,0302307451467	0,139243022995	0,0551831763351	0,139243022995	0,00386081718367	0,0662977190012	0,0690844758319
102600	0,290274593146	0,101614384928	0,0	0,188659969563	0,188659969563	0,113673181497	0,0749867491598	0,101614384928	0,0	0,0708616756532	0,0282418434625	0,143330474977	0,0573873740846	0,143330474977	0,00394397902992	0,0717439783015	0,0676425060414
103500	0,273782557147	0,095872642293	0,0	0,177909702527	0,177909702527	0,106556628063	0,071353039862	0,095872642293	0,0	0,0689550000654	0,0295703267962	0,139785989442	0,0546119299071	0,139785989442	0,00111674890175	0,0761575985227	0,0647451285553
104400	0,33750181859	0,116665777989	0,0	0,220835718833	0,220835718833	0,124958603104	0,0958770624469	0,116665777989	0,0	0,0851661141554	0,0103542357065	0,149513906853	0,0626721507387	0,149513906853	0,0105752680418	0,0665122318061	0,0724263946072
105300	0,329697506515	0,112588940023	0,0	0,217108260214	0,217108260214	0,124787349195	0,0923208594955	0,112588940023	0,0	0,0841900339372	0,0173534652881	0,153822714589	0,0603096577891	0,153822714589	0,00737918795639	0,0690760345861	0,0773674786835
106200	0,337600541529	0,116366204422	0,0	0,22123401536	0,22123401536	0,13484864749	0,0863853143427	0,116366204422	0,0	0,0836571973594	0,0394644521054	0,170507868236	0,0689799118391	0,170507868236	0,0108000831113	0,0809310919385	0,0787766770839
107100	0,409312928003	0,145718300311	0,0	0,263594151387	0,263594151387	0,160265041413	0,103329034	0,145718300311	0,0	0,112331696613	0,0527099564632	0,22123672666	0,0895231080883	0,22123672666	0,0160356816449	0,104560614165	0,100640403755
108000	0,541632413661	0,187119565115	0,0	0,354512020006	0,354512020006	0,210274274683	0,144237607935	0,187119565115	0,0	0,118208991202	0,0398377093901	0,247634201603	0,0975318845981	0,247634201603	0,0118271558198	0,117674295895	0,118132715579
108900	0,556443370073	0,193147917757	0,0	0,363294576958	0,363294576958	0,210383042633	0,152911390032	0,193147917757	0,0	0,139745434811	0,0518416182105	0,274461025877	0,110273744865	0,274461025877	0,0186861078511	0,127105907969	0,128668968206
109800	0,655663117282	0,225237175205	0,0	0,430424729383	0,430424729383	0,249658722065	0,180765804837	0,225237175205	0,0	0,156189987414	0,041272115567	0,305375750236	0,117323263617	0,305375750236	0,0172058119666	0,150683106508	0,137486779874
110700	0,68698072033	0,231680330411	0,0	0,455299063573	0,455299063573	0,273735916195	0,181562920694	0,231680330411	0,0	0,148477523491	0,0428304179804	0,306009801053	0,116978196108	0,306009801053	0,00687010658002	0,153934753255	0,145204888148
111600	0,751206035695	0,261620830389	0,0	0,489583608858	0,489583608858	0,298244942524	0,191338404149	0,261620830389	0,0	0,183136911727	0,0759637522957	0,380273041125	0,140448085784	0,380273041125	0,00268394248383	0,213342510183	0,169614390268
112500	0,741245893328	0,261094223628	0,0	0,480150111449	0,480150111449	0,285697440312	0,194452419084	0,261094223628	0,0	0,200475046144	0,0819406354433	0,382249306084	0,161260224307	0,382249306084	0,015706524252	0,197182993919	0,169359706109
113400	0,835876873215	0,290415785711	0,0	0,545459111924	0,545459111924	0,311152062319	0,234306724303	0,290415785711	0,0	0,225271979523	0,0803902059894	0,428688541836	0,167388966684	0,428688541836	0,00941448742947	0,199606210639	0,219667738831
114300	0,844704833415	0,296606687646	0,0	0,548096123594	0,548096123594	0,332291732418	0,215804062614	0,296606687646	0,0	0,222287809014	0,113650071885	0,460046888265	0,172497187524	0,460046888265	0,00267754675756	0,261526404765	0,195842816054
115200	1,04043924534	0,364483831766	0,0	0,67595541387	0,67595541387	0,389403299834	0,286552114045	0,364483831766	0,0	0,29317599109	0,089494050142	0,549848560935	0,197305312133	0,549848560935	0,0207605403243	0,299938981468	0,27067011976
116100	1,08747716057	0,381472876135	0,0	0,706004284783	0,706004284783	0,435420403725	0,270583881077	0,381472876135	0,0	0,258021454019	0,120917049524	0,536978646607	0,223432733114	0,536978646607	0,045008333975	0,224757803582	0,267212509018
117000	1,20268524306	0,417293954654	0,0	0,785391288855	0,785391288855	0,448369184804	0,337022104123	0,417293954654	0,0	0,337150244063	0,139561875802	0,639453761526	0,254552313016	0,639453761526	0,0209990093621	0,2941073194	0,324347432665
117900	0,860131227128	0,305978036498	0,0	0,554151087824	0,554151087824	0,331124088832	0,223026663253	0,305978036498	0,0	0,245500421219	0,122395721029	0,474085699909	0,199787945151	0,474085699909	0,0380019688579	0,2228033735	0,21328023386
118800	1,05014372964	0,376501915211	0,0	0,677281697228	0,677281697228	0,394550550438	0,286371072722	0,376501915211	0,0	0,289414659971	0,165179629878	0,61832313211	0,216413076292	0,61832313211	0,0220289916993	0,327675552849	0,316316593917
119700	0,459827317549	0,172762593566	0,0	0,321126803715	0,321126803715	0,2305545539	0,124634817618	0,172762593566	0,0	0,140701719988	0,065982289608	0,331141214428	0,0823678638877	0,331141214428	0,0319522376087	0,193000848933	0,204155180145
120600	1,25182009525	0,385115159232	0,0	0,75465878597	0,75465878597	0,438872658607	0,203741465174	0,385115159232	0,0	0,274821284368	0,162676115524	0,44661054206	0,263959663374	0,44661054206	0,0100694669321	0,158682278534	0,16581688313
121500	0,587420151574	0,216700655569	0,0	0,387980647389	0,387980647389	0,220213352212	0,18502926684	0,216700655569	0,0	0,191249164623	0,00835733531524	0,316432395822	0,117136621613	0,316432395822	0,0256499755184	0,174072857232	0,133971623255
122400	1,1049205264	0,335404124558	0,0	0,643747686305	0,643747686305	0,324078107453	0,193902288012	0,335404124558	0,0	0,315725463601	0,269196043579	0,512465774518	0,282094853431	0,512465774518	0,0358789034386	0,181971137087	0,240609103981
123300	1,49184515247	0,443586340862	0,0	0,923484139353	0,923484139353	0,499298563693	0,299412930548	0,443586340862	0,0	0,289592585856	0,14342734356	0,461600504744	0,290235961871	0,461600504744	0,0428257412497	0,166825733199	0,127179733365
124200	1,48514649903	0,453026335924	0,0	0,898001204879	0,898001204879	0,447503130329	0,316381235144	0,453026335924	0,0	0,353053308264	0,175288337764	0,53703669026	0,310217678021	0,53703669026	0,00796807955385	0,206871668923	0,204020120846
125100	2,19806389796	0,673218752639	0,0	1,36386814305	1,36386814305	0,738411710151	0,464483291	0,673218752639	0,0	0,476308877487	0,266135472928	0,823884029569	0,430811599048	0,823884029569	0,0208803261912	0,307234167255	0,376563880175
126000	1,93095363811	0,594116664993	0,0	1,19505103351	1,19505103351	0,651909492534	0,401358581293	0,594116664993	0,0	0,428182362249	0,259280327969	0,792310967153	0,347489855797	0,792310967153	0,0775992511791	0,387331126048	0,340801547924
126900	1,98119156531	0,598035373996	0,0	1,22526922976	1,22526922976	0,655358331159	0,412027339103	0,598035373996	0,0	0,43682778908	0,241664875388	0,807707190207	0,310942189352	0,807707190207	0,0774438008355	0,421836814547	0,305436638919
127800	1,68521861732	0,516077665475	0,0	1,03875012868	1,03875012868	0,572812664539	0,335549023452	0,516077665475	0,0	0,36031990077	0,249808971743	0,690082191456	0,305739441753	0,690082191456	0,0543841792184	0,309242469768	0,304839787543
128700	2,15551657804	0,679547595876	0,0	1,31746637663	1,31746637663	0,70150971248	0,45745773039	0,679547595876	0,0	0,529654809998	0,261893927141	0,92498696402	0,387616233362	0,92498696402	0,0864745122228	0,440641135628	0,412328493871
129600	2,06504488276	0,65375247744	0,0	1,26277364822	1,26277364822	0,662480796057	0,451777393006	0,65375247744	0,0	0,543320423117	0,283034656953	0,914864627839	0,416732709712	0,914864627839	0,0390242778834	0,422523423841	0,382856456511
130500	1,70140751901	0,537297339028	0,0	1,022782908	1,022782908	0,565353644559	0,316104533962	0,537297339028	0,0	0,453481361496	0,240385978925	0,776674416891	0,313169669052	0,776674416891	0,0784811061517	0,384563320353	0,329272574473
131400	1,75286080487	0,539448923077	0,0	1,06518869707	1,06518869707	0,588847661295	0,328120628111	0,539448923077	0,0	0,434807845222	0,263144500965	0,750790110786	0,33839500584	0,750790110786	0,0115836554727	0,347071375009	0,267087217355
132300	1,7377548598	0,533756972228	0,0	1,06255873807	1,06255873807	0,571297144151	0,34982508788	0,533756972228	0,0	0,432191928945	0,226680718999	0,713456889503	0,337740220655	0,713456889503	0,0227001274192	0,344948951831	0,249776442393
133200	1,59525649944	0,486866859357	0,0	0,978875240647	0,978875240647	0,527954031112	0,321409040295	0,486866859357	0,0	0,350999265592	0,251776505504	0,623227486106	0,336906291071	0,623227486106	0,0187756800424	0,244183002568	0,230760660305
134100	0,956233455079	0,279132890788	0,0	0,584548306621	0,584548306621	0,31035057441	0,181643316251	0,279132890788	0,0	0,182658081065	0,148193267467	0,370634315754	0,146795456778	0,370634315754	0,0505643680623	0,15346137858	0,175182471862
135000	1,43872460436	0,436273946328	0,0	0,888092215624	0,888092215624	0,477890335189	0,295845224835	0,436273946328	0,0	0,306573965253	0,195043368408	0,587449847932	0,23608737836	0,587449847932	0,0665740169978	0,262660818098	0,277009584287
135900	1,71796549253	0,528281208302	0,0	1,05898877102	1,05898877102	0,580461369745	0,34783432242	0,528281208302	0,0	0,382289772359	0,203669016012	0,679428220142	0,304122335567	0,679428220142	0,0614974338075	0,294689521119	0,315547472875
136800	1,15415172229	0,359633391512	0,0	0,698983427652	0,698983427652	0,402177908127	0,201271791464	0,359633391512	0,0	0,274132088291	0,165303927863	0,496476236099	0,207061291291	0,496476236099	0,0749957045893	0,257642135164	0,218298342704
137700	2,13800077132	0,677114547779	0,0	1,31410431644	1,31410431644	0,736667626174	0,430658174818	0,677114547779	0,0	0,521704745671	0,320139727514	0,941043011042	0,431142840974	0,941043011042	0,0559487407427	0,44635814028	0,40386165722
138600	2,67208135821	0,841972948833	0,0	1,64739811943	1,64739811943	0,900113966069	0,564579153935	0,841972948833	0,0	0,666109160915	0,353409403236	1,15239323469	0,526401508609	1,15239323469	0,0798407592402	0,53360757897	0,515931495677
139500	1,02208618282	0,310145127782	0,0	0,614512942922	0,614512942922	0,322943405548	0,194142478931	0,310145127782	0,0	0,258362462163	0,186200554562	0,466502155566	0,190780535701	0,466502155566	0,0415851953004	0,215408519733	0,195253778153
140400	0,482581835045	0,140996758461	0,0	0,2739374746	0,2739374746	0,150288070057	0,0560012403037	0,140996758461	0,0	0,142699608139	0,0966235358397	0,206720616946	0,10595112302	0,206720616946	0,012850722328	0,1028319247	0,0490911400556
141300	0,192931316534	0,0808940975998	0,0	0,133379566371	0,133379566371	0,081778041261	0,0729439617108	0,0808940975998	0,0	0,0712093629252	0,0158766401063	0,110828338315	0,0467408950525	0,110828338315	0,0207339559013	0,0418313700479	0,0696054515624
142200	0,0399511968132	0,0353352962086	0,0	0,0384870240369	0,0384870240369	0,0341661761761	0,0381919758048	0,0353352962086	0,0	0,0353603196103	0,0252492223399	0,0751247345869	0,00419277358472	0,0751247345869	0,00988523862561	0,0696083157633	0,0492727739545
143100	0,233789745817	0,0978418091936	0,0	0,163102085864	0,163102085864	0,104684516684	0,0855718485674	0,0978418091936	0,0	0,0829542989414	0,0418049368742	0,119021252618	0,0471241648225	0,119021252618	0,00106864945277	0,0860161181528	0,0590907701421
144000	0,795543045498	0,285144752788	0,0	0,510396490716	0,510396490716	0,306258904802	0,20413730104	0,285144752788	0,0	0,233339461524	0,105361493376	0,463114409312	0,160730830473	0,463114409312	0,0251724472756	0,280486945925	0,207799783623
144900	0,769592405659	0,276480724353	0,0	0,493109994039	0,493109994039	0,290179472189	0,202930256027	0,276480724353	0,0	0,226910446905	0,104716028173	0,432264558819	0,175842203399	0,432264558819	0,0401361436625	0,23088200679	0,161246306468
145800	0,685698529788	0,243100783628	0,0	0,442596410744	0,442596410744	0,262718775135	0,17987742146	0,243100783628	0,0	0,190240568217	0,0884872773466	0,371466324559	0,150361972728	0,371466324559	0,0322706893454	0,198647224146	0,140548335648
146700	0,900901753202	0,320749834554	0,0	0,58014961134	0,58014961134	0,345898211853	0,234251031473	0,320749834554	0,0	0,235540155632	0,105834633571	0,48590648939	0,176217568603	0,48590648939	0,00515281106855	0,264400053607	0,226659110654
147600	0,899600544677	0,316686701928	0,0	0,58291154793	0,58291154793	0,3365495161	0,24636166041	0,316686701928	0,0	0,245215800939	0,065612609147	0,452649404995	0,174865165873	0,452649404995	0,0200762763085	0,226862971562	0,205710042515
148500	1,05054562069	0,363432626053	0,0	0,687112994918	0,687112994918	0,39031146361	0,296801531342	0,363432626053	0,0	0,273941086273	0,0539672226472	0,506419958066	0,184920976923	0,506419958066	0,00427281023134	0,243758018226	0,266934749938
149400	1,26384082083	0,413609918331	0,0	0,850230902962	0,850230902962	0,540488533408	0,309742369568	0,413609918331	0,0	0,253091949655	0,0648472471454	0,526631426835	0,204917688314	0,526631426835	0,00574159380231	0,272317891886	0,24857194115
150300	1,09400723517	0,367969682754	0,0	0,726037552725	0,726037552725	0,453243132466	0,272794420311	0,367969682754	0,0	0,240343953022	0,0942537788679	0,493512197068	0,209055217556	0,493512197068	0,0237381705858	0,242405891481	0,227368134969
151200	1,27769390165	0,421858873449	0,0	0,855835028684	0,855835028684	0,554365565933	0,301469462733	0,421858873449	0,0	0,264158945214	0,145357520999	0,585575479545	0,245799860227	0,585575479545	0,0278693850377	0,290571304521	0,267134789938
152100	1,26749210772	0,424152632849	0,0	0,843339475348	0,843339475348	0,534890202229	0,308449273143	0,424152632849	0,0	0,245294588354	0,126068594467	0,563198711824	0,232317103956	0,563198711824	0,0321604527169	0,269336895047	0,261701364012
153000	1,27786716848	0,448061250876	0,0	0,829805918107	0,829805918107	0,477785732573	0,352020185639	0,448061250876	0,0	0,331440713825	0,157156927979	0,675141437708	0,261517454954	0,675141437708	0,003126214836	0,35504220957	0,316973013306
153900	1,37806230766	0,486043398734	0,0	0,892018909606	0,892018909606	0,525006869397	0,36701204026	0,486043398734	0,0	0,363732470501	0,184946683766	0,750560123286	0,284162429719	0,750560123286	0,00309665147461	0,391003043969	0,356460427883
154800	1,41323576854	0,504616082709	0,0	0,90861968657	0,90861968657	0,536529406852	0,372090279769	0,504616082709	0,0	0,409174468739	0,208043437293	0,81514618756	0,306687801316	0,81514618756	0,0126930693333	0,424336101997	0,403503154888
155700	1,39042331839	0,492965389245	0,0	0,897457929861	0,897457929861	0,525937636299	0,371520293643	0,492965389245	0,0	0,387228163529	0,210791848928	0,797436169335	0,293549232492	0,797436169335	0,0166091696925	0,417470542863	0,396574796189
156600	1,29658961952	0,465601316833	0,0	0,830988303258	0,830988303258	0,486768385542	0,344219917805	0,465601316833	0,0	0,397282611914	0,182601780642	0,768216409966	0,277269299505	0,768216409966	0,0388564805047	0,442991617367	0,364081273077
157500	1,41114473095	0,490275809565	0,0	0,920868922074	0,920868922074	0,557856701212	0,363012220948	0,490275809565	0,0	0,309552407608	0,146522419942	0,683336213242	0,263014423889	0,683336213242	0,00545044330164	0,385192223728	0,303594432786
158400	1,33206246713	0,461511639257	0,0	0,870550828438	0,870550828438	0,518462599832	0,352088228673	0,461511639257	0,0	0,301966360135	0,110246155288	0,621580303537	0,252143851222	0,621580303537	0,0391502424774	0,298230948813	0,284199112148
159300	1,28040841658	0,44042784748	0,0	0,839980569584	0,839980569584	0,503416488439	0,33656408119	0,44042784748	0,0	0,266519461866	0,130787824389	0,612687999016	0,225047134771	0,612687999016	0,0119300505016	0,329977907438	0,294640141981
160200	1,03931057456	0,359182533744	0,0	0,680128041091	0,680128041091	0,37843970175	0,301688339357	0,359182533744	0,0	0,272984240051	0,0990975650751	0,527111366669	0,204152972315	0,527111366669	0,00470889960511	0,281739541531	0,240662925569
161100	1,05714084199	0,371250175693	0,0	0,685890666593	0,685890666593	0,401979533059	0,283911133586	0,371250175693	0,0	0,283384128895	0,118687609034	0,557767774454	0,21555413927	0,557767774454	0,00622036643393	0,30566919894	0,258318942103
162000	0,987318521523	0,348304031697	0,0	0,639011724418	0,639011724418	0,378470357742	0,260540920283	0,348304031697	0,0	0,272597407307	0,107051853043	0,514034589415	0,213918032478	0,514034589415	0,015282411044	0,272472179125	0,226279850476
162900	1,01796849573	0,360377608988	0,0	0,657590887007	0,657590887007	0,380019701402	0,277571185662	0,360377608988	0,0	0,281443346363	0,114065203254	0,532946944022	0,222939214613	0,532946944022	0,0183728712147	0,28236276891	0,232211303933
163800	0,997469238003	0,347731430262	0,0	0,649737807989	0,649737807989	0,372769808848	0,276967999171	0,347731430262	0,0	0,262862940856	0,118556985282	0,51960957358	0,20954178295	0,51960957358	0,00636433268969	0,277918182763	0,235327058011
164700	0,898152704618	0,309877994108	0,0	0,588272432979	0,588272432979	0,345549899221	0,242722155458	0,309877994108	0,0	0,218229692417	0,0995893484215	0,443558115354	0,184138402277	0,443558115354	0,000342031351854	0,239500186026	0,204399847925
165600	0,878465980636	0,302991050434	0,0	0,575472751547	0,575472751547	0,339409470645	0,236062918896	0,302991050434	0,0	0,20774884408	0,0847066311436	0,42958825417	0,165857783606	0,42958825417	0,0113866076476	0,245270076066	0,195704678402
166500	0,882749472088	0,30695590207	0,0	0,575791366281	0,575791366281	0,338037348929	0,237753654916	0,30695590207	0,0	0,216581997988	0,0804210100763	0,434758957526	0,169199450626	0,434758957526	0,0013459289116	0,209459261515	0,223953658128
167400	0,812099294896	0,282073007584	0,0	0,530024422645	0,530024422645	0,302967848365	0,227056267131	0,282073007584	0,0	0,206880629775	0,0784670425707	0,410995578229	0,156424671247	0,410995578229	0,00350109953435	0,210620638419	0,196873743719
168300	0,739036567859	0,256795487709	0,0	0,482239535762	0,482239535762	0,2711529656	0,211086315825	0,256795487709	0,0	0,182808992629	0,0706978881682	0,372691475487	0,137610538734	0,372691475487	0,00143277072964	0,174173864985	0,199950300489
169200	0,769506388318	0,264782023853	0,0	0,504722693552	0,504722693552	0,286288084	0,218434331	0,264782023853	0,0	0,186663968843	0,055926075159	0,369181794377	0,138189903849	0,369181794377	0,00706338583946	0,19008171917	0,186163381745
170100	0,764396148738	0,262371535879	0,0	0,502022964913	0,502022964913	0,293825550483	0,208197138936	0,262371535879	0,0	0,190131857048	0,0585365663951	0,364466872137	0,146572721918	0,364466872137	0,0123605468193	0,175304875715	0,176801374596
171000	0,648907487232	0,226894849705	0,0	0,422011445244	0,422011445244	0,256896677038	0,165114573408	0,226894849705	0,0	0,173311721125	0,062632070027	0,324706569118	0,138131791849	0,324706569118	0,00849520915474	0,156473440401	0,159737859743
171900	0,650356524731	0,230297409722	0,0	0,420057914039	0,420057914039	0,249202087472	0,170855633671	0,230297409722	0,0	0,181254022065	0,0627234178006	0,334402433404	0,139872125398	0,334402433404	0,0139783619703	0,157168836379	0,163255172041
172800	0,641110968481	0,22614573561	0,0	0,414964066801	0,414964066801	0,244186632353	0,170777246233	0,22614573561	0,0	0,188210558916	0,0663502518032	0,336015799448	0,144690460524	0,336015799448	0,0149547446925	0,168667801135	0,152393190437
173700	0,555226973264	0,194992473335	0,0	0,360233626198	0,360233626198	0,217069755666	0,143163728614	0,194992473335	0,0	0,15154727795	0,0705909514523	0,301062541774	0,116067947365	0,301062541774	0,00317776628149	0,158243729283	0,13964099455
174600	0,60623870579	0,212942909107	0,0	0,393294754989	0,393294754989	0,246696609676	0,146597975875	0,212942909107	0,0	0,15907708087	0,0821761355917	0,316979317934	0,137216555768	0,316979317934	0,0237614790217	0,153655386318	0,139562397204
175500	0,490406105634	0,173277251023	0,0	0,317128172058	0,317128172058	0,193121105143	0,124006956864	0,173277251023	0,0	0,128031966352	0,0526145495174	0,247956638647	0,105966965431	0,247956638647	0,0325211395098	0,113837961322	0,101597504654
176400	0,426534432679	0,146284548966	0,0	0,280249370661	0,280249370661	0,17103736049	0,109211924228	0,146284548966	0,0	0,104767919477	0,0391811808002	0,199960709183	0,0902728262376	0,199960709183	0,0203912198989	0,0874081529324	0,0921613144668
177300	0,421768646024	0,150629709298	0,0	0,271138430617	0,271138430617	0,157526920236	0,11361143001	0,150629709298	0,0	0,12205538108	0,0515253632158	0,213104041414	0,111106285862	0,213104041414	0,0376439724595	0,0889421208414	0,0865179239623
178200	0,390282633691	0,137593589404	0,0	0,252688612194	0,252688612194	0,145706592001	0,106981950398	0,137593589404	0,0	0,109171544232	0,0434587799698	0,204720781052	0,0855030272857	0,204720781052	0,00749075776772	0,108773552367	0,0884564474592
179100	0,452405881431	0,159632335463	0,0	0,292772965254	0,292772965254	0,181765565129	0,111007306278	0,159632335463	0,0	0,113118179205	0,0612093253329	0,233723232786	0,100236467625	0,233723232786	0,010170478459	0,120293142293	0,103259581525
180000	0,37929038635	0,133590534516	0,0	0,245699443832	0,245699443832	0,148273518352	0,0974258594646	0,133590534516	0,0	0,0969401626234	0,0409686693933	0,196551099751	0,0749481697896	0,196551099751	0,000512212613553	0,101125490666	0,0959377995242
180900	0,321952074696	0,110901877203	0,0	0,211049904916	0,211049904916	0,124696765187	0,086353091055	0,110901877203	0,0	0,0770426230157	0,0191168011069	0,146503035087	0,060558202541	0,146503035087	0,00863926128845	0,066576131081	0,0712876307415
181800	0,312549124753	0,107185349758	0,0	0,20536349951	0,20536349951	0,122192175129	0,0831712782697	0,107185349758	0,0	0,0703107329798	0,0286387119225	0,148532584706	0,057602149703	0,148532584706	0,00633580080307	0,0678135024514	0,0743832689511
182700	0,312417493774	0,109799563663	0,0	0,202617653412	0,202617653412	0,116556556094	0,0860610524336	0,109799563663	0,0	0,0841279656644	0,0273872328791	0,158497274347	0,0628174224149	0,158497274347	0,00551061059936	0,0768905130614	0,0760961365626
183600	0,320370195232	0,11147929182	0,0	0,208890613068	0,208890613068	0,120631788369	0,0882587770156	0,11147929182	0,0	0,0842623000031	0,0315479363517	0,16541474741	0,0618747128434	0,16541474741	0,00279509694214	0,0855810846475	0,0826287438389
184500	0,294398463098	0,10359771671	0,0	0,190800500622	0,190800500622	0,114236173019	0,0765642878257	0,10359771671	0,0	0,076601679733	0,0328977668172	0,154213426573	0,0588836778804	0,154213426573	0,00331649671679	0,0804080573317	0,0771218521385
185400	0,326471398776	0,112964342758	0,0	0,213506754889	0,213506754889	0,128153048119	0,0853536569301	0,112964342758	0,0	0,0684700748488	0,0313597925721	0,150830574266	0,0619635701534	0,150830574266	0,00930247589329	0,0690738648367	0,0724542208837
186300	0,269079613287	0,0930568106364	0,0	0,176022598114	0,176022598114	0,101036852098	0,0749857121249	0,0930568106364	0,0	0,0702079958065	0,0235937337622	0,133617123469	0,0532413699139	0,133617123469	0,0080969949377	0,0614980619801	0,0640220566387
187200	0,2903098103	0,100663732461	0,0	0,189645839609	0,189645839609	0,112182335562	0,0774634647431	0,100663732461	0,0	0,0732182219538	0,0299864920604	0,14563307873	0,0582353129167	0,14563307873	0,00537595407633	0,0709439960279	0,0693131166499
188100	0,280312751412	0,0976245605223	0,0	0,182687968563	0,182687968563	0,110657336362	0,0720305957212	0,0976245605223	0,0	0,0723906264849	0,0276140745808	0,141453317817	0,0561758921223	0,141453317817	0,00376180194588	0,0696588200841	0,0680326843521
189000	0,282463886706	0,098875956238	0,0	0,183587704487	0,183587704487	0,109280986604	0,0743066810576	0,098875956238	0,0	0,0687389851623	0,0255872509969	0,135737345545	0,0574647952164	0,135737345545	0,00817238847034	0,0636203093686	0,0639446374555
189900	0,274675111618	0,0964995255503	0,0	0,178175372216	0,178175372216	0,103920431762	0,0742549057681	0,0964995255503	0,0	0,0706886938897	0,0289636979329	0,137081835844	0,0590700312227	0,137081835844	0,0141199474169	0,0597029839358	0,0632588941727
190800	0,274194194502	0,0949230283507	0,0	0,179270953713	0,179270953713	0,103000516438	0,0762704021571	0,0949230283507	0,0	0,0690753933626	0,02436864817	0,134240087221	0,0541269343986	0,134240087221	0,00947862473963	0,0611101007122	0,063651351755
191700	0,306375744961	0,105160959549	0,0	0,201214520652	0,201214520652	0,119232282995	0,081982193423	0,105160959549	0,0	0,0737748733897	0,0236524484488	0,145432708911	0,0571555142271	0,145432708911	0,00280459675597	0,0730836043644	0,069544495781
192600	0,342341550726	0,118738014112	0,0	0,223603205331	0,223603205331	0,134782998486	0,0888201521508	0,118738014112	0,0	0,0904578391152	0,035028984306	0,179011188794	0,0652135710901	0,179011188794	0,00614385266261	0,0849885626712	0,100166459807
193500	0,304643179602	0,105716753781	0,0	0,198926163445	0,198926163445	0,115789062822	0,0831370573782	0,105716753781	0,0	0,0798981568737	0,020636608328	0,146566530761	0,059684928653	0,146566530761	0,00539503019284	0,0721196027109	0,0690518857627
194400	0,326484677322	0,114033394173	0,0	0,212450981381	0,212450981381	0,122052957272	0,0903979747845	0,114033394173	0,0	0,0868479722835	0,0272278945365	0,158559138377	0,069550052709	0,158559138377	0,0191868216035	0,0689809333377	0,0703913698025
195300	0,346204443608	0,119001696752	0,0	0,227202408697	0,227202408697	0,125813895633	0,101388456577	0,119001696752	0,0	0,0889144657006	0,0206546882392	0,164721757165	0,0638490185027	0,164721757165	0,00704686464832	0,0816096607053	0,0760652165546
196200	0,377186616373	0,130472294866	0,0	0,246713919579	0,246713919579	0,143805074262	0,102908778794	0,130472294866	0,0	0,0906375185168	0,0365843246917	0,186470089015	0,071223958191	0,186470089015	0,00249669050867	0,0948293409616	0,0891440377726
197100	0,396689767879	0,137244218876	0,0	0,259445104434	0,259445104434	0,155871678545	0,103573352281	0,137244218876	0,0	0,100221058879	0,0367282205611	0,19778568947	0,0764077073825	0,19778568947	0,0011584814052	0,0990618043074	0,0975653813469
198000	0,411546587438	0,142750032659	0,0	0,268796076	0,268796076	0,159121017586	0,109674979455	0,142750032659	0,0	0,107081099049	0,0345959526659	0,195299178763	0,0891277967	0,195299178763	0,0165891711681	0,089076030684	0,0896339558715
198900	0,42325582577	0,148721976377	0,0	0,274533341561	0,274533341561	0,157277002376	0,117256256828	0,148721976377	0,0	0,116335800389	0,0345299047241	0,199786072943	0,0998014896367	0,199786072943	0,0267161827805	0,0813486760993	0,091721192415
199800	0,437837216719	0,154797529089	0,0	0,283039143486	0,283039143486	0,161766002434	0,121273053495	0,154797529089	0,0	0,126539284905	0,0515252433303	0,23738845313	0,0954734688869	0,23738845313	0,0104834895034	0,120736541556	0,106168390614
200700	0,552548821357	0,195253522707	0,0	0,357294432134	0,357294432134	0,206558903701	0,150735388882	0,195253522707	0,0	0,155143476632	0,0823603593038	0,308437226521	0,124319913502	0,308437226521	0,00157498420558	0,149912887754	0,160099267829
201600	0,749020382093	0,254350926078	0,0	0,494667877149	0,494667877149	0,32120278065	0,173464827719	0,254350926078	0,0	0,167665245053	0,0993658644816	0,356666949579	0,164714738518	0,356666949579	0,0559956539839	0,153552029943	0,147119197661
202500	0,652621872094	0,229496342049	0,0	0,423124322557	0,423124322557	0,246623825405	0,176500301433	0,229496342049	0,0	0,176528697247	0,0852052374752	0,357084024331	0,134145956254	0,357084024331	0,00131188660541	0,169372831022	0,189023005892
203400	0,890377198843	0,309923302343	0,0	0,580451654029	0,580451654029	0,317830566737	0,262620718487	0,309923302343	0,0	0,243352190478	0,0548196125111	0,44521401446	0,162880572583	0,44521401446	0,00655228943506	0,236456359062	0,215309829964
204300	0,943374497593	0,33546866021	0,0	0,607903308109	0,607903308109	0,346248745472	0,2616541586	0,33546866021	0,0	0,273045259172	0,0581397188368	0,497243346167	0,169409676173	0,497243346167	0,028047670426	0,277895171517	0,247395698032
205200	1,20812512311	0,427727000514	0,0	0,780398123032	0,780398123032	0,463675482326	0,316722640738	0,427727000514	0,0	0,310743814489	0,0995830455312	0,613195046494	0,224858814138	0,613195046494	0,0078293670082	0,306557372075	0,314467041482
206100	1,19819516102	0,407130174524	0,0	0,791064986911	0,791064986911	0,436180168227	0,354884818746	0,407130174524	0,0	0,285264746764	0,129266851793	0,610159177841	0,211502595292	0,610159177841	0,0352312800297	0,325809085989	0,319581371834
207000	0,681473438279	0,257275426276	0,0	0,445115108553	0,445115108553	0,280482402377	0,185550919607	0,257275426276	0,0	0,212299248452	0,103569787986	0,407277940141	0,186784545387	0,407277940141	0,0814132580373	0,18913155777	0,157651435225
207900	0,696690762393	0,252133035047	0,0	0,478079690851	0,478079690851	0,332595294566	0,179007483108	0,252133035047	0,0	0,186596727109	0,0855057445734	0,399986827951	0,157771626311	0,399986827951	0,063840870322	0,15153299107	0,218136169838
208800	0,0268795468751	0,0252552133197	0,0	0,00948785600947	0,00948785600947	0,0264313254063	0,0446791481781	0,0252552133197	0,0	0,00958921937085	0,0284494961835	0,100575039372	0,0325575027707	0,100575039372	0,0488099329059	0,0451901764233	0,165817382148
209700	0,6273055536	0,181907573771	0,0	0,340586643251	0,340586643251	0,112632243655	0,123142102241	0,181907573771	0,0	0,280043025455	0,0942344628633	0,309640507942	0,141732291543	0,309640507942	0,0216234345917	0,117620240432	0,108831220763
210600	0,00832654969061	0,035152924967	0,0	0,020317757244	0,020317757244	0,0588308687945	0,0252841211761	0,035152924967	0,0	0,0553771342491	0,0315853183241	0,0493036448715	0,0258546744753	0,0493036448715	0,0347827040021	0,00510873208755	0,0732094220226
211500	1,28299771274	0,410449237412	0,0	0,749929065665	0,749929065665	0,462141796754	0,165169477201	0,410449237412	0,0	0,385914074557	0,213213864378	0,645024321128	0,241937873316	0,645024321128	0,150516939151	0,3447891664	0,328137807683
212400	0,259939223101	0,0694137925622	0,0	0,118586606334	0,118586606334	0,100398768119	0,0537511472275	0,0694137925622	0,0	0,0928451956272	0,0911563179558	0,0940833509101	0,0873929629047	0,0940833509101	0,00811736175002	0,039286376108	0,0533133348444
213300	1,21908491738	0,372639908765	0,0	0,737973022474	0,737973022474	0,398930190351	0,230572254502	0,372639908765	0,0	0,32742362768	0,165665918468	0,501100409111	0,256160616002	0,501100409111	0,0318627833416	0,206861061531	0,217634179243
214200	1,86163807978	0,575858346508	0,0	1,14075806862	1,14075806862	0,632710877847	0,363028435715	0,575858346508	0,0	0,422905002558	0,264655421681	0,744314946154	0,374089504046	0,744314946154	0,0469473426233	0,313732813536	0,332516103828
215100	0,601123698171	0,167097816804	0,0	0,332505641393	0,332505641393	0,143652657906	0,0873318696794	0,167097816804	0,0	0,111705781743	0,0853043904536	0,159896124887	0,102690704367	0,159896124887	0,038405300373	0,00783257444288	0,0889475519541
216000	1,46192819534	0,429558522802	0,0	0,903305074039	0,903305074039	0,479062040161	0,295180486408	0,429558522802	0,0	0,281349729549	0,144353071493	0,465577419708	0,260624182531	0,465577419708	0,0240010869423	0,159817152399	0,200702161303
216900	2,15996213952	0,656056626601	0,0	1,33252796581	1,33252796581	0,726088972481	0,435065461786	0,656056626601	0,0	0,478776787291	0,265727120308	0,83142930051	0,397763571817	0,83142930051	0,0337175444339	0,39416727911	0,299613156651
217800	0,518744969618	0,130929988553	0,0	0,296649152025	0,296649152025	0,168126437958	0,0373562492403	0,130929988553	0,0	0,0861452795603	0,134224958344	0,205942976452	0,0541907520168	0,205942976452	0,123545512712	0,172469708177	0,0658521969429
218700	1,30518576648	0,399405076623	0,0	0,780182756803	0,780182756803	0,396139793146	0,258446754758	0,399405076623	0,0	0,358238583075	0,16696299894	0,524885354968	0,274127783752	0,524885354968	0,0676343136032	0,31040784572	0,156518883122
219600	2,47690020044	0,76357652362	0,0	1,52205885031	1,52205885031	0,804571218892	0,526227922589	0,76357652362	0,0	0,616899742926	0,279095263296	0,969333063867	0,498986476807	0,969333063867	0,0544263053904	0,50760725076	0,324901759043
220500	3,13938347123	1,00545825448	0,0	1,9051050051	1,9051050051	1,04449960962	0,63179284331	1,00545825448	0,0	0,840351077711	0,417969973693	1,36791174506	0,667067562207	1,36791174506	0,0802815845694	0,646942810002	0,572453271164
221400	3,55515040366	1,1415878449	0,0	2,1727301212	2,1727301212	1,15858782811	0,773319046464	1,1415878449	0,0	0,965783840338	0,451650593178	1,56249944113	0,755714546717	1,56249944113	0,0743639191374	0,720850391192	0,675207983347
222300	0,612006956413	0,1888386969	0,0	0,328922893726	0,328922893726	0,217601194615	0,0170754146961	0,1888386969	0,0	0,198487623461	0,117803496655	0,247611039356	0,163272505106	0,247611039356	0,0250862084949	0,0656129995656	0,112837772802
223200	0,642358719865	0,224709174185	0,0	0,457791856502	0,457791856502	0,222744823869	0,275190264838	0,224709174185	0,0	0,12296451483	0,0559685744379	0,361447656637	0,0823377719154	0,361447656637	0,032839716813	0,270475298817	0,163955412664
224100	0,368049393372	0,0908026083617	0,0	0,186504852188	0,186504852188	0,0592919369038	0,0364706536848	0,0908026083617	0,0	0,169718910024	0,131886169148	0,180231131811	0,121434308973	0,180231131811	0,0451872712377	0,0380940196711	0,0965820572778
225000	0,459882425295	0,1026118346	0,0	0,271301236245	0,271301236245	0,126445682504	0,0588857066326	0,1026118346	0,0	0,0304451757037	0,0664324882713	0,077575872846	0,0359437247385	0,077575872846	0,0495528444282	0,0339321871642	0,0750909553111
225900	0,0743751671181	0,0105424020004	0,0	0,0250460851897	0,0250460851897	0,0092281123465	0,0440535235893	0,0105424020004	0,0	0,0375207277447	0,112108871479	0,0129225136609	0,00874825250094	0,0129225136609	0,0772039972507	0,00447066364859	0,0257843585136
226800	0,74286791233	0,267091706062	0,0	0,49261323657	0,49261323657	0,27538943147	0,234062136809	0,267091706062	0,0	0,206865152589	0,0465393114474	0,314868816018	0,129386947315	0,314868816018	0,013222342206	0,154220147987	0,16426484361
227700	0,434932525447	0,156292501116	0,0	0,303156961504	0,303156961504	0,17131872697	0,156355604728	0,156292501116	0,0	0,0782138608922	0,0574715519133	0,148837206209	0,0527149463141	0,148837206209	0,0191598801262	0,0568122792569	0,0973824869876
228600	0,524443088891	0,194121437715	0,0	0,348641511286	0,348641511286	0,214244334252	0,152717689477	0,194121437715	0,0	0,133800998767	0,0245331803253	0,248533804858	0,12224224819	0,248533804858	0,0522309524782	0,096307265792	0,118316179603
229500	0,837248328892	0,299702916288	0,0	0,54410562276	0,54410562276	0,322037148527	0,228630353939	0,299702916288	0,0	0,236307341314	0,0535870411752	0,415874425405	0,180284585599	0,415874425405	0,0453169273969	0,170981701534	0,206137893757
230400	1,11469707313	0,391970437907	0,0	0,72272663558	0,72272663558	0,431918019984	0,290808615618	0,391970437907	0,0	0,2787681908	0,129085601492	0,569493188334	0,230331041911	0,569493188334	0,0164387423046	0,252739577843	0,300314868188
231300	0,897376828495	0,318987180514	0,0	0,578387359525	0,578387359525	0,338026933843	0,240360059999	0,318987180514	0,0	0,253694901211	0,0935993770873	0,470439331557	0,195841564483	0,470439331557	0,0528013362644	0,201591039121	0,216046835563
232200	1,04857836207	0,372317980174	0,0	0,676260382184	0,676260382184	0,403602478571	0,272657903673	0,372317980174	0,0	0,263804364387	0,123629629317	0,551840801028	0,207911172866	0,551840801028	0,0150420793389	0,255555138585	0,281243583005
233100	1,17087928025	0,405340646734	0,0	0,765538633915	0,765538633915	0,480938748339	0,284599885645	0,405340646734	0,0	0,25102167122	0,13200696592	0,574861432908	0,213507851003	0,574861432908	0,0146123645332	0,26981676838	0,290432299964
234000	0,986374087068	0,341037953316	0,0	0,645333385655	0,645333385655	0,409173024897	0,236159904231	0,341037953316	0,0	0,208690422953	0,136187284108	0,50144162235	0,184473414347	0,50144162235	0,00588660639771	0,242402401633	0,264925680588
234900	1,1439177411	0,384466082904	0,0	0,759451658569	0,759451658569	0,436009152452	0,32344250614	0,384466082904	0,0	0,241962445204	0,136373149363	0,537921324879	0,224880352662	0,537921324879	0,0406743840623	0,222401346819	0,274845593881
235800	1,22828010186	0,40874051761	0,0	0,819539584678	0,819539584678	0,446705830813	0,372833753925	0,40874051761	0,0	0,260874490697	0,0769794443231	0,507710035477	0,238884417165	0,507710035477	0,0685813816119	0,18666063983	0,252468014003
236700	1,11964006559	0,378800959241	0,0	0,740839106676	0,740839106676	0,409751412611	0,331087694093	0,378800959241	0,0	0,282210778768	0,0987296248352	0,516181745497	0,243559617394	0,516181745497	0,0461787450202	0,252924167853	0,217078832473
237600	1,10138834611	0,376909772388	0,0	0,724478574042	0,724478574042	0,416845691808	0,307632882287	0,376909772388	0,0	0,268074356423	0,109155940401	0,524594102169	0,22954596702	0,524594102169	0,0169865636787	0,263380355612	0,244227182829
238500	1,16278451244	0,390395624878	0,0	0,772388887929	0,772388887929	0,463793537074	0,308595350894	0,390395624878	0,0	0,264230626099	0,0945080905341	0,508329992919	0,240804348687	0,508329992919	0,0465118131933	0,242947318253	0,218870861424
239400	1,28285329067	0,440187982295	0,0	0,842665308883	0,842665308883	0,48912106623	0,353544242706	0,440187982295	0,0	0,310699664928	0,127970146454	0,610351477562	0,268506316221	0,610351477562	0,0523930123544	0,25869191678	0,299266548363
240300	1,37469242927	0,483585797728	0,0	0,891106632159	0,891106632159	0,510851911684	0,380254720564	0,483585797728	0,0	0,363590220613	0,14092894447	0,681749615728	0,306355347226	0,681749615728	0,100486231217	0,295081097374	0,286182287072
241200	1,4070534783	0,492326522565	0,0	0,914726956409	0,914726956409	0,527687171348	0,387039785155	0,492326522565	0,0	0,366126354308	0,0997922512341	0,681951235919	0,276293892327	0,681951235919	0,0194565242398	0,341146574584	0,321348137099
242100	1,35744081351	0,477506918789	0,0	0,879933895327	0,879933895327	0,521114504469	0,35881939098	0,477506918789	0,0	0,355346474357	0,164516021592	0,688352091864	0,30901732294	0,688352091864	0,0091563969206	0,358254976559	0,320940718372
243000	1,42195156565	0,499213188472	0,0	0,922738377889	0,922738377889	0,565975592743	0,356762785208	0,499213188472	0,0	0,308309695153	0,161239454799	0,676699528996	0,292062809496	0,676699528996	0,0104564825455	0,365651343142	0,300591703431
243900	1,63660232988	0,571968058074	0,0	1,06463427287	1,06463427287	0,635036880674	0,429597392286	0,571968058074	0,0	0,399726176676	0,221543148232	0,799731539538	0,393505843503	0,799731539538	0,0551281903612	0,438426961432	0,306176387835
244800	1,54648158247	0,533818352264	0,0	1,01266323108	1,01266323108	0,598185802648	0,414477428517	0,533818352264	0,0	0,342103510168	0,177261843136	0,6793214615	0,373862244206	0,6793214615	0,0628101342265	0,315751561243	0,300759765984
245700	1,38695717846	0,457539867349	0,0	0,92941731171	0,92941731171	0,543977179386	0,385440132385	0,457539867349	0,0	0,214767710487	0,136171078555	0,588435904547	0,220042751884	0,588435904547	0,00815318397122	0,310146055365	0,286443033038
246600	1,14930021656	0,382534924485	0,0	0,76676529243	0,76676529243	0,434082873132	0,33268241932	0,382534924485	0,0	0,250680707779	0,0890492794767	0,519651787536	0,202613124207	0,519651787536	0,00715122132081	0,287156578261	0,239646430564
247500	1,21234409013	0,399259843263	0,0	0,813084247277	0,813084247277	0,471241558887	0,341842688425	0,399259843263	0,0	0,262444932083	0,0954206765733	0,53800699855	0,219118453513	0,53800699855	0,0162608155403	0,305077026404	0,249190787638
248400	1,22727200826	0,408341121322	0,0	0,818930887395	0,818930887395	0,457687809991	0,361243077441	0,408341121322	0,0	0,26268981866	0,0929030866927	0,53079469752	0,23313932916	0,53079469752	0,00268305663391	0,273729406088	0,259748347984
249300	1,16037701572	0,387533077828	0,0	0,772843938258	0,772843938258	0,445198819537	0,327645118786	0,387533077828	0,0	0,241373317368	0,111954677814	0,523399910462	0,217461162642	0,523399910462	0,00733200043958	0,28734802689	0,243383883997
250200	1,11883393576	0,373687576458	0,0	0,74514635964	0,74514635964	0,424600815188	0,320545544471	0,373687576458	0,0	0,229641686659	0,0989515364302	0,504016273504	0,198264526105	0,504016273504	0,00466908866605	0,262580907318	0,24610445487
251100	0,967992808324	0,340031735916	0,0	0,627958416704	0,627958416704	0,363991345688	0,263966639974	0,340031735916	0,0	0,252807000597	0,0964526877949	0,499407130269	0,189883665353	0,499407130269	0,00654247087062	0,283693200141	0,222256257089
252000	0,859873755182	0,303040164898	0,0	0,556831493135	0,556831493135	0,323320578312	0,233510575873	0,303040164898	0,0	0,225748737356	0,0902336836033	0,425498934912	0,193523154237	0,425498934912	0,0179046876182	0,2119791479	0,195614997927
252900	0,859373243541	0,305143908954	0,0	0,554227236379	0,554227236379	0,316628046608	0,237598853939	0,305143908954	0,0	0,227543941951	0,0824950033936	0,43992361209	0,175258738356	0,43992361209	0,0227412576515	0,203084974342	0,214097271615
253800	0,910624441568	0,322937948019	0,0	0,587684138278	0,587684138278	0,333572595194	0,254111165466	0,322937948019	0,0	0,252290019343	0,105045938527	0,4904948455	0,189778479568	0,4904948455	0,00690112368307	0,233769296998	0,249824287069
254700	0,912192932632	0,320432227061	0,0	0,59175834719	0,59175834719	0,327654196771	0,264103767266	0,320432227061	0,0	0,250950917567	0,0946431073842	0,476237809695	0,189787875381	0,476237809695	0,0157454352523	0,236146460012	0,224345786622
255600	0,80352415587	0,281624255715	0,0	0,521898071081	0,521898071081	0,29096027048	0,230937502621	0,281624255715	0,0	0,220777964845	0,0884931937561	0,424272979821	0,166621993944	0,424272979821	0,0123161764457	0,215087600421	0,196869101378
256500	0,701379804843	0,243080784093	0,0	0,45829763048	0,45829763048	0,252793481028	0,205503919619	0,243080784093	0,0	0,185926373818	0,0598644069462	0,338464617949	0,150406628515	0,338464617949	0,0321334869369	0,157627731063	0,148703337364
257400	0,699035957468	0,245753633842	0,0	0,453280938362	0,453280938362	0,25594660342	0,197334110281	0,245753633842	0,0	0,185220063734	0,076848029333	0,349417856645	0,158403541261	0,349417856645	0,040429264169	0,156024750639	0,152963775583
258300	0,663121899249	0,231200425542	0,0	0,431920229383	0,431920229383	0,231287806898	0,200632218044	0,231200425542	0,0	0,181188993982	0,0572468216982	0,329192931712	0,140443018822	0,329192931712	0,031389306358	0,153593682322	0,14420988374
259200	0,617339191055	0,212913212158	0,0	0,404424902935	0,404424902935	0,21711873123	0,187305992523	0,212913212158	0,0	0,155464591255	0,0541031045748	0,29803399186	0,124446673794	0,29803399186	0,0206564816426	0,149229105134	0,128148356084
260100	0,542793967686	0,193587967607	0,0	0,349205162129	0,349205162129	0,208385079913	0,140819948903	0,193587967607	0,0	0,1453381473	0,0692008658227	0,291971241345	0,116155531559	0,291971241345	0,00482746043457	0,153420292489	0,133723440043
261000	0,570518228715	0,203441898781	0,0	0,367075404248	0,367075404248	0,214490168053	0,152585088894	0,203441898781	0,0	0,15920494785	0,057890269944	0,301555595584	0,118981292999	0,301555595584	0,0040019290983	0,162025127133	0,135528487678
261900	0,562200902254	0,199985465393	0,0	0,362214538452	0,362214538452	0,215228866384	0,146985528629	0,199985465393	0,0	0,151158973599	0,0610926312657	0,293373846837	0,118863004439	0,293373846837	0,0204893014086	0,141597637363	0,131286860516
262800	0,402106211468	0,142475888005	0,0	0,259629864266	0,259629864266	0,154381390806	0,105248399777	0,142475888005	0,0	0,110148172157	0,0552909260014	0,212899069584	0,0950158028651	0,212899069584	0,0289715787066	0,0902572671083	0,0936701992963
263700	0,443967201246	0,15850351308	0,0	0,285463127421	0,285463127421	0,171200444152	0,114262594156	0,15850351308	0,0	0,119802031915	0,0674540196498	0,244849529011	0,100909893644	0,244849529011	0,0132976982878	0,107935839327	0,123615957707
264600	0,391855262867	0,140662653261	0,0	0,251192172213	0,251192172213	0,151775977702	0,0994161255371	0,140662653261	0,0	0,113346688996	0,0579662429074	0,221566400143	0,090409071429	0,221566400143	0,00960741354212	0,104709535928	0,107249423071
265500	0,408447521928	0,146153002444	0,0	0,262294044636	0,262294044636	0,157231125826	0,105062843597	0,146153002444	0,0	0,115137524874	0,0564182483593	0,230501377142	0,0872072771269	0,230501377142	0,00116182899726	0,112830648379	0,118832527047
266400	0,361606924768	0,126956421598	0,0	0,234650132569	0,234650132569	0,133609282597	0,101040789774	0,126956421598	0,0	0,0954333883763	0,036635340063	0,180915686236	0,0781093763176	0,180915686236	0,0171136770166	0,0804307396655	0,0833712516086
267300	0,324642423758	0,112629739603	0,0	0,212012386225	0,212012386225	0,121678232497	0,090334104624	0,112629739603	0,0	0,0842343265011	0,0349067011643	0,163033817619	0,0687368804579	0,163033817619	0,0169955368882	0,0683082797021	0,0777299864478
