time	I_imag	d/dt
0	5,03604555156e-06	0
900	9,75022495235e-06	7,85696566798e-08
1800	0,0	-1,62503749206e-07
2700	1,30794396848e-05	2,17990661413e-07
3600	1,19799383884e-05	-1,83250216072e-08
4500	9,15739630513e-06	-4,70423680541e-08
5400	7,54022086885e-06	-2,69529239379e-08
6300	6,27132427331e-06	-2,11482765924e-08
7200	7,87078668844e-06	2,66577069188e-08
8100	5,31044137364e-06	-4,26724219134e-08
9000	4,15009035949e-06	-1,93391835691e-08
9900	4,30816344003e-06	2,63455134232e-09
10800	3,60069986796e-06	-1,17910595345e-08
11700	4,68827640816e-06	1,81262756701e-08
12600	5,37524254923e-06	1,14494356845e-08
13500	5,37090422578e-06	-7,23053908191e-11
14400	3,72159302862e-06	-2,74885199526e-08
15300	3,06951236221e-06	-1,08680111069e-08
16200	5,76884260654e-06	4,49888374056e-08
17100	4,87927162193e-06	-1,4826183077e-08
18000	4,1715029015e-06	-1,17961453405e-08
18900	4,1674124496e-06	-6,81741983036e-11
19800	3,41650646891e-06	-1,25150996781e-08
20700	4,86355438589e-06	2,4117465283e-08
21600	7,02524843502e-06	3,60282341522e-08
22500	6,22618390683e-06	-1,33177421365e-08
23400	5,9176409924e-06	-5,1423819072e-09
24300	5,32362891609e-06	-9,9002012719e-09
25200	7,88728044141e-06	4,27275254222e-08
26100	8,68900449633e-06	1,3362067582e-08
27000	8,2897424785e-06	-6,65436696384e-09
27900	1,08631938786e-05	4,28908566687e-08
28800	1,41434234627e-05	5,46704930679e-08
29700	1,89763447056e-05	8,05486873819e-08
30600	4,25716860695e-05	3,93255689398e-07
31500	3,5290012425e-05	-1,21361227408e-07
32400	2,07943119631e-05	-2,41595007699e-07
33300	2,49196787814e-05	6,87561136381e-08
34200	1,97544438278e-05	-8,60872492268e-08
35100	4,72955363946e-05	4,59018209447e-07
36000	1,17040590049e-05	-5,93191289829e-07
36900	1,72520880525e-05	9,24671507934e-08
37800	3,3219228405e-05	2,66119005875e-07
38700	-8,07693626201e-07	-5,67115367186e-07
39600	-1,80972794738e-06	-1,67005720196e-08
40500	-7,00958667844e-07	1,84794879922e-08
41400	-2,0196443183e-06	-2,19780941742e-08
42300	-7,62534528339e-07	2,09518298326e-08
43200	-5,61528334664e-07	3,35010322792e-09
44100	-3,31086525642e-08	8,80699470166e-09
45000	-5,1921744887e-07	-8,10181327176e-09
45900	-3,46765724386e-07	2,87419540806e-09
46800	-1,7013855674e-07	2,94378612744e-09
47700	-1,16423740773e-06	-1,65683141832e-08
48600	-4,30730928939e-07	1,22251079799e-08
49500	-1,0852714293e-07	5,37006310015e-09
50400	-1,76423794942e-06	-2,75951801082e-08
51300	-2,21062216301e-07	2,5719595552e-08
52200	-1,08331107333e-06	-1,43708142837e-08
53100	1,59633039886e-05	2,84110251032e-07
54000	9,02241066482e-06	-1,15681555397e-07
54900	-3,08846253152e-05	-6,65117266333e-07
55800	4,2267901758e-06	5,85190258183e-07
56700	4,28717566734e-05	6,4408277496e-07
57600	1,7122255671e-05	-4,2915835004e-07
58500	4,97703392589e-07	-2,77075871307e-07
59400	7,3573921099e-07	3,96726364001e-09
60300	5,63407137194e-07	-2,87220122994e-09
61200	9,50188612409e-07	6,44635792026e-09
62100	7,55640943425e-07	-3,24246114973e-09
63000	7,45434253777e-07	-1,70111494141e-10
63900	7,5755285202e-07	2,01976637385e-10
64800	4,27049449366e-05	6,9912320141e-07
65700	7,71383284136e-07	-6,98892694208e-07
66600	6,68428377175e-07	-1,71591511603e-09
67500	3,22528213607e-07	-5,76500272613e-09
68400	5,20382758615e-07	3,29757575012e-09
69300	5,40735202848e-07	3,39207403893e-10
70200	8,6178503331e-07	5,3508305077e-09
71100	1,16326178737e-06	5,02461256767e-09
72000	1,31532879143e-06	2,53445006764e-09
72900	1,24629353177e-06	-1,15058766095e-09
73800	8,70130470878e-07	-6,26938434822e-09
74700	9,43891707585e-07	1,22935394511e-09
75600	5,36523807219e-07	-6,7894650061e-09
76500	6,11966182831e-07	1,25737292685e-09
77400	4,45799353624e-05	7,32799486326e-07
78300	5,94136448345e-07	-7,33096648567e-07
79200	3,93969763041e-05	6,46713997595e-07
80100	4,00204473944e-05	1,03911848387e-08
81000	2,98417726574e-05	-1,6964457895e-07
81900	3,29390898092e-05	5,16219525303e-08
82800	2,36109424343e-05	-1,55469122915e-07
83700	2,10247299611e-05	-4,31035412201e-08
84600	2,19849635791e-05	1,60038936336e-08
85500	1,70783347884e-05	-8,17771465125e-08
86400	8,72159388908e-06	-1,39279014988e-07
87300	9,09506872257e-06	6,2245805582e-09
88200	8,44451019645e-06	-1,0842642102e-08
89100	5,88084621211e-06	-4,27277330723e-08
90000	4,26275353368e-06	-2,69682113073e-08
90900	4,81779909037e-06	9,25075927824e-09
91800	3,64310523802e-06	-1,95782308724e-08
92700	5,1114265972e-06	2,44720226529e-08
93600	5,66178311368e-06	9,17260860797e-09
94500	4,19751161218e-06	-2,4404525025e-08
95400	3,44071095018e-06	-1,26133443667e-08
96300	2,86915872349e-06	-9,52587044487e-09
97200	3,95356859324e-06	1,80734978293e-08
98100	4,60367547826e-06	1,08351147503e-08
99000	4,02022139284e-06	-9,72423475706e-09
99900	3,69011998102e-06	-5,50169019698e-09
100800	2,5639784118e-06	-1,87690261537e-08
101700	3,7214624654e-06	1,92914008933e-08
102600	4,2570931195e-06	8,92717756831e-09
103500	4,2644528043e-06	1,22661413326e-10
104400	4,58117710675e-06	5,27873837417e-09
105300	4,64724114921e-06	1,10106737433e-09
106200	5,58187071868e-06	1,55771594912e-08
107100	8,76102379101e-06	5,29858845389e-08
108000	1,30121111185e-05	7,08514554573e-08
108900	1,44503557994e-05	2,39707446829e-08
109800	2,01700532592e-05	9,53282909966e-08
110700	2,15661278515e-05	2,32679098713e-08
111600	3,27722632966e-05	1,86768924085e-07
112500	2,9901258079e-05	-4,78500869601e-08
113400	3,41028411029e-05	7,00263837323e-08
114300	4,52235679206e-05	1,85345446962e-07
115200	8,14720485922e-07	-7,40147457245e-07
116100	5,27358723607e-07	-4,78936270525e-09
117000	8,24743365391e-07	4,95641069639e-09
117900	3,92373640389e-05	6,40210344558e-07
118800	1,17425810382e-06	-6,34385098918e-07
119700	1,8280944004e-05	2,8511143167e-07
120600	-5,15446322277e-08	-3,05541477271e-07
121500	2,09737324067e-05	3,50421283982e-07
122400	-1,08997434797e-07	-3,51378830691e-07
123300	-8,45323286373e-08	4,07751769336e-10
124200	-9,02345732004e-08	-9,50374093837e-11
125100	-3,85036259044e-07	-4,91336143073e-09
126000	-5,76364771082e-07	-3,18880853397e-09
126900	-7,11417619642e-07	-2,25088080934e-09
127800	-4,38637388746e-07	4,5463371816e-09
128700	-8,08999308155e-07	-6,17269865681e-09
129600	-7,04579881654e-07	1,74032377502e-09
130500	-5,48564209279e-07	2,60026120625e-09
131400	-3,41499144129e-07	3,45108441917e-09
132300	-4,10341055949e-07	-1,147365197e-09
133200	-1,93575413263e-07	3,61276071143e-09
134100	-2,9662489152e-05	-4,91148562313e-07
135000	-2,66753607916e-07	4,89928925735e-07
135900	-3,2645917151e-07	-9,95092726566e-10
136800	-2,46615567583e-07	1,33072673211e-09
137700	-8,3397741412e-07	-9,78936410895e-09
138600	-1,27020785522e-06	-7,27050735163e-09
139500	-1,98701576302e-07	1,78584379819e-08
140400	-1,00367858325e-05	-1,63968070937e-07
141300	1,66506289433e-06	1,95030812114e-07
142200	6,24158909768e-07	-1,73483997427e-08
143100	4,15123169911e-06	5,8784546489e-08
144000	4,57606815369e-05	6,93490830631e-07
144900	3,64148085667e-05	-1,55764549505e-07
145800	2,78890593644e-05	-1,42095820038e-07
146700	4,87812391292e-05	3,4820299608e-07
147600	4,17390512125e-05	-1,17369798612e-07
148500	6,39744139891e-07	-6,8498845121e-07
149400	6,87177126577e-07	7,90549778108e-10
150300	5,3542722502e-07	-2,52916502595e-09
151200	7,46675931198e-07	3,52081176963e-09
152100	7,21118491048e-07	-4,25957335831e-10
153000	9,3000398589e-07	3,48142491403e-09
153900	1,35526939384e-06	7,08775679923e-09
154800	1,7189591015e-06	6,06149512765e-09
155700	1,66442896731e-06	-9,08835569913e-10
156600	1,91119377972e-06	4,11274687346e-09
157500	1,36343407611e-06	-9,12932839343e-09
158400	7,92995970495e-07	-9,50730176025e-09
159300	9,55245960615e-07	2,70416650201e-09
160200	7,06339450782e-07	-4,14844183055e-09
161100	7,30134317116e-07	3,96581105557e-10
162000	5,50488673733e-05	9,05312217603e-07
162900	6,37449916516e-07	-9,06856957613e-07
163800	6,85597056251e-07	8,02452328923e-10
164700	4,39560868024e-05	7,21174829103e-07
165600	4,4030427727e-05	1,23901540983e-09
166500	3,77844632483e-05	-1,04099407978e-07
167400	3,49645634113e-05	-4,69983306175e-08
168300	2,6306333843e-05	-1,44303826139e-07
169200	2,98744232215e-05	5,94681563089e-08
170100	2,73603928777e-05	-4,19005057294e-08
171000	2,07562821294e-05	-1,10068512472e-07
171900	2,09102853969e-05	2,56672112515e-09
172800	2,21247102425e-05	2,02404140928e-08
173700	1,79809028435e-05	-6,90634566497e-08
174600	1,90534764762e-05	1,78762272111e-08
175500	1,14168967901e-05	-1,27276328101e-07
176400	7,60914619567e-06	-6,34625099074e-08
177300	7,6735551315e-06	1,0734822638e-09
178200	8,68679302351e-06	1,68872982001e-08
179100	1,11339354824e-05	4,07857076478e-08
180000	7,84666945566e-06	-5,4787767112e-08
180900	4,37470318019e-06	-5,78661045911e-08
181800	4,32656082601e-06	-8,02372569683e-10
182700	4,91215113949e-06	9,75983855799e-09
183600	5,60587884372e-06	1,15621284039e-08
184500	4,84310089186e-06	-1,27129658644e-08
185400	4,60405670257e-06	-3,98406982148e-09
186300	3,38039619892e-06	-2,03943417275e-08
187200	4,20871150639e-06	1,38052551245e-08
188100	3,99120558161e-06	-3,62509874634e-09
189000	3,67207650761e-06	-5,3188179e-09
189900	3,35198964068e-06	-5,33478111552e-09
190800	3,42258707859e-06	1,17662396518e-09
191700	4,57180063286e-06	1,91535592378e-08
192600	5,94743372107e-06	2,29272181369e-08
193500	4,48836346807e-06	-2,431783755e-08
194400	4,60122972202e-06	1,88110423248e-09
195300	5,76913032849e-06	1,94650101079e-08
196200	7,30835625287e-06	2,56537654064e-08
197100	8,02968768772e-06	1,20221905808e-08
198000	7,48684036246e-06	-9,04745542103e-09
198900	7,03395783021e-06	-7,54804220423e-09
199800	1,08204931451e-05	6,3108921914e-08
200700	1,69577850971e-05	1,02288199201e-07
201600	2,34668191801e-05	1,08483901383e-07
202500	2,26187453576e-05	-1,41345637078e-08
203400	4,30408683373e-05	3,40368716328e-07
204300	5,36780971256e-05	1,77287146471e-07
205200	9,81678382665e-07	-8,78273645715e-07
206100	9,64513319176e-07	-2,86084391492e-10
207000	2,64796857397e-05	4,25252873676e-07
207900	2,16286945844e-05	-8,08498525887e-08
208800	-1,9089999964e-07	-3,63659909734e-07
209700	-1,49310394932e-05	-2,4566899156e-07
210600	-2,99803214616e-09	2,48800691018e-07
211500	-5,06446011426e-07	-8,39079965467e-09
212400	-2,05438567018e-06	-2,57989943125e-08
213300	-1,67714227855e-07	3,14445240387e-08
214200	-3,7276363943e-07	-3,41749019293e-09
215100	-9,48734953269e-07	-9,59952189732e-09
216000	-1,54056411637e-07	1,32446423605e-08
216900	-4,90253236165e-07	-5,6032804088e-09
217800	-1,79968397218e-05	-2,91776441428e-07
218700	-3,01003500642e-07	2,94930603686e-07
219600	-9,22462174096e-07	-1,03576445576e-08
220500	-1,65078655892e-06	-1,2138739747e-08
221400	-2,20113151159e-06	-9,17241587787e-09
222300	-8,13611984798e-06	-9,89164722731e-08
223200	3,5607073324e-05	7,29053219534e-07
224100	-2,82191922565e-06	-6,40483209162e-07
225000	-3,11660359371e-06	-4,91140613433e-09
225900	-6,33879356958e-08	5,08869276336e-08
226800	2,34186543283e-05	3,91367371066e-07
227700	5,0417313508e-06	-3,06282049624e-07
228600	1,03417097098e-05	8,83329726495e-08
229500	2,92826712164e-05	3,15682691777e-07
230400	6,72620702342e-07	-4,76834175234e-07
231300	3,70132026114e-05	6,05676365151e-07
232200	6,5161802721e-07	-6,06026409737e-07
233100	7,4905329405e-07	1,62392111401e-09
234000	4,88624502373e-05	8,01889949054e-07
234900	5,46999135126e-07	-8,05257518369e-07
235800	3,78072828352e-07	-2,81543844623e-09
236700	5,94998135432e-07	3,61542178466e-09
237600	6,98981916573e-07	1,73306301903e-09
238500	5,50595991188e-07	-2,47309875642e-09
239400	7,12920806057e-07	2,70541358115e-09
240300	6,18451375289e-07	-1,5744905128e-09
241200	9,93982691086e-07	6,25885526328e-09
242100	9,90704735271e-07	-5,46325969008e-11
243000	9,63802876912e-07	-4,48364305994e-10
243900	1,1157133381e-06	2,53184101975e-09
244800	1,08702401725e-06	-4,78155347407e-10
245700	1,02631880304e-06	-1,01175357015e-09
246600	6,79610604949e-07	-5,77846996823e-09
247500	7,07401503753e-07	4,63181646724e-10
248400	6,22188097322e-07	-1,42022344051e-09
249300	6,89087943609e-07	1,11499743812e-09
250200	6,30157159096e-07	-9,82179741893e-10
251100	5,61895100073e-05	9,25989214137e-07
252000	3,72740970389e-05	-3,15256882806e-07
252900	3,57051074936e-05	-2,61498257557e-08
253800	4,35718963716e-05	1,31113147967e-07
254700	4,40643679933e-05	8,20786036095e-09
255600	3,53553106824e-05	-1,4515095518e-07
256500	2,25830924195e-05	-2,12870304382e-07
257400	2,22969493298e-05	-4,76905149453e-09
258300	2,08150650743e-05	-2,4698070926e-08
259200	1,88171019239e-05	-3,32993858395e-08
260100	1,70526578505e-05	-2,94074012225e-08
261000	1,89269060125e-05	3,12374693659e-08
261900	1,62912963576e-05	-4,39268275815e-08
262800	7,42459144628e-06	-1,47778415189e-07
263700	9,81093489806e-06	3,9772390863e-08
264600	8,40590898806e-06	-2,34170985e-08
265500	9,44078845845e-06	1,72479911731e-08
266400	5,94520792869e-06	-5,8259675496e-08
267300	4,53022814924e-06	-2,35829963241e-08
