time	I_imag	d/dt
0	4,84228864354e-06	0
900	9,18636267696e-06	7,24012338904e-08
1800	0,0	-1,53106044616e-07
2700	1,20458524469e-05	2,00764207449e-07
3600	1,19374991091e-05	-1,80588896421e-09
4500	9,98200965501e-06	-3,25914909011e-08
5400	7,68824900781e-06	-3,822934412e-08
6300	6,49325748924e-06	-1,99165253094e-08
7200	8,41473155236e-06	3,20245677185e-08
8100	5,17973741268e-06	-5,39165689946e-08
9000	4,31024915883e-06	-1,44914708975e-08
9900	4,76485792433e-06	7,57681275832e-09
10800	3,99748760138e-06	-1,27895053825e-08
11700	4,32346872198e-06	5,43301867675e-09
12600	5,04051139495e-06	1,19507112161e-08
13500	5,62675271081e-06	9,77068859759e-09
14400	4,24745567629e-06	-2,29882839085e-08
15300	3,52849036414e-06	-1,19827552026e-08
16200	4,53605076662e-06	1,67926733746e-08
17100	4,45695018817e-06	-1,31834297405e-09
18000	3,89795276493e-06	-9,31662372077e-09
18900	4,40257652841e-06	8,41039605809e-09
19800	3,70778950245e-06	-1,1579783766e-08
20700	4,57224006289e-06	1,44075093406e-08
21600	5,33391340341e-06	1,26945556754e-08
22500	5,94803725227e-06	1,0235397481e-08
23400	6,59312301061e-06	1,07514293057e-08
24300	5,96313607278e-06	-1,04997822971e-08
25200	8,4561933298e-06	4,15509542836e-08
26100	9,122749886e-06	1,11092759368e-08
27000	8,42091149163e-06	-1,16973065729e-08
27900	1,17616688565e-05	5,56792894144e-08
28800	1,66718309318e-05	8,18360345891e-08
29700	1,88290561995e-05	3,59537544612e-08
30600	4,53212863618e-05	4,41537169371e-07
31500	4,21399500986e-05	-5,30222710539e-08
32400	2,18017903055e-05	-3,38969329885e-07
33300	2,50521084455e-05	5,41719690012e-08
34200	2,05906234031e-05	-7,43580840399e-08
35100	4,10842120917e-05	3,41559811475e-07
36000	1,11143699741e-05	-4,99497368627e-07
36900	1,97343222723e-05	1,43665871638e-07
37800	4,47045865387e-05	4,16171071107e-07
38700	-5,96712076191e-09	-7,45175894325e-07
39600	-1,15502697544e-06	-1,9150997578e-08
40500	-2,77545099141e-06	-2,70070669327e-08
41400	-3,43718070836e-06	-1,10288286158e-08
42300	-6,21977776045e-07	4,69200488719e-08
43200	-6,09026179196e-07	2,15859947479e-10
44100	-1,84270681353e-08	9,84331851768e-09
45000	-6,5757458309e-07	-1,06524585826e-08
45900	-3,62084883685e-07	4,92482832342e-09
46800	-2,89485678776e-07	1,20998674847e-09
47700	-1,08179689363e-06	-1,32051869143e-08
48600	-4,50960504595e-07	1,05139398173e-08
49500	-8,61201395293e-08	6,08067275109e-09
50400	-1,50822740837e-06	-2,3701787814e-08
51300	-1,97539702354e-07	2,18447951002e-08
52200	-1,77133108952e-06	-2,62298564528e-08
53100	1,47162214435e-05	2,74792542218e-07
54000	1,76357480543e-05	4,8658776846e-08
54900	-2,30114457653e-05	-6,77453230327e-07
55800	9,36476739777e-06	5,39603552718e-07
56700	6,19459364572e-05	8,76352817658e-07
57600	1,5398337808e-05	-7,75793310821e-07
58500	4,08423954169e-07	-2,49831897564e-07
59400	5,96089999865e-07	3,12776742828e-09
60300	5,18773912506e-07	-1,28860145598e-09
61200	8,73230377516e-07	5,90760775017e-09
62100	7,37215628461e-07	-2,26691248426e-09
63000	7,99870130853e-07	1,04424170654e-09
63900	7,47551036146e-07	-8,71984911782e-10
64800	4,50735976744e-05	7,38767443971e-07
65700	7,41126558004e-07	-7,38874518607e-07
66600	7,37729096003e-07	-5,66243666711e-11
67500	3,46680588978e-07	-6,51747511709e-09
68400	5,59847363248e-07	3,55277957116e-09
69300	5,93556505084e-07	5,61819030601e-10
70200	8,35499489224e-07	4,032383069e-09
71100	1,22892670677e-06	6,55712029247e-09
72000	1,25931324344e-06	5,06442277838e-10
72900	1,36443663777e-06	1,7520565721e-09
73800	9,7414454071e-07	-6,50486828431e-09
74700	1,02198485849e-06	7,97338629736e-10
75600	5,6975685087e-07	-7,53713346041e-09
76500	6,15338369624e-07	7,59691979231e-10
77400	3,9264879677e-05	6,4415902179e-07
78300	6,09217706999e-07	-6,44261032834e-07
79200	3,88717394715e-05	6,37708696074e-07
80100	3,55600063191e-05	-5,519555254e-08
81000	3,33297495388e-05	-3,71709463383e-08
81900	3,43491570116e-05	1,69901245479e-08
82800	2,52651425442e-05	-1,51400241125e-07
83700	2,1341323635e-05	-6,53969818188e-08
84600	1,9305867425e-05	-3,39242701673e-08
85500	1,4743480895e-05	-7,60397754997e-08
86400	7,88931053983e-06	-1,14236172586e-07
87300	8,03290981463e-06	2,3933212467e-09
88200	7,95692053387e-06	-1,26648801271e-09
89100	5,37176683339e-06	-4,3085895008e-08
90000	4,18081847699e-06	-1,98491392733e-08
90900	5,70094469691e-06	2,53354369986e-08
91800	3,72405527213e-06	-3,29481570797e-08
92700	5,10947104287e-06	2,30902628458e-08
93600	5,13924099278e-06	4,96165831816e-10
94500	4,12926153168e-06	-1,68329910184e-08
95400	4,0165896844e-06	-1,87786412141e-09
96300	3,38368958558e-06	-1,05483349803e-08
97200	3,77299211683e-06	6,48837552094e-09
98100	4,07102560342e-06	4,96722477639e-09
99000	4,06966313945e-06	-2,27077327525e-11
99900	3,89853414277e-06	-2,85214994472e-09
100800	2,91518735277e-06	-1,63891131666e-08
101700	3,88143162666e-06	1,61040712316e-08
102600	4,01619641785e-06	2,24607985308e-09
103500	3,62672260723e-06	-6,49123017703e-09
104400	4,99284864015e-06	2,27687672153e-08
105300	5,21032082118e-06	3,62453635065e-09
106200	5,43705498067e-06	3,77890265813e-09
107100	8,43847608231e-06	5,00236850274e-08
108000	1,3072158485e-05	7,72280400449e-08
108900	1,46394308452e-05	2,6121206004e-08
109800	1,84125488588e-05	6,28853002262e-08
110700	2,03545413926e-05	3,2366542229e-08
111600	2,60593271976e-05	9,50797634177e-08
112500	2,56916989613e-05	-6,12713727136e-09
113400	3,75711712434e-05	1,97991204701e-07
114300	3,38652308954e-05	-6,17656724669e-08
115200	7,42587907111e-07	-5,52044049804e-07
116100	6,57462647698e-07	-1,41875432356e-09
117000	9,14212033187e-07	4,27915642481e-09
117900	3,75863942841e-05	6,11203037516e-07
118800	1,15208216821e-06	-6,07238535266e-07
119700	1,93696845438e-05	3,0362670626e-07
120600	-4,6067077375e-08	-3,23595860353e-07
121500	1,61431974739e-05	2,69821075855e-07
122400	-1,46613504941e-07	-2,71496849648e-07
123300	-6,24175226308e-08	1,40326637183e-09
124200	-1,0823391914e-07	-7,63606608483e-10
125100	-4,15815853444e-07	-5,12636557174e-09
126000	-5,0664043292e-07	-1,51374299126e-09
126900	-6,79035073562e-07	-2,8732440107e-09
127800	-5,04680374514e-07	2,9059116508e-09
128700	-7,88754345545e-07	-4,73456618386e-09
129600	-6,01195359181e-07	3,12598310607e-09
130500	-4,46067059135e-07	2,58547166744e-09
131400	-2,54128285602e-07	3,19897955889e-09
132300	-3,72504350077e-07	-1,97293440792e-09
133200	-2,06918839328e-07	2,75975851248e-09
134100	-3,38596615093e-05	-5,60879044499e-07
135000	-2,52370266433e-07	5,60121520714e-07
135900	-3,2558882707e-07	-1,22030934396e-09
136800	-2,24797117283e-07	1,67986182979e-09
137700	-7,56490140373e-07	-8,86155038483e-09
138600	-1,08400130572e-06	-5,4585194224e-09
139500	-1,68575160945e-07	1,52571024129e-08
140400	-4,79165117383e-06	-7,70512668815e-08
141300	2,77764939944e-06	1,26155009554e-07
142200	4,4141526089e-07	-3,89372356424e-08
143100	2,85091191797e-06	4,01582776179e-08
144000	3,39004804172e-05	5,17492808321e-07
144900	2,54266794811e-05	-1,41230015602e-07
145800	1,97290825908e-05	-9,4959948172e-08
146700	4,18351218278e-05	3,68433987283e-07
147600	3,78666478256e-05	-6,61412333703e-08
148500	7,08531337794e-07	-6,19301941463e-07
149400	6,36637700156e-07	-1,19822729397e-09
150300	5,12187503178e-07	-2,07416994964e-09
151200	6,66354355624e-07	2,56944754077e-09
152100	6,91241459731e-07	4,14785068447e-10
153000	9,64902085197e-07	4,56101042444e-09
153900	1,2961098709e-06	5,52012976164e-09
154800	1,59813037229e-06	5,03367502317e-09
155700	1,57217922504e-06	-4,32519120845e-10
156600	1,58250948498e-06	1,72170999054e-10
157500	1,07586239109e-06	-8,44411823151e-09
158400	7,44901806866e-07	-5,51600973704e-09
159300	8,62212774625e-07	1,95518279598e-09
160200	5,9081221428e-07	-4,52334267241e-09
161100	6,40777592653e-07	8,32756306221e-10
162000	4,57295108404e-05	7,51478887462e-07
162900	5,6638001819e-07	-7,52718847036e-07
163800	5,97265982498e-07	5,14766071806e-10
164700	3,75274330318e-05	6,15502784155e-07
165600	3,51385823677e-05	-3,98141777339e-08
166500	4,04388685607e-05	8,83381032165e-08
167400	3,27028017264e-05	-1,28934447238e-07
168300	3,0236293089e-05	-4,11084772903e-08
169200	2,92801449361e-05	-1,59358025481e-08
170100	2,76152256539e-05	-2,77486547038e-08
171000	2,1207275052e-05	-1,06799176698e-07
171900	2,17397063647e-05	8,87385521066e-09
172800	2,00003747343e-05	-2,89888605067e-08
173700	1,58748726088e-05	-6,87583687582e-08
174600	1,7314927686e-05	2,40009179538e-08
175500	1,01936553723e-05	-1,18687871895e-07
176400	8,02941914591e-06	-3,60706037738e-08
177300	7,46893745566e-06	-9,3413615041e-09
178200	7,06584358737e-06	-6,71823113818e-09
179100	9,56093183653e-06	4,15848041526e-08
180000	7,44925315062e-06	-3,51946447652e-08
180900	4,68833803408e-06	-4,60152519423e-08
181800	4,75035492064e-06	1,03361477603e-09
182700	4,86511507275e-06	1,91266920178e-09
183600	5,41652323436e-06	9,19013602687e-09
184500	4,64860862339e-06	-1,27985768494e-08
185400	4,83332359162e-06	3,07858280375e-09
186300	3,52217672835e-06	-2,18524477211e-08
187200	4,11490207974e-06	9,87875585651e-09
188100	3,90087830197e-06	-3,56706296292e-09
189000	3,6935465034e-06	-3,45552997612e-09
189900	3,55473078594e-06	-2,31359529107e-09
190800	3,5679181081e-06	2,19788702625e-10
191700	4,35311505163e-06	1,30866157256e-08
192600	7,019254262e-06	4,44356535061e-08
193500	4,30018274447e-06	-4,53178586255e-08
194400	4,69879412198e-06	6,64352295851e-09
195300	5,38016449629e-06	1,13561729051e-08
196200	6,87445967966e-06	2,49049197229e-08
197100	7,91440757617e-06	1,73324649419e-08
198000	7,5391649338e-06	-6,25404403953e-09
198900	7,938311882e-06	6,65244913654e-09
199800	9,51927247777e-06	2,63493432629e-08
200700	1,81302927482e-05	1,43517004508e-07
201600	2,24961783558e-05	7,27647601253e-08
202500	2,52740293632e-05	4,6297516791e-08
203400	3,92133563392e-05	2,32322116266e-07
204300	4,78123780591e-05	1,43317028665e-07
205200	9,96071454563e-07	-7,80271776743e-07
206100	9,37964400221e-07	-9,68450905698e-10
207000	2,20788411651e-05	3,52347946082e-07
207900	3,11957106716e-05	1,51947825107e-07
208800	-6,42390302666e-07	-5,30635016237e-07
209700	-1,38150286024e-05	-2,19543971662e-07
210600	-2,95738358956e-08	2,29757579442e-07
211500	-4,40708212671e-07	-6,85223961292e-09
212400	-2,79171631219e-06	-3,91834683254e-08
213300	-1,531005731e-07	4,39769289849e-08
214200	-3,471637127e-07	-3,23438566001e-09
215100	-1,07728845283e-05	-1,73762013593e-07
216000	-8,71944117562e-08	1,78094835276e-07
216900	-4,17690960644e-07	-5,50827581479e-09
217800	-6,87206519937e-06	-1,07572903979e-07
218700	-2,26704943541e-07	1,10756004264e-07
219600	-7,61060026023e-07	-8,90591804137e-09
220500	-1,29396377029e-06	-8,88172907111e-09
221400	-1,93244815925e-06	-1,06414064827e-08
222300	-1,39911561242e-05	-2,00978466083e-07
223200	2,15671130206e-05	5,92637819082e-07
224100	-7,15372680257e-06	-4,7868066372e-07
225000	-6,90132537355e-06	4,20669048361e-09
225900	-3,65517552096e-07	1,08930130358e-07
226800	2,49651570009e-05	4,22177909217e-07
227700	8,65625764254e-06	-2,71814989306e-07
228600	1,27195615714e-05	6,77217321484e-08
229500	3,53462563276e-05	3,77111579268e-07
230400	7,87562694156e-07	-5,75978227223e-07
231300	3,97045577623e-05	6,48616584469e-07
232200	7,5368756199e-07	-6,49181170005e-07
233100	8,34011537101e-07	1,33873291853e-09
234000	5,34610693194e-05	8,77117629705e-07
234900	7,01853117705e-07	-8,79320270028e-07
235800	5,03951001581e-07	-3,29836860207e-09
236700	5,05147214173e-07	1,99368765384e-11
237600	6,30506069801e-07	2,08931426047e-09
238500	4,93113427926e-07	-2,28987736459e-09
239400	8,08634574119e-07	5,25868576988e-09
240300	6,91375777319e-07	-1,95431328e-09
241200	9,93611417102e-07	5,03726066305e-09
242100	9,77590927072e-07	-2,6700816716e-10
243000	9,50507296075e-07	-4,51393849954e-10
243900	9,80477913918e-07	4,9951029739e-10
244800	1,02608014867e-06	7,6003724578e-10
245700	9,59557138102e-07	-1,10871684272e-09
246600	5,99695120655e-07	-5,99770029079e-09
247500	6,49204223236e-07	8,25151709684e-10
248400	6,31908096909e-07	-2,88268772112e-10
249300	6,32476349648e-07	9,47087897262e-12
250200	5,97195970155e-07	-5,8800632488e-10
251100	4,40265498475e-05	7,23822564623e-07
252000	3,44156607688e-05	-1,60181484645e-07
252900	3,76763281575e-05	5,43444564778e-08
253800	4,66137776556e-05	1,48957491635e-07
254700	4,1890506774e-05	-7,87211813602e-08
255600	3,23791710292e-05	-1,58522262413e-07
256500	2,1316529935e-05	-1,84377351569e-07
257400	2,18740994903e-05	9,29282592078e-09
258300	1,95544739402e-05	-3,86604258345e-08
259200	1,61644201791e-05	-5,65008960179e-08
260100	1,48699507037e-05	-2,15744912562e-08
261000	1,58367309371e-05	1,61130038899e-08
261900	1,5113742737e-05	-1,20498033352e-08
262800	7,71178773953e-06	-1,23365916625e-07
263700	1,12502033973e-05	5,89735942956e-08
264600	8,61798577967e-06	-4,38702936266e-08
265500	9,95377079601e-06	2,22630836057e-08
266400	6,16765532577e-06	-6,3101924504e-08
267300	5,16054336016e-06	-1,67851994267e-08
