time	I_real	d/dt
0	0,0835859848567	0
900	0,113282966057	0,000494949686675
1800	0,0	-0,00188804943429
2700	0,136587903952	0,00227646506587
3600	0,143949983031	0,000122701317984
4500	0,137943220084	-0,000100112715782
5400	0,110363951253	-0,000459654480517
6300	0,0934049155769	-0,000282650594605
7200	0,10580416795	0,000206654206215
8100	0,0823387727777	-0,000391089919535
9000	0,0788952376448	-5,73922522156e-05
9900	0,0867420474724	0,000130780163793
10800	0,0790751227249	-0,000127782079124
11700	0,0792204886234	2,42276497502e-06
12600	0,0820093838132	4,6481586496e-05
13500	0,0861386202124	6,8820606653e-05
14400	0,0785855348619	-0,000125884755841
15300	0,0739206718697	-7,77477165367e-05
16200	0,0842599267182	0,000172320914142
17100	0,07820069529	-0,000100987190471
18000	0,0784533804869	4,21141994936e-06
18900	0,0818678407298	5,69076707149e-05
19800	0,0779332206289	-6,55770016816e-05
20700	0,0840089712769	0,0001012625108
21600	0,0868071898548	4,66369762977e-05
22500	0,0954941847316	0,000144783247947
23400	0,102219284666	0,0001120849989
24300	0,100359438235	-3,09974405077e-05
25200	0,107380165973	0,00011701212896
26100	0,109874782656	4,15769447155e-05
27000	0,111202670113	2,2131457623e-05
27900	0,126451257905	0,000254143129873
28800	0,154043748209	0,000459874838396
29700	0,188900620524	0,00058094787191
30600	0,23841762766	0,000825283452274
31500	0,223449757738	-0,0002494644987
32400	0,17816390602	-0,000754764195296
33300	0,193473225214	0,000255155319886
34200	0,219676535204	0,000436721833166
35100	0,212428802654	-0,000120795542497
36000	0,0998790324783	-0,00187582950292
36900	0,164986176169	0,00108511906151
37800	0,205776885691	0,000679845158702
38700	0,0257719612014	-0,00300008207483
39600	0,0280306351607	3,76445659893e-05
40500	0,0671326030826	0,000651699465365
41400	0,0878706164724	0,000345633556497
42300	0,602567494894	0,00857828130702
43200	0,548617669845	-0,00089916375081
44100	0,231394500551	-0,00528705282157
45000	0,413153960854	0,00302932433838
45900	0,390315406093	-0,00038064257935
46800	0,231363940427	-0,00264919109443
47700	0,656322594471	0,00708264423406
48600	0,393119599299	-0,00438671658619
49500	0,28158669693	-0,00185888170615
50400	0,76396736796	0,00803967785049
51300	0,257421641359	-0,00844242877668
52200	0,00489322908367	-0,00420880687126
53100	0,145226121936	0,00233888154753
54000	0,145533256526	5,11890983125e-06
54900	0,123084994389	-0,000374137702271
55800	0,109474791069	-0,00022683672201
56700	0,245412341312	0,00226562583739
57600	0,166582799339	-0,00131382569956
58500	0,290881337305	0,00207164229943
59400	0,317870783791	0,000449824108105
60300	0,318293342578	7,04264645511e-06
61200	0,332613735746	0,000238673219471
62100	0,298813746259	-0,00056333315812
63000	0,304183399326	8,94942177804e-05
63900	0,259838986729	-0,000739073543284
64800	0,248239391083	-0,000193326594095
65700	0,309882443131	0,00102738420079
66600	0,284670147652	-0,000420204924644
67500	0,283306715047	-2,27238767486e-05
68400	0,38107324843	0,00162944222305
69300	0,353594296132	-0,000457982538312
70200	0,380833845111	0,000453992482993
71100	0,438014486043	0,000953010682204
72000	0,449463562739	0,000190817944923
72900	0,382876969145	-0,00110977655989
73800	0,367301630186	-0,000259588982658
74700	0,342739205292	-0,000409373748221
75600	0,275682099541	-0,00111761842919
76500	0,267782216156	-0,000131664723085
77400	0,243226199338	-0,000409266946955
78300	0,249225866269	9,99944488444e-05
79200	0,228714614718	-0,000341854192509
80100	0,218117073732	-0,000176625683105
81000	0,20221121173	-0,000265097700033
81900	0,212890361561	0,000177985830509
82800	0,181932247723	-0,000515968563967
83700	0,172637491147	-0,000154912609591
84600	0,165468862857	-0,000119477138164
85500	0,153155441046	-0,000205223696864
86400	0,118109796977	-0,000584094067804
87300	0,111544026179	-0,000109429513308
88200	0,106497024549	-8,4116693838e-05
89100	0,0950047624152	-0,000191537702223
90000	0,0866374835132	-0,000139454648366
90900	0,0896222994004	4,97469314538e-05
91800	0,0797186664006	-0,000165060549998
92700	0,0846561560491	8,22914941429e-05
93600	0,0808701527945	-6,31000542431e-05
94500	0,0779939855599	-4,7936120578e-05
95400	0,0767536393561	-2,067243673e-05
96300	0,0736889732033	-5,10777692134e-05
97200	0,0745170793302	1,38017687828e-05
98100	0,0719052493086	-4,35305003603e-05
99000	0,0753554629335	5,75035604145e-05
99900	0,0794124922582	6,76171554118e-05
100800	0,0682215664623	-0,000186515429932
101700	0,0746207252263	0,000106652646066
102600	0,0749867491598	6,10039889313e-06
103500	0,071353039862	-6,05618216313e-05
104400	0,0958770624469	0,000408733709749
105300	0,0923208594955	-5,92700491909e-05
106200	0,0863853143427	-9,89257525459e-05
107100	0,103329034	0,000282395327622
108000	0,144237607935	0,000681809565582
108900	0,152911390032	0,000144563034944
109800	0,180765804837	0,00046424024675
110700	0,181562920694	1,32852642869e-05
111600	0,191338404149	0,000162924724247
112500	0,194452419084	5,19002489221e-05
113400	0,234306724303	0,00066423842031
114300	0,215804062614	-0,000308377694807
115200	0,286552114045	0,00117913419051
116100	0,270583881077	-0,000266137216123
117000	0,337022104123	0,00110730371743
117900	0,223026663253	-0,00189992401451
118800	0,286371072722	0,00105574015783
119700	0,124634817618	-0,00269560425174
120600	0,203741465174	0,00131844412593
121500	0,18502926684	-0,000311869972234
122400	0,193902288012	0,000147883686195
123300	0,299412930548	0,00175851070893
124200	0,316381235144	0,000282805076602
125100	0,464483291	0,00246836759761
126000	0,401358581293	-0,00105207849512
126900	0,412027339103	0,000177812630167
127800	0,335549023452	-0,00127463859418
128700	0,45745773039	0,0020318117823
129600	0,451777393006	-9,46722897329e-05
130500	0,316104533962	-0,0022612143174
131400	0,328120628111	0,000200268235822
132300	0,34982508788	0,000361740996146
133200	0,321409040295	-0,000473600793086
134100	0,181643316251	-0,00232942873407
135000	0,295845224835	0,00190336514307
135900	0,34783432242	0,000866484959749
136800	0,201271791464	-0,00244270884926
137700	0,430658174818	0,00382310638923
138600	0,564579153935	0,00223201631861
139500	0,194142478931	-0,0061739445834
140400	0,0560012403037	-0,00230235397712
141300	0,0729439617108	0,000282378690117
142200	0,0381919758048	-0,000579199765099
143100	0,0855718485674	0,000789664546043
144000	0,20413730104	0,00197609087455
144900	0,202930256027	-2,01174168869e-05
145800	0,17987742146	-0,000384213909445
146700	0,234251031473	0,000906226833539
147600	0,24636166041	0,000201843815616
148500	0,296801531342	0,000840664515539
149400	0,309742369568	0,000215680637094
150300	0,272794420311	-0,000615799154285
151200	0,301469462733	0,0004779173737
152100	0,308449273143	0,000116330173506
153000	0,352020185639	0,00072618187494
153900	0,36701204026	0,000249864243676
154800	0,372090279769	8,4637325145e-05
155700	0,371520293643	-9,49976876145e-06
156600	0,344219917805	-0,000455006263969
157500	0,363012220948	0,000313205052384
158400	0,352088228673	-0,000182066537922
159300	0,33656408119	-0,000258735791383
160200	0,301688339357	-0,000581262363876
161100	0,283911133586	-0,000296286762857
162000	0,260540920283	-0,000389503555049
162900	0,277571185662	0,000283837756331
163800	0,276967999171	-1,00531081915e-05
164700	0,242722155458	-0,00057076406188
165600	0,236062918896	-0,000110987276042
166500	0,237753654916	2,81789336741e-05
167400	0,227056267131	-0,000178289796418
168300	0,211086315825	-0,000266165855099
169200	0,218434331	0,000122466919586
170100	0,208197138936	-0,000170619867738
171000	0,165114573408	-0,000718042758807
171900	0,170855633671	9,56843377174e-05
172800	0,170777246233	-1,30645728891e-06
173700	0,143163728614	-0,000460225293649
174600	0,146597975875	5,72374543481e-05
175500	0,124006956864	-0,000376516983517
176400	0,109211924228	-0,000246583877268
177300	0,11361143001	7,33250963577e-05
178200	0,106981950398	-0,000110491326856
179100	0,111007306278	6,70892646715e-05
180000	0,0974258594646	-0,000226357446897
180900	0,086353091055	-0,00018454614016
181800	0,0831712782697	-5,30302130879e-05
182700	0,0860610524336	4,81629027301e-05
183600	0,0882587770156	3,66287430345e-05
184500	0,0765642878257	-0,000194908153165
185400	0,0853536569301	0,000146489485073
186300	0,0749857121249	-0,000172799080086
187200	0,0774634647431	4,12958769701e-05
188100	0,0720305957212	-9,05478170321e-05
189000	0,0743066810576	3,79347556065e-05
189900	0,0742549057681	-8,62921491528e-07
190800	0,0762704021571	3,35916064831e-05
191700	0,081982193423	9,51965210986e-05
192600	0,0888201521508	0,000113965978797
193500	0,0831370573782	-9,47182462116e-05
194400	0,0903979747845	0,000121015290106
195300	0,101388456577	0,000183174696546
196200	0,102908778794	2,53387036162e-05
197100	0,103573352281	1,10762247762e-05
198000	0,109674979455	0,00010169378623
198900	0,117256256828	0,000126354622889
199800	0,121273053495	6,69466111144e-05
200700	0,150735388882	0,000491038923117
201600	0,173464827719	0,000378823980614
202500	0,176500301433	5,05912285741e-05
203400	0,262620718487	0,00143534028423
204300	0,2616541586	-1,61093314471e-05
205200	0,316722640738	0,000917808035635
206100	0,354884818746	0,000636036300134
207000	0,185550919607	-0,00282223165231
207900	0,179007483108	-0,000109057274996
208800	0,0446791481781	-0,00223880558216
209700	0,123142102241	0,00130771590104
210600	0,0252841211761	-0,00163096635107
211500	0,165169477201	0,00233142260042
212400	0,0537511472275	-0,00185697216623
213300	0,230572254502	0,00294701845458
214200	0,363028435715	0,00220760302022
215100	0,0873318696794	-0,00459494276727
216000	0,295180486408	0,00346414361214
216900	0,435065461786	0,00233141625631
217800	0,0373562492403	-0,00662848687577
218700	0,258446754758	0,00368484175863
219600	0,526227922589	0,00446301946385
220500	0,63179284331	0,00175941534535
221400	0,773319046464	0,00235877005257
222300	0,0170754146961	-0,0126040605295
223200	0,275190264838	0,00430191416903
224100	0,0364706536848	-0,00397866018588
225000	0,0588857066326	0,000373584215796
225900	0,0440535235893	-0,000247203050722
226800	0,234062136809	0,00316681022033
227700	0,156355604728	-0,00129510886801
228600	0,152717689477	-6,06319208541e-05
229500	0,228630353939	0,00126521107436
230400	0,290808615618	0,00103630436133
231300	0,240360059999	-0,000840809260317
232200	0,272657903673	0,000538297394561
233100	0,284599885645	0,000199033032867
234000	0,236159904231	-0,000807333023571
234900	0,32344250614	0,00145471003181
235800	0,372833753925	0,000823187463098
236700	0,331087694093	-0,000695767663868
237600	0,307632882287	-0,0003909135301
238500	0,308595350894	1,60411434435e-05
239400	0,353544242706	0,000749148196859
240300	0,380254720564	0,000445174630973
241200	0,387039785155	0,000113084409849
242100	0,35881939098	-0,000470339902911
243000	0,356762785208	-3,42767628784e-05
243900	0,429597392286	0,00121391011798
244800	0,414477428517	-0,000251999396159
245700	0,385440132385	-0,000483954935523
246600	0,33268241932	-0,000879295217752
247500	0,341842688425	0,00015267115174
248400	0,361243077441	0,00032333981693
249300	0,327645118786	-0,000559965977583
250200	0,320545544471	-0,000118326238571
251100	0,263966639974	-0,000942981741618
252000	0,233510575873	-0,000507601068356
252900	0,237598853939	6,81379677656e-05
253800	0,254111165466	0,000275205192119
254700	0,264103767266	0,000166543363328
255600	0,230937502621	-0,000552771077419
256500	0,205503919619	-0,000423893050033
257400	0,197334110281	-0,000136163488958
258300	0,200632218044	5,49684627115e-05
259200	0,187305992523	-0,000222103758687
260100	0,140819948903	-0,000774767393662
261000	0,152585088894	0,000196085666522
261900	0,146985528629	-9,33260044206e-05
262800	0,105248399777	-0,000695618814203
263700	0,114262594156	0,000150236572994
264600	0,0994161255371	-0,000247441143655
265500	0,105062843597	9,41119676632e-05
266400	0,101040789774	-6,7034230388e-05
267300	0,090334104624	-0,000178444752493
