time	Va	d/dt
0	-0,00074422527028	0
900	-0,00106992512061	-5,42833083877e-06
1800	0,0	1,78320853434e-05
2700	-0,00125043747896	-2,08406246493e-05
3600	-0,00124373965522	1,11630395681e-07
4500	-0,00109833994713	2,42332846809e-06
5400	-0,000926640760159	2,8616531162e-06
6300	-0,000838709320276	1,46552399805e-06
7200	-0,000958208348543	-1,99165047112e-06
8100	-0,00076912627761	3,15136784889e-06
9000	-0,000728830412629	6,71597749682e-07
9900	-0,000740512364025	-1,94699189947e-07
10800	-0,000668811654279	1,19501182911e-06
11700	-0,000705622235689	-6,13509690172e-07
12600	-0,000758547868058	-8,82093872814e-07
13500	-0,000812131814216	-8,93065769293e-07
14400	-0,00071480882722	1,62204978326e-06
15300	-0,000634349790247	1,34098394955e-06
16200	-0,000747368598322	-1,88364680125e-06
17100	-0,000707213225082	6,69256220675e-07
18000	-0,000708628964403	-2,35956553572e-08
18900	-0,000729577433428	-3,4914115042e-07
19800	-0,000677236267027	8,72352773355e-07
20700	-0,000738546787796	-1,02184201281e-06
21600	-0,000801314563707	-1,04612959852e-06
22500	-0,000851735459609	-8,40348265031e-07
23400	-0,000886919387982	-5,86398806228e-07
24300	-0,000857242587108	4,9461334791e-07
25200	-0,000965256090671	-1,80022505939e-06
26100	-0,000988874502948	-3,9364020462e-07
27000	-0,000979567147308	1,55122594013e-07
27900	-0,00110406825101	-2,07501839502e-06
28800	-0,00135096662415	-4,11497288566e-06
29700	-0,00156862866748	-3,62770072212e-06
30600	-0,00220738799313	-1,06459887609e-05
31500	-0,00194640827839	4,34966191226e-06
32400	-0,00157283796126	6,22617195219e-06
33300	-0,00169423687906	-2,02331529665e-06
34200	-0,00152743896029	2,77996531292e-06
35100	-0,00220726246159	-1,13303916884e-05
36000	-0,00101393163863	1,98888470494e-05
36900	-0,00122940859641	-3,59128262969e-06
37800	-0,00166497720328	-7,25947678116e-06
38700	0,000194373797627	3,09891833484e-05
39600	0,00061461499792	7,00402000489e-06
40500	0,00103266787163	6,96754789511e-06
41400	0,00143308940012	6,67369214162e-06
42300	0,00685243080496	9,03223567472e-05
43200	0,0061503692572	-1,17010257959e-05
44100	0,00302322306767	-5,21191031589e-05
45000	0,00495504214833	3,21969846777e-05
45900	0,0048305273112	-2,07524728546e-06
46800	0,0034894718427	-2,2350924475e-05
47700	0,00753080478961	6,73555491151e-05
48600	0,00490231786179	-4,38081154637e-05
49500	0,00336203571588	-2,56713690985e-05
50400	0,00854605574047	8,64003337432e-05
51300	0,00338942749059	-8,59438041647e-05
52200	0,000436646735427	-4,9213012586e-05
53100	-0,00115473001465	-2,65229458346e-05
54000	-0,0011153731353	6,55947989031e-07
54900	0,00183861841932	4,92331925771e-05
55800	-0,000698067699636	-4,22781019827e-05
56700	-0,00220187773392	-2,50635005714e-05
57600	-0,00140141415826	1,33410595943e-05
58500	-0,00239663666222	-1,65870417326e-05
59400	-0,00265974243493	-4,38509621184e-06
60300	-0,00259424691466	1,09159200449e-06
61200	-0,00290622640602	-5,19965818935e-06
62100	-0,00254161229796	6,07690180104e-06
63000	-0,00259182198758	-8,36828160467e-07
63900	-0,00245235125262	2,32451224939e-06
64800	-0,00219059292758	4,3626387506e-06
65700	-0,00268489848189	-8,23842590512e-06
66600	-0,0026462049078	6,44892901494e-07
67500	-0,00241025347746	3,93252383903e-06
68400	-0,00339721336676	-1,64493314884e-05
69300	-0,00306311702643	5,56827233896e-06
70200	-0,0034690253374	-6,76513851621e-06
71100	-0,00377922857534	-5,17005396569e-06
72000	-0,00393445669981	-2,58713540781e-06
72900	-0,00328133443349	1,08853711054e-05
73800	-0,00320917336026	1,20268455382e-06
74700	-0,00304033869324	2,81391111702e-06
75600	-0,00255032457807	8,16690191941e-06
76500	-0,00255520536899	-8,13465152489e-08
77400	-0,0022042718225	5,84889244151e-06
78300	-0,00238126607147	-2,94990414953e-06
79200	-0,00210615364391	4,58520712596e-06
80100	-0,00202334982196	1,38006369918e-06
81000	-0,00186695600357	2,60656363988e-06
81900	-0,00196090129626	-1,56575487814e-06
82800	-0,00160798167372	5,88199370884e-06
83700	-0,0015450209381	1,04934559374e-06
84600	-0,00151086505016	5,6926479908e-07
85500	-0,0013512159402	2,66081849917e-06
86400	-0,00103343597778	5,29633270701e-06
87300	-0,000980391856591	8,84068686541e-07
88200	-0,000980522727858	-2,18118778082e-09
89100	-0,000843176843822	2,28909806728e-06
90000	-0,000744344890567	1,64719922091e-06
90900	-0,000779464555988	-5,85327757021e-07
91800	-0,00065846282147	2,01669557531e-06
92700	-0,00072813821922	-1,16125662917e-06
93600	-0,000746356487197	-3,03637799614e-07
94500	-0,000708059421569	6,38284427134e-07
95400	-0,00067713480539	5,1541026965e-07
96300	-0,000613610608048	1,05873662236e-06
97200	-0,000648759159389	-5,85809189018e-07
98100	-0,000670282227296	-3,58717798447e-07
99000	-0,0006808107101	-1,75474713401e-07
99900	-0,000689032196518	-1,37024773624e-07
100800	-0,000583894932367	1,75228773584e-06
101700	-0,000654529672391	-1,17724566707e-06
102600	-0,000691879021777	-6,22489156426e-07
103500	-0,000652559016599	6,55333419629e-07
104400	-0,000804921769637	-2,53937921729e-06
105300	-0,000786748872357	3,02881621336e-07
106200	-0,000805263759418	-3,08581451029e-07
107100	-0,000974840908301	-2,82628581471e-06
108000	-0,00129181148794	-5,28284299396e-06
108900	-0,00132684625026	-5,8391270544e-07
109800	-0,00156419678348	-3,95584222028e-06
110700	-0,00164029104644	-1,26823771603e-06
111600	-0,00179100363128	-2,51187641393e-06
112500	-0,00176631656141	4,11451164478e-07
113400	-0,00199310467533	-3,77980189861e-06
114300	-0,00201315822427	-3,34225815777e-07
115200	-0,00247945179347	-7,77155948657e-06
116100	-0,00259139026799	-1,86564124212e-06
117000	-0,00286734185482	-4,59919311372e-06
117900	-0,00204866275083	1,36446517331e-05
118800	-0,00250092950868	-7,53777929746e-06
119700	-0,00110313401019	2,32965916414e-05
120600	0,00296515585841	6,78048311435e-05
121500	-0,00140213783346	-7,27882281979e-05
122400	0,00261005851575	6,68699391534e-05
123300	0,0035414092421	1,55225121059e-05
124200	0,00351874061234	-3,7781049589e-07
125100	0,00521924437513	2,83417293797e-05
126000	0,00458396868955	-1,0587928093e-05
126900	0,00470294060836	1,9828653136e-06
127800	0,00399918345337	-1,17292859165e-05
128700	0,0051119558451	1,85462065289e-05
129600	0,00489756191417	-3,5732321822e-06
130500	0,004029396327	-1,44694264528e-05
131400	0,00415485605198	2,09099541624e-06
132300	0,00412113234507	-5,62061781741e-07
133200	0,00378422856616	-5,61506298188e-06
134100	0,00226725144487	-2,52829520215e-05
135000	0,00341455509521	1,91217275057e-05
135900	0,00407691075062	1,10392609235e-05
136800	0,0027348507839	-2,23676661119e-05
137700	0,00507277024401	3,89653243352e-05
138600	0,00634183425338	2,11510668228e-05
139500	0,00242044066548	-6,53565597984e-05
140400	0,00113751960913	-2,13820176057e-05
141300	-0,000462405207757	-2,66654136149e-05
142200	-9,9221034666e-05	6,05306955151e-06
143100	-0,000560804547132	-7,6930585411e-06
144000	-0,00189413504187	-2,22221749123e-05
144900	-0,0018321419802	1,03321769455e-06
145800	-0,0016334452367	3,31161239166e-06
146700	-0,0021456895994	-8,53740604492e-06
147600	-0,00214373965987	3,2498992086e-08
148500	-0,00250502307498	-6,02139025191e-06
149400	-0,00302117702755	-8,60256587601e-06
150300	-0,00261203848365	6,81897573156e-06
151200	-0,00305308485891	-7,35077292105e-06
152100	-0,00302688913298	4,36595432165e-07
153000	-0,0030450545048	-3,02756196862e-07
153900	-0,00328283060394	-3,96293498567e-06
154800	-0,00336458922383	-1,36264366483e-06
155700	-0,00331141873258	8,86174854093e-07
156600	-0,00308605397627	3,75607927185e-06
157500	-0,00336404547382	-4,6331916259e-06
158400	-0,0031759919662	3,13422512707e-06
159300	-0,00305386461479	2,03545585681e-06
160200	-0,00247835148136	9,59188555718e-06
161100	-0,00251896298368	-6,76858372066e-07
162000	-0,00235254738249	2,7735933533e-06
162900	-0,00242471023188	-1,2027141566e-06
163800	-0,0023776174712	7,84879344647e-07
164700	-0,00214230038233	3,92195148127e-06
165600	-0,00209537081677	7,82159425867e-07
166500	-0,00210479443132	-1,57060242495e-07
167400	-0,00193643159041	2,80604734852e-06
168300	-0,00176217571566	2,90426457925e-06
169200	-0,00183566235012	-1,22477724101e-06
170100	-0,00182367948109	1,99714483797e-07
171000	-0,00154680928154	4,61450332584e-06
171900	-0,001549338944	-4,21610409302e-08
172800	-0,00152759272743	3,62436942706e-07
173700	-0,00132322194016	3,40617978789e-06
174600	-0,00144478661616	-2,02607793326e-06
175500	-0,00116840071855	4,60643162678e-06
176400	-0,0010176341746	2,51277573245e-06
177300	-0,00100435451801	2,21327609845e-07
178200	-0,000929947260598	1,24012095691e-06
179100	-0,00107793177081	-2,46640850362e-06
180000	-0,000903795645203	2,90226876019e-06
180900	-0,000767959960831	2,26392807286e-06
181800	-0,000745682918268	3,71284042714e-07
182700	-0,000744519843046	1,93845870384e-08
183600	-0,000763828283682	-3,21807343928e-07
184500	-0,000701536262913	1,03820034615e-06
185400	-0,000778578768815	-1,28404176504e-06
186300	-0,000641722601945	2,2809361145e-06
187200	-0,000692270404184	-8,42463370649e-07
188100	-0,000668294695283	3,99595148352e-07
189000	-0,000673262973057	-8,28046295639e-08
189900	-0,000654586096704	3,11281272536e-07
190800	-0,000653889359461	1,16122873827e-08
191700	-0,00073092454178	-1,28391970531e-06
192600	-0,000816337007941	-1,42354110268e-06
193500	-0,000726423762109	1,49855409721e-06
194400	-0,000778270598864	-8,64113945927e-07
195300	-0,000825892094356	-7,9369159153e-07
196200	-0,000899541512222	-1,22749029776e-06
197100	-0,000946046933941	-7,75090361994e-07
198000	-0,000981362364767	-5,88590513754e-07
198900	-0,00100867465053	-4,55204762713e-07
199800	-0,00104312099796	-5,74105790555e-07
200700	-0,00131645550805	-4,5555751682e-06
201600	-0,00178787045073	-7,8569157112e-06
202500	-0,00155524773313	3,87704529336e-06
203400	-0,00212288207158	-9,46057230763e-06
204300	-0,00224698175335	-2,06832802953e-06
205200	-0,00287755699595	-1,05095873766e-05
206100	-0,00285940837505	3,0247701511e-07
207000	-0,0016250547991	2,05725595991e-05
207900	-0,00166869498674	-7,27336460606e-07
208800	5,54607266538e-05	2,87359285565e-05
209700	0,00147369369257	2,36372160986e-05
210600	1,16320536749e-05	-2,43676939816e-05
211500	0,00303161485156	5,03330466315e-05
212400	0,000603476940213	-4,04689651892e-05
213300	0,00288859552673	3,80853097753e-05
214200	0,0044157513561	2,54525971562e-05
215100	0,00141414657245	-5,00267463942e-05
216000	0,00346984801406	3,42616906934e-05
216900	0,00512628882606	2,76073468667e-05
217800	0,00122345617195	-6,50472109019e-05
218700	0,00308947410746	3,11002989253e-05
219600	0,00587678321626	4,64551518132e-05
220500	0,00744160607878	2,60803810421e-05
221400	0,00843238385757	1,65129629797e-05
222300	0,00143668298687	-0,000116595014512
223200	-0,00154398147615	-4,96777410504e-05
224100	0,000860398003392	4,00729913257e-05
225000	0,0010872870229	3,78148365839e-06
225900	0,000169835480287	-1,52908590435e-05
226800	-0,00177382546563	-3,23943490986e-05
227700	-0,00104322289082	1,21767095801e-05
228600	-0,00125253083317	-3,48846570579e-06
229500	-0,00199565714341	-1,23854385041e-05
230400	-0,00265592958682	-1,10045407234e-05
231300	-0,00213745587765	8,64122848615e-06
232200	-0,00249725024616	-5,99657280851e-06
233100	-0,00279182969912	-4,9096575493e-06
234000	-0,00235251037304	7,32198876788e-06
234900	-0,00273127606451	-6,3127615244e-06
235800	-0,00293401640015	-3,37900559409e-06
236700	-0,00267251892471	4,35829125737e-06
237600	-0,00262757025445	7,49144504421e-07
238500	-0,00277646382383	-2,48155948968e-06
239400	-0,00306005497102	-4,72651911998e-06
240300	-0,00327526993376	-3,58691604551e-06
241200	-0,00335319231352	-1,29870632936e-06
242100	-0,00323415444514	1,98396447302e-06
243000	-0,00338815892112	-2,56674126646e-06
243900	-0,00390036946957	-8,53684247408e-06
244800	-0,00368777922858	3,54317068319e-06
245700	-0,00331425553587	6,22539487848e-06
246600	-0,0027453308479	9,48207813286e-06
247500	-0,00289727844079	-2,53245988149e-06
248400	-0,0029316150665	-5,72277095197e-07
249300	-0,00277136563808	2,67082380692e-06
250200	-0,00267214905172	1,65360977267e-06
251100	-0,00230696054256	6,08647515266e-06
252000	-0,00204895820447	4,30003896816e-06
252900	-0,00204703751561	3,20114809637e-08
253800	-0,00216925408586	-2,0369428374e-06
254700	-0,00217396828162	-7,85699293509e-08
255600	-0,00191517574062	4,31320901664e-06
256500	-0,00167258347444	4,04320443636e-06
257400	-0,00166588116143	1,1170521686e-07
258300	-0,0015809058716	1,41625483045e-06
259200	-0,00147249655161	1,80682199983e-06
260100	-0,00129264491263	2,99752731642e-06
261000	-0,00135868234178	-1,10062381922e-06
261900	-0,00133903068324	3,27527642361e-07
262800	-0,00095789267613	6,35230011846e-06
263700	-0,00105723444728	-1,65569618577e-06
264600	-0,000932891710981	2,07237893824e-06
265500	-0,0009725426178	-6,60848446971e-07
266400	-0,000861787094368	1,84592539053e-06
267300	-0,000774121671119	1,46109038748e-06
