time	Vm	d/dt
0	9997,85962589	0
900	9996,92589881	-0,0155621179735
1800	10000,0	0,0512350198272
2700	9996,40700301	-0,0598832831651
3600	9996,42936178	0,000372646198927
4500	9996,84443163	0,0069178308748
5400	9997,33599349	0,00819269755942
6300	9997,58753369	0,00419233664249
7200	9997,2445343	-0,00571665651957
8100	9997,78968327	0,0090858162857
9000	9997,90596429	0,00193801697151
9900	9997,8703298	-0,000593908254177
10800	9998,07747502	0,00345242042304
11700	9997,97216564	-0,00175515639718
12600	9997,81975284	-0,00254021323208
13500	9997,6659281	-0,00256374563784
14400	9997,94570006	0,0046628659384
15300	9998,17641427	0,00384523687341
16200	9997,85036491	-0,00543415600323
17100	9997,96705765	0,00194487895202
18000	9997,96353639	-5,86877544568e-05
18900	9997,90337149	-0,00100274827376
19800	9998,0542532	0,0025146951915
20700	9997,87737108	-0,00294803527792
21600	9997,69583526	-0,00302559706646
22500	9997,55165009	-0,00240308613875
23400	9997,45082886	-0,00168035379647
24300	9997,53704346	0,00143691001337
25200	9997,22628316	-0,00517933843824
26100	9997,15669636	-0,00115978004784
27000	9997,18368899	0,000449877303708
27900	9996,82476283	-0,00598210280071
28800	9996,11419752	-0,0118427551602
29700	9995,49577504	-0,0103070412885
30600	9993,64763635	-0,0308023114962
31500	9994,40169551	0,0125676526142
32400	9995,47400247	0,0178717827107
33300	9995,12512675	-0,0058145953051
34200	9995,62112809	0,00826668904859
35100	9993,66096572	-0,0326693728922
36000	9997,10368802	0,057378704975
36900	9996,46728474	-0,0106067212373
37800	9995,2145699	-0,0208785807768
38700	10000,5746769	0,0893351159449
39600	10001,7813953	0,0201119747351
40500	10002,9998363	0,0203073501584
41400	10004,1427322	0,0190482645123
42300	10019,7606414	0,260298486906
43200	10017,734572	-0,0337678246964
44100	10008,7435647	-0,149850120242
45000	10014,3234625	0,0929982962841
45900	10013,9791825	-0,00573799958308
46800	10010,1113691	-0,0644635578339
47700	10021,720507	0,193485632947
48600	10014,145689	-0,126246967168
49500	10009,7042017	-0,0740247891374
50400	10024,6439761	0,248996240111
51300	10009,7890677	-0,247581806536
52200	10001,2805876	-0,141808000535
53100	9996,68852812	-0,0765343255318
54000	9996,80566182	0,00195222833063
54900	10005,3279723	0,14203850836
55800	9997,99900884	-0,122149391376
56700	9993,66272753	-0,0722713551165
57600	9995,97195667	0,0384871523053
58500	9993,1079006	-0,0477342677296
59400	9992,35048067	-0,0126236655169
60300	9992,54829279	0,00329686859607
61200	9991,64445435	-0,015063973918
62100	9992,69525964	0,0175134214663
63000	9992,55142063	-0,00239731689602
63900	9992,94604619	0,00657709278157
64800	9993,69929725	0,0125541841832
65700	9992,27621343	-0,0237180636551
66600	9992,39306018	0,0019474458972
67500	9993,07385852	0,0113466390216
68400	9990,24323276	-0,0471770959573
69300	9991,20201015	0,0159796230752
70200	9990,03511182	-0,0194483055032
71100	9989,12977538	-0,0150889405792
72000	9988,68434934	-0,00742376736962
72900	9990,56240254	0,0313008866672
73800	9990,77361471	0,0035202028493
74700	9991,2606949	0,00811800309969
75600	9992,67363835	0,0235490574843
76500	9992,6560218	-0,000293609124249
77400	9993,66083128	0,0167468246988
78300	9993,15352864	-0,00845504402763
79200	9993,94281973	0,0131548514254
80100	9994,1796461	0,00394710620897
81000	9994,63091107	0,00752108288431
81900	9994,36073402	-0,00450295086748
82800	9995,37433535	0,0168933554831
83700	9995,5570296	0,00304490423884
84600	9995,65529486	0,00163775422131
85500	9996,11527824	0,00766638968653
86400	9997,03264882	0,0152895097048
87300	9997,18263931	0,00249984143905
88200	9997,18343364	1,32388911273e-05
89100	9997,57825847	0,00658041379544
90000	9997,86221384	0,00473258960992
90900	9997,75941363	-0,0017133369297
91800	9998,1074787	0,00580108452635
92700	9997,90692489	-0,00334256349834
93600	9997,85380741	-0,000885291375744
94500	9997,96490256	0,00185158583793
95400	9998,0535034	0,00147668065298
96300	9998,23562597	0,00303537617995
97200	9998,13472833	-0,00168162729621
98100	9998,07274042	-0,00103313175326
99000	9998,04271758	-0,000500380726013
99900	9998,01971333	-0,000383404136725
100800	9998,32209863	0,00503975495537
101700	9998,1181762	-0,00339870713221
102600	9998,01067987	-0,00179160548557
103500	9998,12371106	0,00188385315435
104400	9997,68675325	-0,00728263019109
105300	9997,74000238	0,000887485540837
106200	9997,68601782	-0,000899742775103
107100	9997,19529084	-0,00817878292998
108000	9996,28757242	-0,0151286403983
108900	9996,18621316	-0,00168932099726
109800	9995,50573405	-0,0113413183988
110700	9995,29029768	-0,00359060618193
111600	9994,85142997	-0,00731446189687
112500	9994,92021537	0,00114642339322
113400	9994,27096731	-0,0108208010234
114300	9994,21100832	-0,000999316545252
115200	9992,86978121	-0,0223537851146
116100	9992,54751596	-0,00537108744423
117000	9991,75718414	-0,0131721971447
117900	9994,10597816	0,0391465670439
118800	9992,80415165	-0,0216971085021
119700	9996,84474151	0,0673431643751
120600	10008,5684728	0,195395520738
121500	9995,97310932	-0,209922723953
122400	10007,5590377	0,193098806365
123300	10010,2156448	0,0442767856058
124200	10010,1660168	-0,000827134039143
125100	10015,0521389	0,0814353686485
126000	10013,2224552	-0,0304947288039
126900	10013,5663113	0,00573093526961
127800	10011,5390144	-0,0337882812283
128700	10014,7572558	0,0536373555152
129600	10014,1379701	-0,0103214277523
130500	10011,6452925	-0,0415446262673
131400	10011,9994856	0,00590321731976
132300	10011,8972292	-0,00170427235113
133200	10010,9222494	-0,016249663403
134100	10006,5463025	-0,0729324492495
135000	10009,8514518	0,0550858220774
135900	10011,7632476	0,0318632629918
136800	10007,9005162	-0,0643788562903
137700	10014,6386313	0,112301918259
138600	10018,2962861	0,060960914105
139500	10006,9956989	-0,188343120377
140400	10003,3001019	-0,0615932829819
141300	9998,67639734	-0,0770617429863
142200	9999,72400392	0,0174601095848
143100	9998,39582485	-0,0221363178634
144000	9994,54896491	-0,0641143321918
144900	9994,72689823	0,00296555526411
145800	9995,30117585	0,00957129369557
146700	9993,82663176	-0,0245757348324
147600	9993,83491466	0,000138048217347
148500	9992,79971282	-0,0172533639051
149400	9991,3336579	-0,0244342487529
150300	9992,49998418	0,0194387714788
151200	9991,23931924	-0,021011082341
152100	9991,31026642	0,0011824529233
153000	9991,24273482	-0,00112552666506
153900	9990,55659436	-0,011435674259
154800	9990,31664728	-0,00399911801718
155700	9990,47233913	0,00259486408255
156600	9991,11636084	0,0107336951742
157500	9990,3285818	-0,0131296506209
158400	9990,87035444	0,00902954391346
159300	9991,22381858	0,00589106898591
160200	9992,87665233	0,0275472292004
161100	9992,75548485	-0,00201945796668
162000	9993,23386616	0,00797302189294
162900	9993,02443868	-0,00349045807798
163800	9993,16395969	0,00232535017791
164700	9993,84372801	0,0113294720756
165600	9993,97865848	0,00224884107838
166500	9993,94973435	-0,000482068745108
167400	9994,4339304	0,00806993414608
168300	9994,93473657	0,00834676953524
169200	9994,72543266	-0,00348839861805
170100	9994,76034744	0,00058191303912
171000	9995,55274322	0,0132065964185
171900	9995,54332196	-0,000157021022915
172800	9995,60652652	0,001053409283
173700	9996,19494968	0,00980705260827
174600	9995,84535261	-0,00582661783607
175500	9996,63937416	0,0132336925621
176400	9997,07630197	0,00728213011713
177300	9997,1100232	0,000562020533046
178200	9997,32545622	0,00359055032222
179100	9996,89974841	-0,00709513019983
180000	9997,40076351	0,00835025166019
180900	9997,79326519	0,0065416947418
181800	9997,8576323	0,00107278519614
182700	9997,85900295	2,28440451186e-05
183600	9997,80430563	-0,000911621923084
184500	9997,98251258	0,00297011586138
185400	9997,76237715	-0,00366892383302
186300	9998,15573595	0,00655598005566
187200	9998,01026892	-0,002424450609
188100	9998,07886335	0,00114324044625
189000	9998,06420864	-0,000244245067794
189900	9998,11764946	0,000890680304807
190800	9998,12069735	5,07981480041e-05
191700	9997,89996482	-0,00367887539957
192600	9997,65365124	-0,00410522644446
193500	9997,91204343	0,00430653655706
194400	9997,76247361	-0,00249283035322
195300	9997,62698558	-0,00225813383283
196200	9997,41476206	-0,00353705871078
197100	9997,28108878	-0,00222788799759
198000	9997,17932208	-0,00169611156953
198900	9997,09940319	-0,00133198150716
199800	9996,99964114	-0,0016627008093
200700	9996,21351567	-0,0131020913092
201600	9994,8652642	-0,0224708578264
202500	9995,52751532	0,0110375187155
203400	9993,8975075	-0,0271667970362
204300	9993,53550293	-0,00603340944438
205200	9991,72140565	-0,030234954621
206100	9991,78644236	0,00108394512936
207000	9995,32920601	0,0590460608524
207900	9995,22084747	-0,00180597573653
208800	10000,1794607	0,0826435542723
209700	10004,2870178	0,0684592846621
210600	10000,0525315	-0,0705747725587
211500	10008,777733	0,145420026023
212400	10001,772498	-0,116753917069
213300	10008,3449438	0,109540763741
214200	10012,7458027	0,0733476481686
215100	10004,1091772	-0,143943759033
216000	10010,010492	0,0983552465853
216900	10014,7898668	0,0796562469688
217800	10003,5477779	-0,18736814744
218700	10008,9325791	0,0897466855735
219600	10016,9589658	0,13377311247
220500	10021,4906294	0,0755277258228
221400	10024,3394409	0,0474801929291
222300	10004,1818794	-0,335959358851
223200	9995,59057479	-0,143188410154
224100	10002,5129489	0,115372901393
225000	10003,1466828	0,0105622321338
225900	10000,5055973	-0,0440180923104
226800	9994,90708913	-0,0933084689211
227700	9997,01567273	0,0351430599882
228600	9996,40444664	-0,010187101595
229500	9994,261963	-0,035708060565
230400	9992,36114451	-0,0316803082364
231300	9993,85069794	0,0248258905774
232200	9992,81488057	-0,0172636227996
233100	9991,97501089	-0,0139978281475
234000	9993,23911772	0,0210684473112
234900	9992,15776849	-0,0180224871524
235800	9991,57869545	-0,00965121739758
236700	9992,32464592	0,0124325077944
237600	9992,45051953	0,00209789356304
238500	9992,02835307	-0,00703610769682
239400	9991,20687068	-0,0136913732516
240300	9990,57946422	-0,0104567742746
241200	9990,35723325	-0,00370384949386
242100	9990,69768489	0,00567419392482
243000	9990,25542881	-0,00737093463895
243900	9988,78397413	-0,0245242446002
244800	9989,40042309	0,0102741493387
245700	9990,49006955	0,018160774258
246600	9992,12020978	0,0271690038625
247500	9991,68721992	-0,00721649758564
248400	9991,58559573	-0,00169373662739
249300	9992,04449621	0,00764834139624
250200	9992,32931968	0,00474705777848
251100	9993,36605747	0,017278963153
252000	9994,10724127	0,0123530633493
252900	9994,11107306	6,38632458201e-05
253800	9993,75977981	-0,00585488750182
254700	9993,74849157	-0,000188137352901
255600	9994,49315213	0,0124110092915
256500	9995,19273106	0,0116596488369
257400	9995,20941031	0,000277987547452
258300	9995,45520455	0,00409657058275
259200	9995,76858454	0,00522299993551
260100	9996,28067925	0,00853491175476
261000	9996,09069528	-0,00316639950585
261900	9996,14760276	0,00094845807195
262800	9997,24455495	0,0182825365655
263700	9996,95790421	-0,00477751241933
264600	9997,31512187	0,00595362769427
265500	9997,20135177	-0,00189616831891
266400	9997,52187751	0,00534209563633
267300	9997,77496565	0,00421813562389
