time	sensor_1	sensor_2	sensor_3	sensor_4	sensor_5	sensor_6	sensor_7	sensor_8	sensor_9	sensor_10	sensor_11	sensor_12	sensor_13	sensor_14	sensor_15	sensor_16	sensor_17
0	-0,000679651489836	-0,000679651489836	-0,000679651489836	-0,000679651489836	-0,00074422527028	-0,00074422527028	-0,00074422527028	-0,00085535946387	-0,00085535946387	-0,00085535946387	-0,00085535946387	-0,00085535946387	-0,00085535946387	-0,000880611877762	-0,000880611877762	-0,000880611877762	-0,000880611877762
900	-0,000975921492726	-0,000975921492726	-0,000975921492726	-0,000975921492726	-0,00106992512061	-0,00106992512061	-0,00106992512061	-0,0012218171659	-0,0012218171659	-0,0012218171659	-0,0012218171659	-0,0012218171659	-0,0012218171659	-0,00125626693425	-0,00125626693425	-0,00125626693425	-0,00125626693425
1800	0,0	0,0	0,0	0,0	0,0	0,0	0,0	0,0	0,0	0,0	0,0	0,0	0,0	0,0	0,0	0,0	0,0
2700	-0,00114067186117	-0,00114067186117	-0,00114067186117	-0,00114067186117	-0,00125043747896	-0,00125043747896	-0,00125043747896	-0,00142861470835	-0,00142861470835	-0,00142861470835	-0,00142861470835	-0,00142861470835	-0,00142861470835	-0,0014677626732	-0,0014677626732	-0,0014677626732	-0,0014677626732
3600	-0,00113333876245	-0,00113333876245	-0,00113333876245	-0,00113333876245	-0,00124373965522	-0,00124373965522	-0,00124373965522	-0,00141272584025	-0,00141272584025	-0,00141272584025	-0,00141272584025	-0,00141272584025	-0,00141272584025	-0,00145069723651	-0,00145069723651	-0,00145069723651	-0,00145069723651
4500	-0,00100177138811	-0,00100177138811	-0,00100177138811	-0,00100177138811	-0,00109833994713	-0,00109833994713	-0,00109833994713	-0,00125380530097	-0,00125380530097	-0,00125380530097	-0,00125380530097	-0,00125380530097	-0,00125380530097	-0,00128858048721	-0,00128858048721	-0,00128858048721	-0,00128858048721
5400	-0,000845850387121	-0,000845850387121	-0,000845850387121	-0,000845850387121	-0,000926640760159	-0,000926640760159	-0,000926640760159	-0,00106239512953	-0,00106239512953	-0,00106239512953	-0,00106239512953	-0,00106239512953	-0,00106239512953	-0,00109454763287	-0,00109454763287	-0,00109454763287	-0,00109454763287
6300	-0,000766078283343	-0,000766078283343	-0,000766078283343	-0,000766078283343	-0,000838709320276	-0,000838709320276	-0,000838709320276	-0,000964900705123	-0,000964900705123	-0,000964900705123	-0,000964900705123	-0,000964900705123	-0,000964900705123	-0,000995585782101	-0,000995585782101	-0,000995585782101	-0,000995585782101
7200	-0,000874942826247	-0,000874942826247	-0,000874942826247	-0,000874942826247	-0,000958208348543	-0,000958208348543	-0,000958208348543	-0,00110045337408	-0,00110045337408	-0,00110045337408	-0,00110045337408	-0,00110045337408	-0,00110045337408	-0,00113278070544	-0,00113278070544	-0,00113278070544	-0,00113278070544
8100	-0,00070173495898	-0,00070173495898	-0,00070173495898	-0,00070173495898	-0,00076912627761	-0,00076912627761	-0,00076912627761	-0,000879555172823	-0,000879555172823	-0,000879555172823	-0,000879555172823	-0,000879555172823	-0,000879555172823	-0,00090505607382	-0,00090505607382	-0,00090505607382	-0,00090505607382
9000	-0,000664781769687	-0,000664781769687	-0,000664781769687	-0,000664781769687	-0,000728830412629	-0,000728830412629	-0,000728830412629	-0,000832207342698	-0,000832207342698	-0,000832207342698	-0,000832207342698	-0,000832207342698	-0,000832207342698	-0,000854805089478	-0,000854805089478	-0,000854805089478	-0,000854805089478
9900	-0,000676250650664	-0,000676250650664	-0,000676250650664	-0,000676250650664	-0,000740512364025	-0,000740512364025	-0,000740512364025	-0,000851024181834	-0,000851024181834	-0,000851024181834	-0,000851024181834	-0,000851024181834	-0,000851024181834	-0,000875474096426	-0,000875474096426	-0,000875474096426	-0,000875474096426
10800	-0,000610403519692	-0,000610403519692	-0,000610403519692	-0,000610403519692	-0,000668811654279	-0,000668811654279	-0,000668811654279	-0,000766140986956	-0,000766140986956	-0,000766140986956	-0,000766140986956	-0,000766140986956	-0,000766140986956	-0,000788741268143	-0,000788741268143	-0,000788741268143	-0,000788741268143
11700	-0,000643801343319	-0,000643801343319	-0,000643801343319	-0,000643801343319	-0,000705622235689	-0,000705622235689	-0,000705622235689	-0,000806974905542	-0,000806974905542	-0,000806974905542	-0,000806974905542	-0,000806974905542	-0,000806974905542	-0,000830727931886	-0,000830727931886	-0,000830727931886	-0,000830727931886
12600	-0,000692213363085	-0,000692213363085	-0,000692213363085	-0,000692213363085	-0,000758547868058	-0,000758547868058	-0,000758547868058	-0,000868332819004	-0,000868332819004	-0,000868332819004	-0,000868332819004	-0,000868332819004	-0,000868332819004	-0,000893751660504	-0,000893751660504	-0,000893751660504	-0,000893751660504
13500	-0,000741037453501	-0,000741037453501	-0,000741037453501	-0,000741037453501	-0,000812131814216	-0,000812131814216	-0,000812131814216	-0,000929173873078	-0,000929173873078	-0,000929173873078	-0,000929173873078	-0,000929173873078	-0,000929173873078	-0,000955357649355	-0,000955357649355	-0,000955357649355	-0,000955357649355
14400	-0,000652208589621	-0,000652208589621	-0,000652208589621	-0,000652208589621	-0,00071480882722	-0,00071480882722	-0,00071480882722	-0,000817652790394	-0,000817652790394	-0,000817652790394	-0,000817652790394	-0,000817652790394	-0,000817652790394	-0,000840459542822	-0,000840459542822	-0,000840459542822	-0,000840459542822
15300	-0,000578999464726	-0,000578999464726	-0,000578999464726	-0,000578999464726	-0,000634349790247	-0,000634349790247	-0,000634349790247	-0,000726988676793	-0,000726988676793	-0,000726988676793	-0,000726988676793	-0,000726988676793	-0,000726988676793	-0,000748408016392	-0,000748408016392	-0,000748408016392	-0,000748408016392
16200	-0,000682608850535	-0,000682608850535	-0,000682608850535	-0,000682608850535	-0,000747368598322	-0,000747368598322	-0,000747368598322	-0,000859556440404	-0,000859556440404	-0,000859556440404	-0,000859556440404	-0,000859556440404	-0,000859556440404	-0,000885456441413	-0,000885456441413	-0,000885456441413	-0,000885456441413
17100	-0,00064546344536	-0,00064546344536	-0,00064546344536	-0,00064546344536	-0,000707213225082	-0,000707213225082	-0,000707213225082	-0,000810211851083	-0,000810211851083	-0,000810211851083	-0,000810211851083	-0,000810211851083	-0,000810211851083	-0,000834686690418	-0,000834686690418	-0,000834686690418	-0,000834686690418
18000	-0,000646540105563	-0,000646540105563	-0,000646540105563	-0,000646540105563	-0,000708628964403	-0,000708628964403	-0,000708628964403	-0,000810382929137	-0,000810382929137	-0,000810382929137	-0,000810382929137	-0,000810382929137	-0,000810382929137	-0,000831974825	-0,000831974825	-0,000831974825	-0,000831974825
18900	-0,000665638575123	-0,000665638575123	-0,000665638575123	-0,000665638575123	-0,000729577433428	-0,000729577433428	-0,000729577433428	-0,000834241604299	-0,000834241604299	-0,000834241604299	-0,000834241604299	-0,000834241604299	-0,000834241604299	-0,000857197628703	-0,000857197628703	-0,000857197628703	-0,000857197628703
19800	-0,000617701441654	-0,000617701441654	-0,000617701441654	-0,000617701441654	-0,000677236267027	-0,000677236267027	-0,000677236267027	-0,000773159044571	-0,000773159044571	-0,000773159044571	-0,000773159044571	-0,000773159044571	-0,000773159044571	-0,000794701800583	-0,000794701800583	-0,000794701800583	-0,000794701800583
20700	-0,000673910139626	-0,000673910139626	-0,000673910139626	-0,000673910139626	-0,000738546787796	-0,000738546787796	-0,000738546787796	-0,000845092051089	-0,000845092051089	-0,000845092051089	-0,000845092051089	-0,000845092051089	-0,000845092051089	-0,000869480236738	-0,000869480236738	-0,000869480236738	-0,000869480236738
21600	-0,000731631438398	-0,000731631438398	-0,000731631438398	-0,000731631438398	-0,000801314563707	-0,000801314563707	-0,000801314563707	-0,000919923996238	-0,000919923996238	-0,000919923996238	-0,000919923996238	-0,000919923996238	-0,000919923996238	-0,000948081260096	-0,000948081260096	-0,000948081260096	-0,000948081260096
22500	-0,000777353692125	-0,000777353692125	-0,000777353692125	-0,000777353692125	-0,000851735459609	-0,000851735459609	-0,000851735459609	-0,000975693844605	-0,000975693844605	-0,000975693844605	-0,000975693844605	-0,000975693844605	-0,000975693844605	-0,00100368791568	-0,00100368791568	-0,00100368791568	-0,00100368791568
23400	-0,000809340676302	-0,000809340676302	-0,000809340676302	-0,000809340676302	-0,000886919387982	-0,000886919387982	-0,000886919387982	-0,00101516103194	-0,00101516103194	-0,00101516103194	-0,00101516103194	-0,00101516103194	-0,00101516103194	-0,00104326765834	-0,00104326765834	-0,00104326765834	-0,00104326765834
24300	-0,0007818990324	-0,0007818990324	-0,0007818990324	-0,0007818990324	-0,000857242587108	-0,000857242587108	-0,000857242587108	-0,000978764607018	-0,000978764607018	-0,000978764607018	-0,000978764607018	-0,000978764607018	-0,000978764607018	-0,00100573108657	-0,00100573108657	-0,00100573108657	-0,00100573108657
25200	-0,000880586184046	-0,000880586184046	-0,000880586184046	-0,000880586184046	-0,000965256090671	-0,000965256090671	-0,000965256090671	-0,00110321464917	-0,00110321464917	-0,00110321464917	-0,00110321464917	-0,00110321464917	-0,00110321464917	-0,00113535577534	-0,00113535577534	-0,00113535577534	-0,00113535577534
26100	-0,000902807847615	-0,000902807847615	-0,000902807847615	-0,000902807847615	-0,000988874502948	-0,000988874502948	-0,000988874502948	-0,00113475387623	-0,00113475387623	-0,00113475387623	-0,00113475387623	-0,00113475387623	-0,00113475387623	-0,00116867711458	-0,00116867711458	-0,00116867711458	-0,00116867711458
27000	-0,000894219692247	-0,000894219692247	-0,000894219692247	-0,000894219692247	-0,000979567147308	-0,000979567147308	-0,000979567147308	-0,00112346164676	-0,00112346164676	-0,00112346164676	-0,00112346164676	-0,00112346164676	-0,00112346164676	-0,00115594892686	-0,00115594892686	-0,00115594892686	-0,00115594892686
27900	-0,0010082577319	-0,0010082577319	-0,0010082577319	-0,0010082577319	-0,00110406825101	-0,00110406825101	-0,00110406825101	-0,00126884007863	-0,00126884007863	-0,00126884007863	-0,00126884007863	-0,00126884007863	-0,00126884007863	-0,00130714082802	-0,00130714082802	-0,00130714082802	-0,00130714082802
28800	-0,0012339267156	-0,0012339267156	-0,0012339267156	-0,0012339267156	-0,00135096662415	-0,00135096662415	-0,00135096662415	-0,00155390774933	-0,00155390774933	-0,00155390774933	-0,00155390774933	-0,00155390774933	-0,00155390774933	-0,00160128965292	-0,00160128965292	-0,00160128965292	-0,00160128965292
29700	-0,00142972937138	-0,00142972937138	-0,00142972937138	-0,00142972937138	-0,00156862866748	-0,00156862866748	-0,00156862866748	-0,00178404984272	-0,00178404984272	-0,00178404984272	-0,00178404984272	-0,00178404984272	-0,00178404984272	-0,00183234616964	-0,00183234616964	-0,00183234616964	-0,00183234616964
30600	-0,00201742000915	-0,00201742000915	-0,00201742000915	-0,00201742000915	-0,00220738799313	-0,00220738799313	-0,00220738799313	-0,00254751352761	-0,00254751352761	-0,00254751352761	-0,00254751352761	-0,00254751352761	-0,00254751352761	-0,00263095915613	-0,00263095915613	-0,00263095915613	-0,00263095915613
31500	-0,0017777142408	-0,0017777142408	-0,0017777142408	-0,0017777142408	-0,00194640827839	-0,00194640827839	-0,00194640827839	-0,00223833479093	-0,00223833479093	-0,00223833479093	-0,00223833479093	-0,00223833479093	-0,00223833479093	-0,00230741014177	-0,00230741014177	-0,00230741014177	-0,00230741014177
32400	-0,00143737152309	-0,00143737152309	-0,00143737152309	-0,00143737152309	-0,00157283796126	-0,00157283796126	-0,00157283796126	-0,00181446239275	-0,00181446239275	-0,00181446239275	-0,00181446239275	-0,00181446239275	-0,00181446239275	-0,00187158252556	-0,00187158252556	-0,00187158252556	-0,00187158252556
33300	-0,00154813309856	-0,00154813309856	-0,00154813309856	-0,00154813309856	-0,00169423687906	-0,00169423687906	-0,00169423687906	-0,00195328942938	-0,00195328942938	-0,00195328942938	-0,00195328942938	-0,00195328942938	-0,00195328942938	-0,00201555656072	-0,00201555656072	-0,00201555656072	-0,00201555656072
34200	-0,00138940549443	-0,00138940549443	-0,00138940549443	-0,00138940549443	-0,00152743896029	-0,00152743896029	-0,00152743896029	-0,00173994777874	-0,00173994777874	-0,00173994777874	-0,00173994777874	-0,00173994777874	-0,00173994777874	-0,00179046993725	-0,00179046993725	-0,00179046993725	-0,00179046993725
35100	-0,00201221007932	-0,00201221007932	-0,00201221007932	-0,00201221007932	-0,00220726246159	-0,00220726246159	-0,00220726246159	-0,0025130597203	-0,0025130597203	-0,0025130597203	-0,0025130597203	-0,0025130597203	-0,0025130597203	-0,00258726459147	-0,00258726459147	-0,00258726459147	-0,00258726459147
36000	-0,000918203962893	-0,000918203962893	-0,000918203962893	-0,000918203962893	-0,00101393163863	-0,00101393163863	-0,00101393163863	-0,00116511751692	-0,00116511751692	-0,00116511751692	-0,00116511751692	-0,00116511751692	-0,00116511751692	-0,00120885705345	-0,00120885705345	-0,00120885705345	-0,00120885705345
36900	-0,00112154491519	-0,00112154491519	-0,00112154491519	-0,00112154491519	-0,00122940859641	-0,00122940859641	-0,00122940859641	-0,00145660681902	-0,00145660681902	-0,00145660681902	-0,00145660681902	-0,00145660681902	-0,00145660681902	-0,00151548959363	-0,00151548959363	-0,00151548959363	-0,00151548959363
37800	-0,00151933254281	-0,00151933254281	-0,00151933254281	-0,00151933254281	-0,00166497720328	-0,00166497720328	-0,00166497720328	-0,00195425621891	-0,00195425621891	-0,00195425621891	-0,00195425621891	-0,00195425621891	-0,00195425621891	-0,00203249070382	-0,00203249070382	-0,00203249070382	-0,00203249070382
38700	0,000183662484928	0,000183662484928	0,000183662484928	0,000183662484928	0,000194373797627	0,000194373797627	0,000194373797627	0,000179004620105	0,000179004620105	0,000179004620105	0,000179004620105	0,000179004620105	0,000179004620105	0,000173916283106	0,000173916283106	0,000173916283106	0,000173916283106
39600	0,000566700160908	0,000566700160908	0,000566700160908	0,000566700160908	0,00061461499792	0,00061461499792	0,00061461499792	0,000617875011551	0,000617875011551	0,000617875011551	0,000617875011551	0,000617875011551	0,000617875011551	0,00061099179663	0,00061099179663	0,00061099179663	0,00061099179663
40500	0,00095481794771	0,00095481794771	0,00095481794771	0,00095481794771	0,00103266787163	0,00103266787163	0,00103266787163	0,00113881989935	0,00113881989935	0,00113881989935	0,00113881989935	0,00113881989935	0,00113881989935	0,00115839680324	0,00115839680324	0,00115839680324	0,00115839680324
41400	0,00131707536984	0,00131707536984	0,00131707536984	0,00131707536984	0,00143308940012	0,00143308940012	0,00143308940012	0,0015689656961	0,0015689656961	0,0015689656961	0,0015689656961	0,0015689656961	0,0015689656961	0,00158666095165	0,00158666095165	0,00158666095165	0,00158666095165
42300	0,00628178128988	0,00628178128988	0,00628178128988	0,00628178128988	0,00685243080496	0,00685243080496	0,00685243080496	0,00771782267484	0,00771782267484	0,00771782267484	0,00771782267484	0,00771782267484	0,00771782267484	0,00789548003361	0,00789548003361	0,00789548003361	0,00789548003361
43200	0,00563723448091	0,00563723448091	0,00563723448091	0,00563723448091	0,0061503692572	0,0061503692572	0,0061503692572	0,00690402236716	0,00690402236716	0,00690402236716	0,00690402236716	0,00690402236716	0,00690402236716	0,00705696375813	0,00705696375813	0,00705696375813	0,00705696375813
44100	0,00278064709853	0,00278064709853	0,00278064709853	0,00278064709853	0,00302322306767	0,00302322306767	0,00302322306767	0,00340466546331	0,00340466546331	0,00340466546331	0,00340466546331	0,00340466546331	0,00340466546331	0,00347239592787	0,00347239592787	0,00347239592787	0,00347239592787
45000	0,00455531622938	0,00455531622938	0,00455531622938	0,00455531622938	0,00495504214833	0,00495504214833	0,00495504214833	0,00557879453215	0,00557879453215	0,00557879453215	0,00557879453215	0,00557879453215	0,00557879453215	0,00571780802904	0,00571780802904	0,00571780802904	0,00571780802904
45900	0,00444703489757	0,00444703489757	0,00444703489757	0,00444703489757	0,0048305273112	0,0048305273112	0,0048305273112	0,00548222681971	0,00548222681971	0,00548222681971	0,00548222681971	0,00548222681971	0,00548222681971	0,00561709618433	0,00561709618433	0,00561709618433	0,00561709618433
46800	0,00321720807104	0,00321720807104	0,00321720807104	0,00321720807104	0,0034894718427	0,0034894718427	0,0034894718427	0,00393413985828	0,00393413985828	0,00393413985828	0,00393413985828	0,00393413985828	0,00393413985828	0,00402187111518	0,00402187111518	0,00402187111518	0,00402187111518
47700	0,00690524924982	0,00690524924982	0,00690524924982	0,00690524924982	0,00753080478961	0,00753080478961	0,00753080478961	0,00843938205716	0,00843938205716	0,00843938205716	0,00843938205716	0,00843938205716	0,00843938205716	0,00863367960613	0,00863367960613	0,00863367960613	0,00863367960613
48600	0,00449667015388	0,00449667015388	0,00449667015388	0,00449667015388	0,00490231786179	0,00490231786179	0,00490231786179	0,00544746868834	0,00544746868834	0,00544746868834	0,00544746868834	0,00544746868834	0,00544746868834	0,00556991444064	0,00556991444064	0,00556991444064	0,00556991444064
49500	0,0030847508979	0,0030847508979	0,0030847508979	0,0030847508979	0,00336203571588	0,00336203571588	0,00336203571588	0,0037554857985	0,0037554857985	0,0037554857985	0,0037554857985	0,0037554857985	0,0037554857985	0,00383833603143	0,00383833603143	0,00383833603143	0,00383833603143
50400	0,00783524983494	0,00783524983494	0,00783524983494	0,00783524983494	0,00854605574047	0,00854605574047	0,00854605574047	0,00964465817028	0,00964465817028	0,00964465817028	0,00964465817028	0,00964465817028	0,00964465817028	0,00988604791093	0,00988604791093	0,00988604791093	0,00988604791093
51300	0,00311224657796	0,00311224657796	0,00311224657796	0,00311224657796	0,00338942749059	0,00338942749059	0,00338942749059	0,00381622208055	0,00381622208055	0,00381622208055	0,00381622208055	0,00381622208055	0,00381622208055	0,00391352381065	0,00391352381065	0,00391352381065	0,00391352381065
52200	0,000408505233466	0,000408505233466	0,000408505233466	0,000408505233466	0,000436646735427	0,000436646735427	0,000436646735427	0,000460746290029	0,000460746290029	0,000460746290029	0,000460746290029	0,000460746290029	0,000460746290029	0,000462222467006	0,000462222467006	0,000462222467006	0,000462222467006
53100	-0,00105080402648	-0,00105080402648	-0,00105080402648	-0,00105080402648	-0,00115473001465	-0,00115473001465	-0,00115473001465	-0,00134432158195	-0,00134432158195	-0,00134432158195	-0,00134432158195	-0,00134432158195	-0,00134432158195	-0,00138870149405	-0,00138870149405	-0,00138870149405	-0,00138870149405
54000	-0,0010133122977	-0,0010133122977	-0,0010133122977	-0,0010133122977	-0,0011153731353	-0,0011153731353	-0,0011153731353	-0,00129937383679	-0,00129937383679	-0,00129937383679	-0,00129937383679	-0,00129937383679	-0,00129937383679	-0,00134051878394	-0,00134051878394	-0,00134051878394	-0,00134051878394
54900	0,00169486291399	0,00169486291399	0,00169486291399	0,00169486291399	0,00183861841932	0,00183861841932	0,00183861841932	0,00206567496035	0,00206567496035	0,00206567496035	0,00206567496035	0,00206567496035	0,00206567496035	0,00212291188323	0,00212291188323	0,00212291188323	0,00212291188323
55800	-0,000634891990605	-0,000634891990605	-0,000634891990605	-0,000634891990605	-0,000698067699636	-0,000698067699636	-0,000698067699636	-0,000826627249733	-0,000826627249733	-0,000826627249733	-0,000826627249733	-0,000826627249733	-0,000826627249733	-0,000860527792085	-0,000860527792085	-0,000860527792085	-0,000860527792085
56700	-0,00201268496562	-0,00201268496562	-0,00201268496562	-0,00201268496562	-0,00220187773392	-0,00220187773392	-0,00220187773392	-0,00254318104221	-0,00254318104221	-0,00254318104221	-0,00254318104221	-0,00254318104221	-0,00254318104221	-0,00263036378776	-0,00263036378776	-0,00263036378776	-0,00263036378776
57600	-0,00127887926825	-0,00127887926825	-0,00127887926825	-0,00127887926825	-0,00140141415826	-0,00140141415826	-0,00140141415826	-0,0016165574396	-0,0016165574396	-0,0016165574396	-0,0016165574396	-0,0016165574396	-0,0016165574396	-0,00166578577249	-0,00166578577249	-0,00166578577249	-0,00166578577249
58500	-0,00218796453641	-0,00218796453641	-0,00218796453641	-0,00218796453641	-0,00239663666222	-0,00239663666222	-0,00239663666222	-0,00275102338183	-0,00275102338183	-0,00275102338183	-0,00275102338183	-0,00275102338183	-0,00275102338183	-0,00282567261593	-0,00282567261593	-0,00282567261593	-0,00282567261593
59400	-0,00242839631514	-0,00242839631514	-0,00242839631514	-0,00242839631514	-0,00265974243493	-0,00265974243493	-0,00265974243493	-0,00305478896543	-0,00305478896543	-0,00305478896543	-0,00305478896543	-0,00305478896543	-0,00305478896543	-0,00314381162831	-0,00314381162831	-0,00314381162831	-0,00314381162831
60300	-0,00236495245376	-0,00236495245376	-0,00236495245376	-0,00236495245376	-0,00259424691466	-0,00259424691466	-0,00259424691466	-0,0029549499242	-0,0029549499242	-0,0029549499242	-0,0029549499242	-0,0029549499242	-0,0029549499242	-0,00303223914005	-0,00303223914005	-0,00303223914005	-0,00303223914005
61200	-0,00265225658735	-0,00265225658735	-0,00265225658735	-0,00265225658735	-0,00290622640602	-0,00290622640602	-0,00290622640602	-0,00333007523767	-0,00333007523767	-0,00333007523767	-0,00333007523767	-0,00333007523767	-0,00333007523767	-0,0034248766206	-0,0034248766206	-0,0034248766206	-0,0034248766206
62100	-0,00231859937702	-0,00231859937702	-0,00231859937702	-0,00231859937702	-0,00254161229796	-0,00254161229796	-0,00254161229796	-0,00290595859684	-0,00290595859684	-0,00290595859684	-0,00290595859684	-0,00290595859684	-0,00290595859684	-0,00299037327649	-0,00299037327649	-0,00299037327649	-0,00299037327649
63000	-0,00236421153634	-0,00236421153634	-0,00236421153634	-0,00236421153634	-0,00259182198758	-0,00259182198758	-0,00259182198758	-0,00296210343467	-0,00296210343467	-0,00296210343467	-0,00296210343467	-0,00296210343467	-0,00296210343467	-0,00304680435105	-0,00304680435105	-0,00304680435105	-0,00304680435105
63900	-0,00223942408498	-0,00223942408498	-0,00223942408498	-0,00223942408498	-0,00245235125262	-0,00245235125262	-0,00245235125262	-0,00281903966067	-0,00281903966067	-0,00281903966067	-0,00281903966067	-0,00281903966067	-0,00281903966067	-0,00290398733753	-0,00290398733753	-0,00290398733753	-0,00290398733753
64800	-0,00200076255566	-0,00200076255566	-0,00200076255566	-0,00200076255566	-0,00219059292758	-0,00219059292758	-0,00219059292758	-0,00251932460537	-0,00251932460537	-0,00251932460537	-0,00251932460537	-0,00251932460537	-0,00251932460537	-0,0025934996581	-0,0025934996581	-0,0025934996581	-0,0025934996581
65700	-0,00245209980547	-0,00245209980547	-0,00245209980547	-0,00245209980547	-0,00268489848189	-0,00268489848189	-0,00268489848189	-0,00308865726186	-0,00308865726186	-0,00308865726186	-0,00308865726186	-0,00308865726186	-0,00308865726186	-0,00317936309441	-0,00317936309441	-0,00317936309441	-0,00317936309441
66600	-0,00241462566341	-0,00241462566341	-0,00241462566341	-0,00241462566341	-0,0026462049078	-0,0026462049078	-0,0026462049078	-0,00302972266019	-0,00302972266019	-0,00302972266019	-0,00302972266019	-0,00302972266019	-0,00302972266019	-0,00311302149691	-0,00311302149691	-0,00311302149691	-0,00311302149691
67500	-0,00219841432453	-0,00219841432453	-0,00219841432453	-0,00219841432453	-0,00241025347746	-0,00241025347746	-0,00241025347746	-0,0027533015505	-0,0027533015505	-0,0027533015505	-0,0027533015505	-0,0027533015505	-0,0027533015505	-0,00282280468673	-0,00282280468673	-0,00282280468673	-0,00282280468673
68400	-0,00309622639239	-0,00309622639239	-0,00309622639239	-0,00309622639239	-0,00339721336676	-0,00339721336676	-0,00339721336676	-0,00386532493683	-0,00386532493683	-0,00386532493683	-0,00386532493683	-0,00386532493683	-0,00386532493683	-0,00396541370895	-0,00396541370895	-0,00396541370895	-0,00396541370895
69300	-0,00279208980129	-0,00279208980129	-0,00279208980129	-0,00279208980129	-0,00306311702643	-0,00306311702643	-0,00306311702643	-0,00348737897187	-0,00348737897187	-0,00348737897187	-0,00348737897187	-0,00348737897187	-0,00348737897187	-0,00357669396677	-0,00357669396677	-0,00357669396677	-0,00357669396677
70200	-0,00316235992799	-0,00316235992799	-0,00316235992799	-0,00316235992799	-0,0034690253374	-0,0034690253374	-0,0034690253374	-0,00395171433195	-0,00395171433195	-0,00395171433195	-0,00395171433195	-0,00395171433195	-0,00395171433195	-0,00405865516443	-0,00405865516443	-0,00405865516443	-0,00405865516443
71100	-0,00345054469676	-0,00345054469676	-0,00345054469676	-0,00345054469676	-0,00377922857534	-0,00377922857534	-0,00377922857534	-0,00434180730647	-0,00434180730647	-0,00434180730647	-0,00434180730647	-0,00434180730647	-0,00434180730647	-0,00447049691694	-0,00447049691694	-0,00447049691694	-0,00447049691694
72000	-0,00359181794	-0,00359181794	-0,00359181794	-0,00359181794	-0,00393445669981	-0,00393445669981	-0,00393445669981	-0,00451722125833	-0,00451722125833	-0,00451722125833	-0,00451722125833	-0,00451722125833	-0,00451722125833	-0,00464830713707	-0,00464830713707	-0,00464830713707	-0,00464830713707
72900	-0,00299585182647	-0,00299585182647	-0,00299585182647	-0,00299585182647	-0,00328133443349	-0,00328133443349	-0,00328133443349	-0,00376873944958	-0,00376873944958	-0,00376873944958	-0,00376873944958	-0,00376873944958	-0,00376873944958	-0,00388398843073	-0,00388398843073	-0,00388398843073	-0,00388398843073
73800	-0,00292860683144	-0,00292860683144	-0,00292860683144	-0,00292860683144	-0,00320917336026	-0,00320917336026	-0,00320917336026	-0,00367660145363	-0,00367660145363	-0,00367660145363	-0,00367660145363	-0,00367660145363	-0,00367660145363	-0,00377809206996	-0,00377809206996	-0,00377809206996	-0,00377809206996
74700	-0,00277391265246	-0,00277391265246	-0,00277391265246	-0,00277391265246	-0,00304033869324	-0,00304033869324	-0,00304033869324	-0,00347887792663	-0,00347887792663	-0,00347887792663	-0,00347887792663	-0,00347887792663	-0,00347887792663	-0,00357341059588	-0,00357341059588	-0,00357341059588	-0,00357341059588
75600	-0,0023252387116	-0,0023252387116	-0,0023252387116	-0,0023252387116	-0,00255032457807	-0,00255032457807	-0,00255032457807	-0,00290709470246	-0,00290709470246	-0,00290709470246	-0,00290709470246	-0,00290709470246	-0,00290709470246	-0,00298537869675	-0,00298537869675	-0,00298537869675	-0,00298537869675
76500	-0,00233108093887	-0,00233108093887	-0,00233108093887	-0,00233108093887	-0,00255520536899	-0,00255520536899	-0,00255520536899	-0,00292204704462	-0,00292204704462	-0,00292204704462	-0,00292204704462	-0,00292204704462	-0,00292204704462	-0,00300322928594	-0,00300322928594	-0,00300322928594	-0,00300322928594
77400	-0,00201291110195	-0,00201291110195	-0,00201291110195	-0,00201291110195	-0,0022042718225	-0,0022042718225	-0,0022042718225	-0,0025327333058	-0,0025327333058	-0,0025327333058	-0,0025327333058	-0,0025327333058	-0,0025327333058	-0,00260614462644	-0,00260614462644	-0,00260614462644	-0,00260614462644
78300	-0,00217336284353	-0,00217336284353	-0,00217336284353	-0,00217336284353	-0,00238126607147	-0,00238126607147	-0,00238126607147	-0,00272954244188	-0,00272954244188	-0,00272954244188	-0,00272954244188	-0,00272954244188	-0,00272954244188	-0,00281220900484	-0,00281220900484	-0,00281220900484	-0,00281220900484
79200	-0,00192338372807	-0,00192338372807	-0,00192338372807	-0,00192338372807	-0,00210615364391	-0,00210615364391	-0,00210615364391	-0,00242048470999	-0,00242048470999	-0,00242048470999	-0,00242048470999	-0,00242048470999	-0,00242048470999	-0,00249334675086	-0,00249334675086	-0,00249334675086	-0,00249334675086
80100	-0,00184828133955	-0,00184828133955	-0,00184828133955	-0,00184828133955	-0,00202334982196	-0,00202334982196	-0,00202334982196	-0,0023287960844	-0,0023287960844	-0,0023287960844	-0,0023287960844	-0,0023287960844	-0,0023287960844	-0,00240048475464	-0,00240048475464	-0,00240048475464	-0,00240048475464
81000	-0,00170487572822	-0,00170487572822	-0,00170487572822	-0,00170487572822	-0,00186695600357	-0,00186695600357	-0,00186695600357	-0,00214513241331	-0,00214513241331	-0,00214513241331	-0,00214513241331	-0,00214513241331	-0,00214513241331	-0,00220913590388	-0,00220913590388	-0,00220913590388	-0,00220913590388
81900	-0,00179066682738	-0,00179066682738	-0,00179066682738	-0,00179066682738	-0,00196090129626	-0,00196090129626	-0,00196090129626	-0,00225308694404	-0,00225308694404	-0,00225308694404	-0,00225308694404	-0,00225308694404	-0,00225308694404	-0,00231975696736	-0,00231975696736	-0,00231975696736	-0,00231975696736
82800	-0,00146891377248	-0,00146891377248	-0,00146891377248	-0,00146891377248	-0,00160798167372	-0,00160798167372	-0,00160798167372	-0,00185113600361	-0,00185113600361	-0,00185113600361	-0,00185113600361	-0,00185113600361	-0,00185113600361	-0,00190815759866	-0,00190815759866	-0,00190815759866	-0,00190815759866
83700	-0,00141077914675	-0,00141077914675	-0,00141077914675	-0,00141077914675	-0,0015450209381	-0,0015450209381	-0,0015450209381	-0,00177448568799	-0,00177448568799	-0,00177448568799	-0,00177448568799	-0,00177448568799	-0,00177448568799	-0,00182621298938	-0,00182621298938	-0,00182621298938	-0,00182621298938
84600	-0,00137957358923	-0,00137957358923	-0,00137957358923	-0,00137957358923	-0,00151086505016	-0,00151086505016	-0,00151086505016	-0,00173514009529	-0,00173514009529	-0,00173514009529	-0,00173514009529	-0,00173514009529	-0,00173514009529	-0,00178658124367	-0,00178658124367	-0,00178658124367	-0,00178658124367
85500	-0,00123344806036	-0,00123344806036	-0,00123344806036	-0,00123344806036	-0,0013512159402	-0,0013512159402	-0,0013512159402	-0,00154943810703	-0,00154943810703	-0,00154943810703	-0,00154943810703	-0,00154943810703	-0,00154943810703	-0,00159377463469	-0,00159377463469	-0,00159377463469	-0,00159377463469
86400	-0,000941887974743	-0,000941887974743	-0,000941887974743	-0,000941887974743	-0,00103343597778	-0,00103343597778	-0,00103343597778	-0,00117509555731	-0,00117509555731	-0,00117509555731	-0,00117509555731	-0,00117509555731	-0,00117509555731	-0,0012062682911	-0,0012062682911	-0,0012062682911	-0,0012062682911
87300	-0,000894453366457	-0,000894453366457	-0,000894453366457	-0,000894453366457	-0,000980391856591	-0,000980391856591	-0,000980391856591	-0,00112091156368	-0,00112091156368	-0,00112091156368	-0,00112091156368	-0,00112091156368	-0,00112091156368	-0,00115506552064	-0,00115506552064	-0,00115506552064	-0,00115506552064
88200	-0,000894112905645	-0,000894112905645	-0,000894112905645	-0,000894112905645	-0,000980522727858	-0,000980522727858	-0,000980522727858	-0,00111796468817	-0,00111796468817	-0,00111796468817	-0,00111796468817	-0,00111796468817	-0,00111796468817	-0,0011498483416	-0,0011498483416	-0,0011498483416	-0,0011498483416
89100	-0,00076875422994	-0,00076875422994	-0,00076875422994	-0,00076875422994	-0,000843176843822	-0,000843176843822	-0,000843176843822	-0,000960581780542	-0,000960581780542	-0,000960581780542	-0,000960581780542	-0,000960581780542	-0,000960581780542	-0,000986420720769	-0,000986420720769	-0,000986420720769	-0,000986420720769
90000	-0,000678608750082	-0,000678608750082	-0,000678608750082	-0,000678608750082	-0,000744344890567	-0,000744344890567	-0,000744344890567	-0,000847739993744	-0,000847739993744	-0,000847739993744	-0,000847739993744	-0,000847739993744	-0,000847739993744	-0,000869498888609	-0,000869498888609	-0,000869498888609	-0,000869498888609
90900	-0,000711387211422	-0,000711387211422	-0,000711387211422	-0,000711387211422	-0,000779464555988	-0,000779464555988	-0,000779464555988	-0,000892857968463	-0,000892857968463	-0,000892857968463	-0,000892857968463	-0,000892857968463	-0,000892857968463	-0,000918760439366	-0,000918760439366	-0,000918760439366	-0,000918760439366
91800	-0,000600858053851	-0,000600858053851	-0,000600858053851	-0,000600858053851	-0,00065846282147	-0,00065846282147	-0,00065846282147	-0,000753610019298	-0,000753610019298	-0,000753610019298	-0,000753610019298	-0,000753610019298	-0,000753610019298	-0,000775716482764	-0,000775716482764	-0,000775716482764	-0,000775716482764
92700	-0,000664554377042	-0,000664554377042	-0,000664554377042	-0,000664554377042	-0,00072813821922	-0,00072813821922	-0,00072813821922	-0,000834137143798	-0,000834137143798	-0,000834137143798	-0,000834137143798	-0,000834137143798	-0,000834137143798	-0,000859535110999	-0,000859535110999	-0,000859535110999	-0,000859535110999
93600	-0,000681475656248	-0,000681475656248	-0,000681475656248	-0,000681475656248	-0,000746356487197	-0,000746356487197	-0,000746356487197	-0,000856986544755	-0,000856986544755	-0,000856986544755	-0,000856986544755	-0,000856986544755	-0,000856986544755	-0,000883061364563	-0,000883061364563	-0,000883061364563	-0,000883061364563
94500	-0,000646126778601	-0,000646126778601	-0,000646126778601	-0,000646126778601	-0,000708059421569	-0,000708059421569	-0,000708059421569	-0,000810447474273	-0,000810447474273	-0,000810447474273	-0,000810447474273	-0,000810447474273	-0,000810447474273	-0,000833029728913	-0,000833029728913	-0,000833029728913	-0,000833029728913
95400	-0,000618018032519	-0,000618018032519	-0,000618018032519	-0,000618018032519	-0,00067713480539	-0,00067713480539	-0,00067713480539	-0,000775798141805	-0,000775798141805	-0,000775798141805	-0,000775798141805	-0,000775798141805	-0,000775798141805	-0,000797728708197	-0,000797728708197	-0,000797728708197	-0,000797728708197
96300	-0,000560230149161	-0,000560230149161	-0,000560230149161	-0,000560230149161	-0,000613610608048	-0,000613610608048	-0,000613610608048	-0,000704299951351	-0,000704299951351	-0,000704299951351	-0,000704299951351	-0,000704299951351	-0,000704299951351	-0,000725028098205	-0,000725028098205	-0,000725028098205	-0,000725028098205
97200	-0,000592254822727	-0,000592254822727	-0,000592254822727	-0,000592254822727	-0,000648759159389	-0,000648759159389	-0,000648759159389	-0,00074419780826	-0,00074419780826	-0,00074419780826	-0,00074419780826	-0,00074419780826	-0,00074419780826	-0,000766471358281	-0,000766471358281	-0,000766471358281	-0,000766471358281
98100	-0,000611945015689	-0,000611945015689	-0,000611945015689	-0,000611945015689	-0,000670282227296	-0,000670282227296	-0,000670282227296	-0,00076916790426	-0,00076916790426	-0,00076916790426	-0,00076916790426	-0,00076916790426	-0,00076916790426	-0,000792689322651	-0,000792689322651	-0,000792689322651	-0,000792689322651
99000	-0,000621459073706	-0,000621459073706	-0,000621459073706	-0,000621459073706	-0,0006808107101	-0,0006808107101	-0,0006808107101	-0,000780589134934	-0,000780589134934	-0,000780589134934	-0,000780589134934	-0,000780589134934	-0,000780589134934	-0,00080288878474	-0,00080288878474	-0,00080288878474	-0,00080288878474
99900	-0,000628715537341	-0,000628715537341	-0,000628715537341	-0,000628715537341	-0,000689032196518	-0,000689032196518	-0,000689032196518	-0,000788343661351	-0,000788343661351	-0,000788343661351	-0,000788343661351	-0,000788343661351	-0,000788343661351	-0,000810130969225	-0,000810130969225	-0,000810130969225	-0,000810130969225
100800	-0,000532695538101	-0,000532695538101	-0,000532695538101	-0,000532695538101	-0,000583894932367	-0,000583894932367	-0,000583894932367	-0,000667471898914	-0,000667471898914	-0,000667471898914	-0,000667471898914	-0,000667471898914	-0,000667471898914	-0,000686795016504	-0,000686795016504	-0,000686795016504	-0,000686795016504
101700	-0,000597507467197	-0,000597507467197	-0,000597507467197	-0,000597507467197	-0,000654529672391	-0,000654529672391	-0,000654529672391	-0,000750714330594	-0,000750714330594	-0,000750714330594	-0,000750714330594	-0,000750714330594	-0,000750714330594	-0,000772941565476	-0,000772941565476	-0,000772941565476	-0,000772941565476
102600	-0,000631647771781	-0,000631647771781	-0,000631647771781	-0,000631647771781	-0,000691879021777	-0,000691879021777	-0,000691879021777	-0,000793853962192	-0,000793853962192	-0,000793853962192	-0,000793853962192	-0,000793853962192	-0,000793853962192	-0,000816733696331	-0,000816733696331	-0,000816733696331	-0,000816733696331
103500	-0,000595759935875	-0,000595759935875	-0,000595759935875	-0,000595759935875	-0,000652559016599	-0,000652559016599	-0,000652559016599	-0,000748800472388	-0,000748800472388	-0,000748800472388	-0,000748800472388	-0,000748800472388	-0,000748800472388	-0,000771114379387	-0,000771114379387	-0,000771114379387	-0,000771114379387
104400	-0,000734417940534	-0,000734417940534	-0,000734417940534	-0,000734417940534	-0,000804921769637	-0,000804921769637	-0,000804921769637	-0,000920651094005	-0,000920651094005	-0,000920651094005	-0,000920651094005	-0,000920651094005	-0,000920651094005	-0,000944517956704	-0,000944517956704	-0,000944517956704	-0,000944517956704
105300	-0,000717435101993	-0,000717435101993	-0,000717435101993	-0,000717435101993	-0,000786748872357	-0,000786748872357	-0,000786748872357	-0,000897160325028	-0,000897160325028	-0,000897160325028	-0,000897160325028	-0,000897160325028	-0,000897160325028	-0,000921714988974	-0,000921714988974	-0,000921714988974	-0,000921714988974
106200	-0,00073463277005	-0,00073463277005	-0,00073463277005	-0,00073463277005	-0,000805263759418	-0,000805263759418	-0,000805263759418	-0,000920387716238	-0,000920387716238	-0,000920387716238	-0,000920387716238	-0,000920387716238	-0,000920387716238	-0,000947605839384	-0,000947605839384	-0,000947605839384	-0,000947605839384
107100	-0,000890685683901	-0,000890685683901	-0,000890685683901	-0,000890685683901	-0,000974840908301	-0,000974840908301	-0,000974840908301	-0,00112329632356	-0,00112329632356	-0,00112329632356	-0,00112329632356	-0,00112329632356	-0,00112329632356	-0,00115861244446	-0,00115861244446	-0,00115861244446	-0,00115861244446
108000	-0,00117862884452	-0,00117862884452	-0,00117862884452	-0,00117862884452	-0,00129181148794	-0,00129181148794	-0,00129181148794	-0,00147733094327	-0,00147733094327	-0,00147733094327	-0,00147733094327	-0,00147733094327	-0,00147733094327	-0,00151686123957	-0,00151686123957	-0,00151686123957	-0,00151686123957
108900	-0,00121085955341	-0,00121085955341	-0,00121085955341	-0,00121085955341	-0,00132684625026	-0,00132684625026	-0,00132684625026	-0,00151918510003	-0,00151918510003	-0,00151918510003	-0,00151918510003	-0,00151918510003	-0,00151918510003	-0,00156299785328	-0,00156299785328	-0,00156299785328	-0,00156299785328
109800	-0,00142677703593	-0,00142677703593	-0,00142677703593	-0,00142677703593	-0,00156419678348	-0,00156419678348	-0,00156419678348	-0,00178632948387	-0,00178632948387	-0,00178632948387	-0,00178632948387	-0,00178632948387	-0,00178632948387	-0,00183507752509	-0,00183507752509	-0,00183507752509	-0,00183507752509
110700	-0,00149492950118	-0,00149492950118	-0,00149492950118	-0,00149492950118	-0,00164029104644	-0,00164029104644	-0,00164029104644	-0,00186476805911	-0,00186476805911	-0,00186476805911	-0,00186476805911	-0,00186476805911	-0,00186476805911	-0,00191361741211	-0,00191361741211	-0,00191361741211	-0,00191361741211
111600	-0,00163469557387	-0,00163469557387	-0,00163469557387	-0,00163469557387	-0,00179100363128	-0,00179100363128	-0,00179100363128	-0,00205233078341	-0,00205233078341	-0,00205233078341	-0,00205233078341	-0,00205233078341	-0,00205233078341	-0,00211303527761	-0,00211303527761	-0,00211303527761	-0,00211303527761
112500	-0,00161302040643	-0,00161302040643	-0,00161302040643	-0,00161302040643	-0,00176631656141	-0,00176631656141	-0,00176631656141	-0,00202981471827	-0,00202981471827	-0,00202981471827	-0,00202981471827	-0,00202981471827	-0,00202981471827	-0,002090834654	-0,002090834654	-0,002090834654	-0,002090834654
113400	-0,00181895648252	-0,00181895648252	-0,00181895648252	-0,00181895648252	-0,00199310467533	-0,00199310467533	-0,00199310467533	-0,00228256062722	-0,00228256062722	-0,00228256062722	-0,00228256062722	-0,00228256062722	-0,00228256062722	-0,00235099425233	-0,00235099425233	-0,00235099425233	-0,00235099425233
114300	-0,00183816802025	-0,00183816802025	-0,00183816802025	-0,00183816802025	-0,00201315822427	-0,00201315822427	-0,00201315822427	-0,002311655256	-0,002311655256	-0,002311655256	-0,002311655256	-0,002311655256	-0,002311655256	-0,00238509480994	-0,00238509480994	-0,00238509480994	-0,00238509480994
115200	-0,0022635054933	-0,0022635054933	-0,0022635054933	-0,0022635054933	-0,00247945179347	-0,00247945179347	-0,00247945179347	-0,00284572117401	-0,00284572117401	-0,00284572117401	-0,00284572117401	-0,00284572117401	-0,00284572117401	-0,00293355521936	-0,00293355521936	-0,00293355521936	-0,00293355521936
116100	-0,00236583706176	-0,00236583706176	-0,00236583706176	-0,00236583706176	-0,00259139026799	-0,00259139026799	-0,00259139026799	-0,00297521082393	-0,00297521082393	-0,00297521082393	-0,00297521082393	-0,00297521082393	-0,00297521082393	-0,00306099197449	-0,00306099197449	-0,00306099197449	-0,00306099197449
117000	-0,00261640745906	-0,00261640745906	-0,00261640745906	-0,00261640745906	-0,00286734185482	-0,00286734185482	-0,00286734185482	-0,00328305314772	-0,00328305314772	-0,00328305314772	-0,00328305314772	-0,00328305314772	-0,00328305314772	-0,0033852126055	-0,0033852126055	-0,0033852126055	-0,0033852126055
117900	-0,00187173921506	-0,00187173921506	-0,00187173921506	-0,00187173921506	-0,00204866275083	-0,00204866275083	-0,00204866275083	-0,00236018685714	-0,00236018685714	-0,00236018685714	-0,00236018685714	-0,00236018685714	-0,00236018685714	-0,00243586757352	-0,00243586757352	-0,00243586757352	-0,00243586757352
118800	-0,00228455905466	-0,00228455905466	-0,00228455905466	-0,00228455905466	-0,00250092950868	-0,00250092950868	-0,00250092950868	-0,00288597405634	-0,00288597405634	-0,00288597405634	-0,00288597405634	-0,00288597405634	-0,00288597405634	-0,00298474690129	-0,00298474690129	-0,00298474690129	-0,00298474690129
119700	-0,00100061055494	-0,00100061055494	-0,00100061055494	-0,00100061055494	-0,00110313401019	-0,00110313401019	-0,00110313401019	-0,00127639298001	-0,00127639298001	-0,00127639298001	-0,00127639298001	-0,00127639298001	-0,00127639298001	-0,00132925338259	-0,00132925338259	-0,00132925338259	-0,00132925338259
120600	0,00272442751356	0,00272442751356	0,00272442751356	0,00272442751356	0,00296515585841	0,00296515585841	0,00296515585841	0,00333865532651	0,00333865532651	0,00333865532651	0,00333865532651	0,00333865532651	0,00333865532651	0,00340988367783	0,00340988367783	0,00340988367783	0,00340988367783
121500	-0,0012782695377	-0,0012782695377	-0,0012782695377	-0,0012782695377	-0,00140213783346	-0,00140213783346	-0,00140213783346	-0,00162419343936	-0,00162419343936	-0,00162419343936	-0,00162419343936	-0,00162419343936	-0,00162419343936	-0,00167470627126	-0,00167470627126	-0,00167470627126	-0,00167470627126
122400	0,00240468932858	0,00240468932858	0,00240468932858	0,00240468932858	0,00261005851575	0,00261005851575	0,00261005851575	0,00293968668278	0,00293968668278	0,00293968668278	0,00293968668278	0,00293968668278	0,00293968668278	0,00302142658281	0,00302142658281	0,00302142658281	0,00302142658281
123300	0,00324687485366	0,00324687485366	0,00324687485366	0,00324687485366	0,0035414092421	0,0035414092421	0,0035414092421	0,00395424455845	0,00395424455845	0,00395424455845	0,00395424455845	0,00395424455845	0,00395424455845	0,00402785134387	0,00402785134387	0,00402785134387	0,00402785134387
124200	0,00323233159512	0,00323233159512	0,00323233159512	0,00323233159512	0,00351874061234	0,00351874061234	0,00351874061234	0,00395475926883	0,00395475926883	0,00395475926883	0,00395475926883	0,00395475926883	0,00395475926883	0,00404039545444	0,00404039545444	0,00404039545444	0,00404039545444
125100	0,00478445554568	0,00478445554568	0,00478445554568	0,00478445554568	0,00521924437513	0,00521924437513	0,00521924437513	0,00585750420491	0,00585750420491	0,00585750420491	0,00585750420491	0,00585750420491	0,00585750420491	0,00598881597488	0,00598881597488	0,00598881597488	0,00598881597488
126000	0,00420292958467	0,00420292958467	0,00420292958467	0,00420292958467	0,00458396868955	0,00458396868955	0,00458396868955	0,0051500683806	0,0051500683806	0,0051500683806	0,0051500683806	0,0051500683806	0,0051500683806	0,00527637172498	0,00527637172498	0,00527637172498	0,00527637172498
126900	0,00431227980118	0,00431227980118	0,00431227980118	0,00431227980118	0,00470294060836	0,00470294060836	0,00470294060836	0,00526563401728	0,00526563401728	0,00526563401728	0,00526563401728	0,00526563401728	0,00526563401728	0,00539438740927	0,00539438740927	0,00539438740927	0,00539438740927
127800	0,00366792701489	0,00366792701489	0,00366792701489	0,00366792701489	0,00399918345337	0,00399918345337	0,00399918345337	0,00449079212096	0,00449079212096	0,00449079212096	0,00449079212096	0,00449079212096	0,00449079212096	0,00460081795529	0,00460081795529	0,00460081795529	0,00460081795529
128700	0,00469194535549	0,00469194535549	0,00469194535549	0,00469194535549	0,0051119558451	0,0051119558451	0,0051119558451	0,00577511631221	0,00577511631221	0,00577511631221	0,00577511631221	0,00577511631221	0,00577511631221	0,00592254651371	0,00592254651371	0,00592254651371	0,00592254651371
129600	0,00449496355808	0,00449496355808	0,00449496355808	0,00449496355808	0,00489756191417	0,00489756191417	0,00489756191417	0,00553708146547	0,00553708146547	0,00553708146547	0,00553708146547	0,00553708146547	0,00553708146547	0,00568290736643	0,00568290736643	0,00568290736643	0,00568290736643
130500	0,00370323392658	0,00370323392658	0,00370323392658	0,00370323392658	0,004029396327	0,004029396327	0,004029396327	0,00455992511887	0,00455992511887	0,00455992511887	0,00455992511887	0,00455992511887	0,00455992511887	0,00468375553682	0,00468375553682	0,00468375553682	0,00468375553682
131400	0,00381518334354	0,00381518334354	0,00381518334354	0,00381518334354	0,00415485605198	0,00415485605198	0,00415485605198	0,00467527372438	0,00467527372438	0,00467527372438	0,00467527372438	0,00467527372438	0,00467527372438	0,00479497286639	0,00479497286639	0,00479497286639	0,00479497286639
132300	0,00378229505589	0,00378229505589	0,00378229505589	0,00378229505589	0,00412113234507	0,00412113234507	0,00412113234507	0,00463331882167	0,00463331882167	0,00463331882167	0,00463331882167	0,00463331882167	0,00463331882167	0,00474706719101	0,00474706719101	0,00474706719101	0,00474706719101
133200	0,00347204811652	0,00347204811652	0,00347204811652	0,00347204811652	0,00378422856616	0,00378422856616	0,00378422856616	0,00424838347157	0,00424838347157	0,00424838347157	0,00424838347157	0,00424838347157	0,00424838347157	0,00434775611548	0,00434775611548	0,00434775611548	0,00434775611548
134100	0,00208064395869	0,00208064395869	0,00208064395869	0,00208064395869	0,00226725144487	0,00226725144487	0,00226725144487	0,00252618671878	0,00252618671878	0,00252618671878	0,00252618671878	0,00252618671878	0,00252618671878	0,00258534607706	0,00258534607706	0,00258534607706	0,00258534607706
135000	0,00313129771532	0,00313129771532	0,00313129771532	0,00313129771532	0,00341455509521	0,00341455509521	0,00341455509521	0,00382703354848	0,00382703354848	0,00382703354848	0,00382703354848	0,00382703354848	0,00382703354848	0,0039207118868	0,0039207118868	0,0039207118868	0,0039207118868
135900	0,00373920767267	0,00373920767267	0,00373920767267	0,00373920767267	0,00407691075062	0,00407691075062	0,00407691075062	0,00458151139568	0,00458151139568	0,00458151139568	0,00458151139568	0,00458151139568	0,00458151139568	0,00468983596115	0,00468983596115	0,00468983596115	0,00468983596115
136800	0,00251186744895	0,00251186744895	0,00251186744895	0,00251186744895	0,0027348507839	0,0027348507839	0,0027348507839	0,00308549296361	0,00308549296361	0,00308549296361	0,00308549296361	0,00308549296361	0,00308549296361	0,00316467980112	0,00316467980112	0,00316467980112	0,00316467980112
137700	0,00465382662127	0,00465382662127	0,00465382662127	0,00465382662127	0,00507277024401	0,00507277024401	0,00507277024401	0,00573313236208	0,00573313236208	0,00573313236208	0,00573313236208	0,00573313236208	0,00573313236208	0,00588312344744	0,00588312344744	0,00588312344744	0,00588312344744
138600	0,00581681901129	0,00581681901129	0,00581681901129	0,00581681901129	0,00634183425338	0,00634183425338	0,00634183425338	0,00715842501903	0,00715842501903	0,00715842501903	0,00715842501903	0,00715842501903	0,00715842501903	0,00734203443907	0,00734203443907	0,00734203443907	0,00734203443907
139500	0,00222438749656	0,00222438749656	0,00222438749656	0,00222438749656	0,00242044066548	0,00242044066548	0,00242044066548	0,00271912182204	0,00271912182204	0,00271912182204	0,00271912182204	0,00271912182204	0,00271912182204	0,0027935347513	0,0027935347513	0,0027935347513	0,0027935347513
140400	0,00105006698957	0,00105006698957	0,00105006698957	0,00105006698957	0,00113751960913	0,00113751960913	0,00113751960913	0,00127512804839	0,00127512804839	0,00127512804839	0,00127512804839	0,00127512804839	0,00127512804839	0,00130812506996	0,00130812506996	0,00130812506996	0,00130812506996
141300	-0,000419822938094	-0,000419822938094	-0,000419822938094	-0,000419822938094	-0,000462405207757	-0,000462405207757	-0,000462405207757	-0,000548952726134	-0,000548952726134	-0,000548952726134	-0,000548952726134	-0,000548952726134	-0,000548952726134	-0,000566644060281	-0,000566644060281	-0,000566644060281	-0,000566644060281
142200	-8,69339251583e-05	-8,69339251583e-05	-8,69339251583e-05	-8,69339251583e-05	-9,9221034666e-05	-9,9221034666e-05	-9,9221034666e-05	-0,000143338481384	-0,000143338481384	-0,000143338481384	-0,000143338481384	-0,000143338481384	-0,000143338481384	-0,000155330394568	-0,000155330394568	-0,000155330394568	-0,000155330394568
143100	-0,000508733043546	-0,000508733043546	-0,000508733043546	-0,000508733043546	-0,000560804547132	-0,000560804547132	-0,000560804547132	-0,000664916559635	-0,000664916559635	-0,000664916559635	-0,000664916559635	-0,000664916559635	-0,000664916559635	-0,000683915764626	-0,000683915764626	-0,000683915764626	-0,000683915764626
144000	-0,00173118166521	-0,00173118166521	-0,00173118166521	-0,00173118166521	-0,00189413504187	-0,00189413504187	-0,00189413504187	-0,00218637028084	-0,00218637028084	-0,00218637028084	-0,00218637028084	-0,00218637028084	-0,00218637028084	-0,0022602992887	-0,0022602992887	-0,0022602992887	-0,0022602992887
144900	-0,00167470788521	-0,00167470788521	-0,00167470788521	-0,00167470788521	-0,0018321419802	-0,0018321419802	-0,0018321419802	-0,00211606502849	-0,00211606502849	-0,00211606502849	-0,00211606502849	-0,00211606502849	-0,00211606502849	-0,00218506922239	-0,00218506922239	-0,00218506922239	-0,00218506922239
145800	-0,0014921392301	-0,0014921392301	-0,0014921392301	-0,0014921392301	-0,0016334452367	-0,0016334452367	-0,0016334452367	-0,00188020860197	-0,00188020860197	-0,00188020860197	-0,00188020860197	-0,00188020860197	-0,00188020860197	-0,00193950699785	-0,00193950699785	-0,00193950699785	-0,00193950699785
146700	-0,00196046506128	-0,00196046506128	-0,00196046506128	-0,00196046506128	-0,0021456895994	-0,0021456895994	-0,0021456895994	-0,0024724949546	-0,0024724949546	-0,0024724949546	-0,0024724949546	-0,0024724949546	-0,0024724949546	-0,00255006288734	-0,00255006288734	-0,00255006288734	-0,00255006288734
147600	-0,00195763333188	-0,00195763333188	-0,00195763333188	-0,00195763333188	-0,00214373965987	-0,00214373965987	-0,00214373965987	-0,00246317698351	-0,00246317698351	-0,00246317698351	-0,00246317698351	-0,00246317698351	-0,00246317698351	-0,00253543589538	-0,00253543589538	-0,00253543589538	-0,00253543589538
148500	-0,00228551042296	-0,00228551042296	-0,00228551042296	-0,00228551042296	-0,00250502307498	-0,00250502307498	-0,00250502307498	-0,00286605161122	-0,00286605161122	-0,00286605161122	-0,00286605161122	-0,00286605161122	-0,00286605161122	-0,00294694885047	-0,00294694885047	-0,00294694885047	-0,00294694885047
149400	-0,00274951352453	-0,00274951352453	-0,00274951352453	-0,00274951352453	-0,00302117702755	-0,00302117702755	-0,00302117702755	-0,00341030318926	-0,00341030318926	-0,00341030318926	-0,00341030318926	-0,00341030318926	-0,00341030318926	-0,00349444158356	-0,00349444158356	-0,00349444158356	-0,00349444158356
150300	-0,00238008322741	-0,00238008322741	-0,00238008322741	-0,00238008322741	-0,00261203848365	-0,00261203848365	-0,00261203848365	-0,00296788998041	-0,00296788998041	-0,00296788998041	-0,00296788998041	-0,00296788998041	-0,00296788998041	-0,00304672773709	-0,00304672773709	-0,00304672773709	-0,00304672773709
151200	-0,00277962853307	-0,00277962853307	-0,00277962853307	-0,00277962853307	-0,00305308485891	-0,00305308485891	-0,00305308485891	-0,00345360257069	-0,00345360257069	-0,00345360257069	-0,00345360257069	-0,00345360257069	-0,00345360257069	-0,00354715925006	-0,00354715925006	-0,00354715925006	-0,00354715925006
152100	-0,00275742747252	-0,00275742747252	-0,00275742747252	-0,00275742747252	-0,00302688913298	-0,00302688913298	-0,00302688913298	-0,00343506154584	-0,00343506154584	-0,00343506154584	-0,00343506154584	-0,00343506154584	-0,00343506154584	-0,00352504249249	-0,00352504249249	-0,00352504249249	-0,00352504249249
153000	-0,00277991669179	-0,00277991669179	-0,00277991669179	-0,00277991669179	-0,0030450545048	-0,0030450545048	-0,0030450545048	-0,00349575070078	-0,00349575070078	-0,00349575070078	-0,00349575070078	-0,00349575070078	-0,00349575070078	-0,00360361738325	-0,00360361738325	-0,00360361738325	-0,00360361738325
153900	-0,00299779652086	-0,00299779652086	-0,00299779652086	-0,00299779652086	-0,00328283060394	-0,00328283060394	-0,00328283060394	-0,00377436266205	-0,00377436266205	-0,00377436266205	-0,00377436266205	-0,00377436266205	-0,00377436266205	-0,00389428720008	-0,00389428720008	-0,00389428720008	-0,00389428720008
154800	-0,00307424471847	-0,00307424471847	-0,00307424471847	-0,00307424471847	-0,00336458922383	-0,00336458922383	-0,00336458922383	-0,00388050235272	-0,00388050235272	-0,00388050235272	-0,00388050235272	-0,00388050235272	-0,00388050235272	-0,00401074958645	-0,00401074958645	-0,00401074958645	-0,00401074958645
155700	-0,00302464493428	-0,00302464493428	-0,00302464493428	-0,00302464493428	-0,00331141873258	-0,00331141873258	-0,00331141873258	-0,0038122755838	-0,0038122755838	-0,0038122755838	-0,0038122755838	-0,0038122755838	-0,0038122755838	-0,00393969095303	-0,00393969095303	-0,00393969095303	-0,00393969095303
156600	-0,0028205368487	-0,0028205368487	-0,0028205368487	-0,0028205368487	-0,00308605397627	-0,00308605397627	-0,00308605397627	-0,00356439878294	-0,00356439878294	-0,00356439878294	-0,00356439878294	-0,00356439878294	-0,00356439878294	-0,00368713716843	-0,00368713716843	-0,00368713716843	-0,00368713716843
157500	-0,00306978562281	-0,00306978562281	-0,00306978562281	-0,00306978562281	-0,00336404547382	-0,00336404547382	-0,00336404547382	-0,00385313284637	-0,00385313284637	-0,00385313284637	-0,00385313284637	-0,00385313284637	-0,00385313284637	-0,00396231881174	-0,00396231881174	-0,00396231881174	-0,00396231881174
158400	-0,00289782491066	-0,00289782491066	-0,00289782491066	-0,00289782491066	-0,0031759919662	-0,0031759919662	-0,0031759919662	-0,00363517595696	-0,00363517595696	-0,00363517595696	-0,00363517595696	-0,00363517595696	-0,00363517595696	-0,00373448905079	-0,00373448905079	-0,00373448905079	-0,00373448905079
159300	-0,00278547479499	-0,00278547479499	-0,00278547479499	-0,00278547479499	-0,00305386461479	-0,00305386461479	-0,00305386461479	-0,00348911550303	-0,00348911550303	-0,00348911550303	-0,00348911550303	-0,00348911550303	-0,00348911550303	-0,00358700412421	-0,00358700412421	-0,00358700412421	-0,00358700412421
160200	-0,00226107191875	-0,00226107191875	-0,00226107191875	-0,00226107191875	-0,00247835148136	-0,00247835148136	-0,00247835148136	-0,0028348196546	-0,0028348196546	-0,0028348196546	-0,0028348196546	-0,0028348196546	-0,0028348196546	-0,00291902158235	-0,00291902158235	-0,00291902158235	-0,00291902158235
161100	-0,00229984018791	-0,00229984018791	-0,00229984018791	-0,00229984018791	-0,00251896298368	-0,00251896298368	-0,00251896298368	-0,00289287129042	-0,00289287129042	-0,00289287129042	-0,00289287129042	-0,00289287129042	-0,00289287129042	-0,00298197150903	-0,00298197150903	-0,00298197150903	-0,00298197150903
162000	-0,00214852882925	-0,00214852882925	-0,00214852882925	-0,00214852882925	-0,00235254738249	-0,00235254738249	-0,00235254738249	-0,00270454795021	-0,00270454795021	-0,00270454795021	-0,00270454795021	-0,00270454795021	-0,00270454795021	-0,00278660658062	-0,00278660658062	-0,00278660658062	-0,00278660658062
162900	-0,00221463385758	-0,00221463385758	-0,00221463385758	-0,00221463385758	-0,00242471023188	-0,00242471023188	-0,00242471023188	-0,00279028226325	-0,00279028226325	-0,00279028226325	-0,00279028226325	-0,00279028226325	-0,00279028226325	-0,00287541520518	-0,00287541520518	-0,00287541520518	-0,00287541520518
163800	-0,00217005246704	-0,00217005246704	-0,00217005246704	-0,00217005246704	-0,0023776174712	-0,0023776174712	-0,0023776174712	-0,00272549275271	-0,00272549275271	-0,00272549275271	-0,00272549275271	-0,00272549275271	-0,00272549275271	-0,00280849390118	-0,00280849390118	-0,00280849390118	-0,00280849390118
164700	-0,00195448249898	-0,00195448249898	-0,00195448249898	-0,00195448249898	-0,00214230038233	-0,00214230038233	-0,00214230038233	-0,00244915699451	-0,00244915699451	-0,00244915699451	-0,00244915699451	-0,00244915699451	-0,00244915699451	-0,00251996460344	-0,00251996460344	-0,00251996460344	-0,00251996460344
165600	-0,00191163971455	-0,00191163971455	-0,00191163971455	-0,00191163971455	-0,00209537081677	-0,00209537081677	-0,00209537081677	-0,00239531962336	-0,00239531962336	-0,00239531962336	-0,00239531962336	-0,00239531962336	-0,00239531962336	-0,00246389705995	-0,00246389705995	-0,00246389705995	-0,00246389705995
166500	-0,00192096155669	-0,00192096155669	-0,00192096155669	-0,00192096155669	-0,00210479443132	-0,00210479443132	-0,00210479443132	-0,00241097089481	-0,00241097089481	-0,00241097089481	-0,00241097089481	-0,00241097089481	-0,00241097089481	-0,00248037377861	-0,00248037377861	-0,00248037377861	-0,00248037377861
167400	-0,00176721146448	-0,00176721146448	-0,00176721146448	-0,00176721146448	-0,00193643159041	-0,00193643159041	-0,00193643159041	-0,00221749697511	-0,00221749697511	-0,00221749697511	-0,00221749697511	-0,00221749697511	-0,00221749697511	-0,00228310608635	-0,00228310608635	-0,00228310608635	-0,00228310608635
168300	-0,00160821249675	-0,00160821249675	-0,00160821249675	-0,00160821249675	-0,00176217571566	-0,00176217571566	-0,00176217571566	-0,00201814451572	-0,00201814451572	-0,00201814451572	-0,00201814451572	-0,00201814451572	-0,00201814451572	-0,00207763868764	-0,00207763868764	-0,00207763868764	-0,00207763868764
169200	-0,00167452069458	-0,00167452069458	-0,00167452069458	-0,00167452069458	-0,00183566235012	-0,00183566235012	-0,00183566235012	-0,00209720271632	-0,00209720271632	-0,00209720271632	-0,00209720271632	-0,00209720271632	-0,00209720271632	-0,00215613673817	-0,00215613673817	-0,00215613673817	-0,00215613673817
170100	-0,00166339981229	-0,00166339981229	-0,00166339981229	-0,00166339981229	-0,00182367948109	-0,00182367948109	-0,00182367948109	-0,0020822337414	-0,0020822337414	-0,0020822337414	-0,0020822337414	-0,0020822337414	-0,0020822337414	-0,00214041508118	-0,00214041508118	-0,00214041508118	-0,00214041508118
171000	-0,00141207566172	-0,00141207566172	-0,00141207566172	-0,00141207566172	-0,00154680928154	-0,00154680928154	-0,00154680928154	-0,00177427415451	-0,00177427415451	-0,00177427415451	-0,00177427415451	-0,00177427415451	-0,00177427415451	-0,00182610801159	-0,00182610801159	-0,00182610801159	-0,00182610801159
171900	-0,00141522900724	-0,00141522900724	-0,00141522900724	-0,00141522900724	-0,001549338944	-0,001549338944	-0,001549338944	-0,00178285913791	-0,00178285913791	-0,00178285913791	-0,00178285913791	-0,00178285913791	-0,00178285913791	-0,0018362407805	-0,0018362407805	-0,0018362407805	-0,0018362407805
172800	-0,00139510915525	-0,00139510915525	-0,00139510915525	-0,00139510915525	-0,00152759272743	-0,00152759272743	-0,00152759272743	-0,00175611164291	-0,00175611164291	-0,00175611164291	-0,00175611164291	-0,00175611164291	-0,00175611164291	-0,0018097507997	-0,0018097507997	-0,0018097507997	-0,0018097507997
173700	-0,00120821250201	-0,00120821250201	-0,00120821250201	-0,00120821250201	-0,00132322194016	-0,00132322194016	-0,00132322194016	-0,00151948252545	-0,00151948252545	-0,00151948252545	-0,00151948252545	-0,00151948252545	-0,00151948252545	-0,00156754172863	-0,00156754172863	-0,00156754172863	-0,00156754172863
174600	-0,00131922157113	-0,00131922157113	-0,00131922157113	-0,00131922157113	-0,00144478661616	-0,00144478661616	-0,00144478661616	-0,00165914728872	-0,00165914728872	-0,00165914728872	-0,00165914728872	-0,00165914728872	-0,00165914728872	-0,00170974748394	-0,00170974748394	-0,00170974748394	-0,00170974748394
175500	-0,00106715368329	-0,00106715368329	-0,00106715368329	-0,00106715368329	-0,00116840071855	-0,00116840071855	-0,00116840071855	-0,00134375817975	-0,00134375817975	-0,00134375817975	-0,00134375817975	-0,00134375817975	-0,00134375817975	-0,00138333981853	-0,00138333981853	-0,00138333981853	-0,00138333981853
176400	-0,000928161499384	-0,000928161499384	-0,000928161499384	-0,000928161499384	-0,0010176341746	-0,0010176341746	-0,0010176341746	-0,00116167629091	-0,00116167629091	-0,00116167629091	-0,00116167629091	-0,00116167629091	-0,00116167629091	-0,00119359614489	-0,00119359614489	-0,00119359614489	-0,00119359614489
177300	-0,00091779063593	-0,00091779063593	-0,00091779063593	-0,00091779063593	-0,00100435451801	-0,00100435451801	-0,00100435451801	-0,00115824156357	-0,00115824156357	-0,00115824156357	-0,00115824156357	-0,00115824156357	-0,00115824156357	-0,00119225948737	-0,00119225948737	-0,00119225948737	-0,00119225948737
178200	-0,000849273839927	-0,000849273839927	-0,000849273839927	-0,000849273839927	-0,000929947260598	-0,000929947260598	-0,000929947260598	-0,00106891471129	-0,00106891471129	-0,00106891471129	-0,00106891471129	-0,00106891471129	-0,00106891471129	-0,00110159434368	-0,00110159434368	-0,00110159434368	-0,00110159434368
179100	-0,000984460651889	-0,000984460651889	-0,000984460651889	-0,000984460651889	-0,00107793177081	-0,00107793177081	-0,00107793177081	-0,0012392830028	-0,0012392830028	-0,0012392830028	-0,0012392830028	-0,0012392830028	-0,0012392830028	-0,00127659245338	-0,00127659245338	-0,00127659245338	-0,00127659245338
180000	-0,000825353641241	-0,000825353641241	-0,000825353641241	-0,000825353641241	-0,000903795645203	-0,000903795645203	-0,000903795645203	-0,00103860428239	-0,00103860428239	-0,00103860428239	-0,00103860428239	-0,00103860428239	-0,00103860428239	-0,00106997976414	-0,00106997976414	-0,00106997976414	-0,00106997976414
180900	-0,000700580407373	-0,000700580407373	-0,000700580407373	-0,000700580407373	-0,000767959960831	-0,000767959960831	-0,000767959960831	-0,000877612494272	-0,000877612494272	-0,000877612494272	-0,000877612494272	-0,000877612494272	-0,000877612494272	-0,000900998708952	-0,000900998708952	-0,000900998708952	-0,000900998708952
181800	-0,000680118838256	-0,000680118838256	-0,000680118838256	-0,000680118838256	-0,000745682918268	-0,000745682918268	-0,000745682918268	-0,000851218150618	-0,000851218150618	-0,000851218150618	-0,000851218150618	-0,000851218150618	-0,000851218150618	-0,000874928327048	-0,000874928327048	-0,000874928327048	-0,000874928327048
182700	-0,000679832398902	-0,000679832398902	-0,000679832398902	-0,000679832398902	-0,000744519843046	-0,000744519843046	-0,000744519843046	-0,000855104765209	-0,000855104765209	-0,000855104765209	-0,000855104765209	-0,000855104765209	-0,000855104765209	-0,000880405600103	-0,000880405600103	-0,000880405600103	-0,000880405600103
183600	-0,000697138109873	-0,000697138109873	-0,000697138109873	-0,000697138109873	-0,000763828283682	-0,000763828283682	-0,000763828283682	-0,000875091903859	-0,000875091903859	-0,000875091903859	-0,000875091903859	-0,000875091903859	-0,000875091903859	-0,000901496984572	-0,000901496984572	-0,000901496984572	-0,000901496984572
184500	-0,000640621615227	-0,000640621615227	-0,000640621615227	-0,000640621615227	-0,000701536262913	-0,000701536262913	-0,000701536262913	-0,000805993824656	-0,000805993824656	-0,000805993824656	-0,000805993824656	-0,000805993824656	-0,000805993824656	-0,000830610802762	-0,000830610802762	-0,000830610802762	-0,000830610802762
185400	-0,000710414825194	-0,000710414825194	-0,000710414825194	-0,000710414825194	-0,000778578768815	-0,000778578768815	-0,000778578768815	-0,000890739266537	-0,000890739266537	-0,000890739266537	-0,000890739266537	-0,000890739266537	-0,000890739266537	-0,000914816291496	-0,000914816291496	-0,000914816291496	-0,000914816291496
186300	-0,000585526010534	-0,000585526010534	-0,000585526010534	-0,000585526010534	-0,000641722601945	-0,000641722601945	-0,000641722601945	-0,000734071618724	-0,000734071618724	-0,000734071618724	-0,000734071618724	-0,000734071618724	-0,000734071618724	-0,000755400788723	-0,000755400788723	-0,000755400788723	-0,000755400788723
187200	-0,000631724406871	-0,000631724406871	-0,000631724406871	-0,000631724406871	-0,000692270404184	-0,000692270404184	-0,000692270404184	-0,000792413078459	-0,000792413078459	-0,000792413078459	-0,000792413078459	-0,000792413078459	-0,000792413078459	-0,000815660375369	-0,000815660375369	-0,000815660375369	-0,000815660375369
188100	-0,000609970091722	-0,000609970091722	-0,000609970091722	-0,000609970091722	-0,000668294695283	-0,000668294695283	-0,000668294695283	-0,000765807261215	-0,000765807261215	-0,000765807261215	-0,000765807261215	-0,000765807261215	-0,000765807261215	-0,000788387331657	-0,000788387331657	-0,000788387331657	-0,000788387331657
189000	-0,000614651113797	-0,000614651113797	-0,000614651113797	-0,000614651113797	-0,000673262973057	-0,000673262973057	-0,000673262973057	-0,000772485896132	-0,000772485896132	-0,000772485896132	-0,000772485896132	-0,000772485896132	-0,000772485896132	-0,000794153533906	-0,000794153533906	-0,000794153533906	-0,000794153533906
189900	-0,000597702195705	-0,000597702195705	-0,000597702195705	-0,000597702195705	-0,000654586096704	-0,000654586096704	-0,000654586096704	-0,000751743428484	-0,000751743428484	-0,000751743428484	-0,000751743428484	-0,000751743428484	-0,000751743428484	-0,000773625675251	-0,000773625675251	-0,000773625675251	-0,000773625675251
190800	-0,000596655687012	-0,000596655687012	-0,000596655687012	-0,000596655687012	-0,000653889359461	-0,000653889359461	-0,000653889359461	-0,000748180367567	-0,000748180367567	-0,000748180367567	-0,000748180367567	-0,000748180367567	-0,000748180367567	-0,000769608987703	-0,000769608987703	-0,000769608987703	-0,000769608987703
191700	-0,000666685083815	-0,000666685083815	-0,000666685083815	-0,000666685083815	-0,00073092454178	-0,00073092454178	-0,00073092454178	-0,000834552809672	-0,000834552809672	-0,000834552809672	-0,000834552809672	-0,000834552809672	-0,000834552809672	-0,000857768145404	-0,000857768145404	-0,000857768145404	-0,000857768145404
192600	-0,000744949612046	-0,000744949612046	-0,000744949612046	-0,000744949612046	-0,000816337007941	-0,000816337007941	-0,000816337007941	-0,000934490726263	-0,000934490726263	-0,000934490726263	-0,000934490726263	-0,000934490726263	-0,000934490726263	-0,000963066241035	-0,000963066241035	-0,000963066241035	-0,000963066241035
193500	-0,000662914888634	-0,000662914888634	-0,000662914888634	-0,000662914888634	-0,000726423762109	-0,000726423762109	-0,000726423762109	-0,000831669807497	-0,000831669807497	-0,000831669807497	-0,000831669807497	-0,000831669807497	-0,000831669807497	-0,000855066132158	-0,000855066132158	-0,000855066132158	-0,000855066132158
194400	-0,000710443720392	-0,000710443720392	-0,000710443720392	-0,000710443720392	-0,000778270598864	-0,000778270598864	-0,000778270598864	-0,00089247468434	-0,00089247468434	-0,00089247468434	-0,00089247468434	-0,00089247468434	-0,00089247468434	-0,000917785417245	-0,000917785417245	-0,000917785417245	-0,000917785417245
195300	-0,000753355602036	-0,000753355602036	-0,000753355602036	-0,000753355602036	-0,000825892094356	-0,000825892094356	-0,000825892094356	-0,000943317677213	-0,000943317677213	-0,000943317677213	-0,000943317677213	-0,000943317677213	-0,000943317677213	-0,000969612179436	-0,000969612179436	-0,000969612179436	-0,000969612179436
196200	-0,000820775636829	-0,000820775636829	-0,000820775636829	-0,000820775636829	-0,000899541512222	-0,000899541512222	-0,000899541512222	-0,00102904860089	-0,00102904860089	-0,00102904860089	-0,00102904860089	-0,00102904860089	-0,00102904860089	-0,00105881484467	-0,00105881484467	-0,00105881484467	-0,00105881484467
197100	-0,000863216401114	-0,000863216401114	-0,000863216401114	-0,000863216401114	-0,000946046933941	-0,000946046933941	-0,000946046933941	-0,0010822996575	-0,0010822996575	-0,0010822996575	-0,0010822996575	-0,0010822996575	-0,0010822996575	-0,00111387225162	-0,00111387225162	-0,00111387225162	-0,00111387225162
198000	-0,000895546358728	-0,000895546358728	-0,000895546358728	-0,000895546358728	-0,000981362364767	-0,000981362364767	-0,000981362364767	-0,00112341877071	-0,00112341877071	-0,00112341877071	-0,00112341877071	-0,00112341877071	-0,00112341877071	-0,00115459447206	-0,00115459447206	-0,00115459447206	-0,00115459447206
198900	-0,000921026898106	-0,000921026898106	-0,000921026898106	-0,000921026898106	-0,00100867465053	-0,00100867465053	-0,00100867465053	-0,00115843252237	-0,00115843252237	-0,00115843252237	-0,00115843252237	-0,00115843252237	-0,00115843252237	-0,00119032449326	-0,00119032449326	-0,00119032449326	-0,00119032449326
199800	-0,00095275759444	-0,00095275759444	-0,00095275759444	-0,00095275759444	-0,00104312099796	-0,00104312099796	-0,00104312099796	-0,00119986188041	-0,00119986188041	-0,00119986188041	-0,00119986188041	-0,00119986188041	-0,00119986188041	-0,00123775637815	-0,00123775637815	-0,00123775637815	-0,00123775637815
200700	-0,00120238446621	-0,00120238446621	-0,00120238446621	-0,00120238446621	-0,00131645550805	-0,00131645550805	-0,00131645550805	-0,00151407115664	-0,00151407115664	-0,00151407115664	-0,00151407115664	-0,00151407115664	-0,00151407115664	-0,00156330758734	-0,00156330758734	-0,00156330758734	-0,00156330758734
201600	-0,00162993917302	-0,00162993917302	-0,00162993917302	-0,00162993917302	-0,00178787045073	-0,00178787045073	-0,00178787045073	-0,00203596909356	-0,00203596909356	-0,00203596909356	-0,00203596909356	-0,00203596909356	-0,00203596909356	-0,00209290524223	-0,00209290524223	-0,00209290524223	-0,00209290524223
202500	-0,00142015877928	-0,00142015877928	-0,00142015877928	-0,00142015877928	-0,00155524773313	-0,00155524773313	-0,00155524773313	-0,00178651019316	-0,00178651019316	-0,00178651019316	-0,00178651019316	-0,00178651019316	-0,00178651019316	-0,0018435125728	-0,0018435125728	-0,0018435125728	-0,0018435125728
203400	-0,00193756121978	-0,00193756121978	-0,00193756121978	-0,00193756121978	-0,00212288207158	-0,00212288207158	-0,00212288207158	-0,00243230780739	-0,00243230780739	-0,00243230780739	-0,00243230780739	-0,00243230780739	-0,00243230780739	-0,00250337972273	-0,00250337972273	-0,00250337972273	-0,00250337972273
204300	-0,00205289577441	-0,00205289577441	-0,00205289577441	-0,00205289577441	-0,00224698175335	-0,00224698175335	-0,00224698175335	-0,00258842353263	-0,00258842353263	-0,00258842353263	-0,00258842353263	-0,00258842353263	-0,00258842353263	-0,00266780144682	-0,00266780144682	-0,00266780144682	-0,00266780144682
205200	-0,00262821750246	-0,00262821750246	-0,00262821750246	-0,00262821750246	-0,00287755699595	-0,00287755699595	-0,00287755699595	-0,00331153277704	-0,00331153277704	-0,00331153277704	-0,00331153277704	-0,00331153277704	-0,00331153277704	-0,00340949745886	-0,00340949745886	-0,00340949745886	-0,00340949745886
206100	-0,00260666152335	-0,00260666152335	-0,00260666152335	-0,00260666152335	-0,00285940837505	-0,00285940837505	-0,00285940837505	-0,00325706824529	-0,00325706824529	-0,00325706824529	-0,00325706824529	-0,00325706824529	-0,00325706824529	-0,00335454711261	-0,00335454711261	-0,00335454711261	-0,00335454711261
207000	-0,00148294469435	-0,00148294469435	-0,00148294469435	-0,00148294469435	-0,0016250547991	-0,0016250547991	-0,0016250547991	-0,0018936414078	-0,0018936414078	-0,0018936414078	-0,0018936414078	-0,0018936414078	-0,0018936414078	-0,00195865652159	-0,00195865652159	-0,00195865652159	-0,00195865652159
207900	-0,00151606026633	-0,00151606026633	-0,00151606026633	-0,00151606026633	-0,00166869498674	-0,00166869498674	-0,00166869498674	-0,00191854838906	-0,00191854838906	-0,00191854838906	-0,00191854838906	-0,00191854838906	-0,00191854838906	-0,00198239965545	-0,00198239965545	-0,00198239965545	-0,00198239965545
208800	5,84897435324e-05	5,84897435324e-05	5,84897435324e-05	5,84897435324e-05	5,54607266538e-05	5,54607266538e-05	5,54607266538e-05	1,81758546537e-05	1,81758546537e-05	1,81758546537e-05	1,81758546537e-05	1,81758546537e-05	1,81758546537e-05	2,12146031703e-06	2,12146031703e-06	2,12146031703e-06	2,12146031703e-06
209700	0,00136496476342	0,00136496476342	0,00136496476342	0,00136496476342	0,00147369369257	0,00147369369257	0,00147369369257	0,00165532563152	0,00165532563152	0,00165532563152	0,00165532563152	0,00165532563152	0,00165532563152	0,00170475040706	0,00170475040706	0,00170475040706	0,00170475040706
210600	1,81185454651e-05	1,81185454651e-05	1,81185454651e-05	1,81185454651e-05	1,16320536749e-05	1,16320536749e-05	1,16320536749e-05	-3,79947314768e-05	-3,79947314768e-05	-3,79947314768e-05	-3,79947314768e-05	-3,79947314768e-05	-3,79947314768e-05	-4,58648860284e-05	-4,58648860284e-05	-4,58648860284e-05	-4,58648860284e-05
211500	0,00279239824499	0,00279239824499	0,00279239824499	0,00279239824499	0,00303161485156	0,00303161485156	0,00303161485156	0,00344702226778	0,00344702226778	0,00344702226778	0,00344702226778	0,00344702226778	0,00344702226778	0,00354989302274	0,00354989302274	0,00354989302274	0,00354989302274
212400	0,000565618475452	0,000565618475452	0,000565618475452	0,000565618475452	0,000603476940213	0,000603476940213	0,000603476940213	0,000676419316255	0,000676419316255	0,000676419316255	0,000676419316255	0,000676419316255	0,000676419316255	0,000691437240945	0,000691437240945	0,000691437240945	0,000691437240945
213300	0,00265318455763	0,00265318455763	0,00265318455763	0,00265318455763	0,00288859552673	0,00288859552673	0,00288859552673	0,00324752944239	0,00324752944239	0,00324752944239	0,00324752944239	0,00324752944239	0,00324752944239	0,00332745015296	0,00332745015296	0,00332745015296	0,00332745015296
214200	0,00405200684218	0,00405200684218	0,00405200684218	0,00405200684218	0,0044157513561	0,0044157513561	0,0044157513561	0,00497008036787	0,00497008036787	0,00497008036787	0,00497008036787	0,00497008036787	0,00497008036787	0,00508873817347	0,00508873817347	0,00508873817347	0,00508873817347
215100	0,00130799725242	0,00130799725242	0,00130799725242	0,00130799725242	0,00141414657245	0,00141414657245	0,00141414657245	0,00157471923052	0,00157471923052	0,00157471923052	0,00157471923052	0,00157471923052	0,00157471923052	0,00160024187364	0,00160024187364	0,00160024187364	0,00160024187364
216000	0,0031817438952	0,0031817438952	0,0031817438952	0,0031817438952	0,00346984801406	0,00346984801406	0,00346984801406	0,00386675803562	0,00386675803562	0,00386675803562	0,00386675803562	0,00386675803562	0,00386675803562	0,00394100062083	0,00394100062083	0,00394100062083	0,00394100062083
216900	0,00470148040464	0,00470148040464	0,00470148040464	0,00470148040464	0,00512628882606	0,00512628882606	0,00512628882606	0,00574720144156	0,00574720144156	0,00574720144156	0,00574720144156	0,00574720144156	0,00574720144156	0,00587971941634	0,00587971941634	0,00587971941634	0,00587971941634
217800	0,00112875322018	0,00112875322018	0,00112875322018	0,00112875322018	0,00122345617195	0,00122345617195	0,00122345617195	0,00133774510078	0,00133774510078	0,00133774510078	0,00133774510078	0,00133774510078	0,00133774510078	0,00137061792411	0,00137061792411	0,00137061792411	0,00137061792411
218700	0,00284061224211	0,00284061224211	0,00284061224211	0,00284061224211	0,00308947410746	0,00308947410746	0,00308947410746	0,0034776100209	0,0034776100209	0,0034776100209	0,0034776100209	0,0034776100209	0,0034776100209	0,00356131924468	0,00356131924468	0,00356131924468	0,00356131924468
219600	0,00539165246744	0,00539165246744	0,00539165246744	0,00539165246744	0,00587678321626	0,00587678321626	0,00587678321626	0,00660849769809	0,00660849769809	0,00660849769809	0,00660849769809	0,00660849769809	0,00660849769809	0,00676296147309	0,00676296147309	0,00676296147309	0,00676296147309
220500	0,00683464510325	0,00683464510325	0,00683464510325	0,00683464510325	0,00744160607878	0,00744160607878	0,00744160607878	0,00843624968367	0,00843624968367	0,00843624968367	0,00843624968367	0,00843624968367	0,00843624968367	0,00865412592057	0,00865412592057	0,00865412592057	0,00865412592057
221400	0,00774034624484	0,00774034624484	0,00774034624484	0,00774034624484	0,00843238385757	0,00843238385757	0,00843238385757	0,00955828816793	0,00955828816793	0,00955828816793	0,00955828816793	0,00955828816793	0,00955828816793	0,00980708555683	0,00980708555683	0,00980708555683	0,00980708555683
222300	0,00133167749533	0,00133167749533	0,00133167749533	0,00133167749533	0,00143668298687	0,00143668298687	0,00143668298687	0,00163310209647	0,00163310209647	0,00163310209647	0,00163310209647	0,00163310209647	0,00163310209647	0,00167262577257	0,00167262577257	0,00167262577257	0,00167262577257
223200	-0,00139782446632	-0,00139782446632	-0,00139782446632	-0,00139782446632	-0,00154398147615	-0,00154398147615	-0,00154398147615	-0,00175653375793	-0,00175653375793	-0,00175653375793	-0,00175653375793	-0,00175653375793	-0,00175653375793	-0,00181423267868	-0,00181423267868	-0,00181423267868	-0,00181423267868
224100	0,00080085721371	0,00080085721371	0,00080085721371	0,00080085721371	0,000860398003392	0,000860398003392	0,000860398003392	0,000945798693361	0,000945798693361	0,000945798693361	0,000945798693361	0,000945798693361	0,000945798693361	0,00097456764175	0,00097456764175	0,00097456764175	0,00097456764175
225000	0,00100067588324	0,00100067588324	0,00100067588324	0,00100067588324	0,0010872870229	0,0010872870229	0,0010872870229	0,00116446662627	0,00116446662627	0,00116446662627	0,00116446662627	0,00116446662627	0,00116446662627	0,00117684941261	0,00117684941261	0,00117684941261	0,00117684941261
225900	0,000161839491338	0,000161839491338	0,000161839491338	0,000161839491338	0,000169835480287	0,000169835480287	0,000169835480287	0,000145011125852	0,000145011125852	0,000145011125852	0,000145011125852	0,000145011125852	0,000145011125852	0,000147073889068	0,000147073889068	0,000147073889068	0,000147073889068
226800	-0,00161655022707	-0,00161655022707	-0,00161655022707	-0,00161655022707	-0,00177382546563	-0,00177382546563	-0,00177382546563	-0,00204291859335	-0,00204291859335	-0,00204291859335	-0,00204291859335	-0,00204291859335	-0,00204291859335	-0,00209318232681	-0,00209318232681	-0,00209318232681	-0,00209318232681
227700	-0,000946436665185	-0,000946436665185	-0,000946436665185	-0,000946436665185	-0,00104322289082	-0,00104322289082	-0,00104322289082	-0,00119592734163	-0,00119592734163	-0,00119592734163	-0,00119592734163	-0,00119592734163	-0,00119592734163	-0,00121968633228	-0,00121968633228	-0,00121968633228	-0,00121968633228
228600	-0,00114122254502	-0,00114122254502	-0,00114122254502	-0,00114122254502	-0,00125253083317	-0,00125253083317	-0,00125253083317	-0,00145110153245	-0,00145110153245	-0,00145110153245	-0,00145110153245	-0,00145110153245	-0,00145110153245	-0,00149077539447	-0,00149077539447	-0,00149077539447	-0,00149077539447
229500	-0,00182194106334	-0,00182194106334	-0,00182194106334	-0,00182194106334	-0,00199565714341	-0,00199565714341	-0,00199565714341	-0,00230037074197	-0,00230037074197	-0,00230037074197	-0,00230037074197	-0,00230037074197	-0,00230037074197	-0,00236675879789	-0,00236675879789	-0,00236675879789	-0,00236675879789
230400	-0,00242503005637	-0,00242503005637	-0,00242503005637	-0,00242503005637	-0,00265592958682	-0,00265592958682	-0,00265592958682	-0,00305118378969	-0,00305118378969	-0,00305118378969	-0,00305118378969	-0,00305118378969	-0,00305118378969	-0,00314216074607	-0,00314216074607	-0,00314216074607	-0,00314216074607
231300	-0,00195279401437	-0,00195279401437	-0,00195279401437	-0,00195279401437	-0,00213745587765	-0,00213745587765	-0,00213745587765	-0,00246200997631	-0,00246200997631	-0,00246200997631	-0,00246200997631	-0,00246200997631	-0,00246200997631	-0,00253710878359	-0,00253710878359	-0,00253710878359	-0,00253710878359
232200	-0,00228120547851	-0,00228120547851	-0,00228120547851	-0,00228120547851	-0,00249725024616	-0,00249725024616	-0,00249725024616	-0,00287593872055	-0,00287593872055	-0,00287593872055	-0,00287593872055	-0,00287593872055	-0,00287593872055	-0,00296409161358	-0,00296409161358	-0,00296409161358	-0,00296409161358
233100	-0,00254724314279	-0,00254724314279	-0,00254724314279	-0,00254724314279	-0,00279182969912	-0,00279182969912	-0,00279182969912	-0,00319477974283	-0,00319477974283	-0,00319477974283	-0,00319477974283	-0,00319477974283	-0,00319477974283	-0,0032866178224	-0,0032866178224	-0,0032866178224	-0,0032866178224
234000	-0,00214647350126	-0,00214647350126	-0,00214647350126	-0,00214647350126	-0,00235251037304	-0,00235251037304	-0,00235251037304	-0,00269089328757	-0,00269089328757	-0,00269089328757	-0,00269089328757	-0,00269089328757	-0,00269089328757	-0,00277094161237	-0,00277094161237	-0,00277094161237	-0,00277094161237
234900	-0,00248863780221	-0,00248863780221	-0,00248863780221	-0,00248863780221	-0,00273127606451	-0,00273127606451	-0,00273127606451	-0,00310281661055	-0,00310281661055	-0,00310281661055	-0,00310281661055	-0,00310281661055	-0,00310281661055	-0,00318875162148	-0,00318875162148	-0,00318875162148	-0,00318875162148
235800	-0,00267216550971	-0,00267216550971	-0,00267216550971	-0,00267216550971	-0,00293401640015	-0,00293401640015	-0,00293401640015	-0,00332516072836	-0,00332516072836	-0,00332516072836	-0,00332516072836	-0,00332516072836	-0,00332516072836	-0,00340627427385	-0,00340627427385	-0,00340627427385	-0,00340627427385
236700	-0,00243583100385	-0,00243583100385	-0,00243583100385	-0,00243583100385	-0,00267251892471	-0,00267251892471	-0,00267251892471	-0,00304095019525	-0,00304095019525	-0,00304095019525	-0,00304095019525	-0,00304095019525	-0,00304095019525	-0,00312341087561	-0,00312341087561	-0,00312341087561	-0,00312341087561
237600	-0,00239611242233	-0,00239611242233	-0,00239611242233	-0,00239611242233	-0,00262757025445	-0,00262757025445	-0,00262757025445	-0,00299820261462	-0,00299820261462	-0,00299820261462	-0,00299820261462	-0,00299820261462	-0,00299820261462	-0,00308200605423	-0,00308200605423	-0,00308200605423	-0,00308200605423
238500	-0,00252968894512	-0,00252968894512	-0,00252968894512	-0,00252968894512	-0,00277646382383	-0,00277646382383	-0,00277646382383	-0,0031533486837	-0,0031533486837	-0,0031533486837	-0,0031533486837	-0,0031533486837	-0,0031533486837	-0,00323455749837	-0,00323455749837	-0,00323455749837	-0,00323455749837
239400	-0,00279080661169	-0,00279080661169	-0,00279080661169	-0,00279080661169	-0,00306005497102	-0,00306005497102	-0,00306005497102	-0,00349406567041	-0,00349406567041	-0,00349406567041	-0,00349406567041	-0,00349406567041	-0,00349406567041	-0,00359158125447	-0,00359158125447	-0,00359158125447	-0,00359158125447
240300	-0,00299052701312	-0,00299052701312	-0,00299052701312	-0,00299052701312	-0,00327526993376	-0,00327526993376	-0,00327526993376	-0,00376316766695	-0,00376316766695	-0,00376316766695	-0,00376316766695	-0,00376316766695	-0,00376316766695	-0,00387209780457	-0,00387209780457	-0,00387209780457	-0,00387209780457
241200	-0,00306089577526	-0,00306089577526	-0,00306089577526	-0,00306089577526	-0,00335319231352	-0,00335319231352	-0,00335319231352	-0,0038475180578	-0,0038475180578	-0,0038475180578	-0,0038475180578	-0,0038475180578	-0,0038475180578	-0,003956482623	-0,003956482623	-0,003956482623	-0,003956482623
242100	-0,00295298515917	-0,00295298515917	-0,00295298515917	-0,00295298515917	-0,00323415444514	-0,00323415444514	-0,00323415444514	-0,00371590341726	-0,00371590341726	-0,00371590341726	-0,00371590341726	-0,00371590341726	-0,00371590341726	-0,00382588693103	-0,00382588693103	-0,00382588693103	-0,00382588693103
243000	-0,00309329948575	-0,00309329948575	-0,00309329948575	-0,00309329948575	-0,00338815892112	-0,00338815892112	-0,00338815892112	-0,00389093342255	-0,00389093342255	-0,00389093342255	-0,00389093342255	-0,00389093342255	-0,00389093342255	-0,00399906003204	-0,00399906003204	-0,00399906003204	-0,00399906003204
243900	-0,00356011944442	-0,00356011944442	-0,00356011944442	-0,00356011944442	-0,00390036946957	-0,00390036946957	-0,00390036946957	-0,00447413165715	-0,00447413165715	-0,00447413165715	-0,00447413165715	-0,00447413165715	-0,00447413165715	-0,00460193635486	-0,00460193635486	-0,00460193635486	-0,00460193635486
244800	-0,00336415742761	-0,00336415742761	-0,00336415742761	-0,00336415742761	-0,00368777922858	-0,00368777922858	-0,00368777922858	-0,00421715472304	-0,00421715472304	-0,00421715472304	-0,00421715472304	-0,00421715472304	-0,00421715472304	-0,00432570964441	-0,00432570964441	-0,00432570964441	-0,00432570964441
245700	-0,00301726706303	-0,00301726706303	-0,00301726706303	-0,00301726706303	-0,00331425553587	-0,00331425553587	-0,00331425553587	-0,00374829951175	-0,00374829951175	-0,00374829951175	-0,00374829951175	-0,00374829951175	-0,00374829951175	-0,00384232019823	-0,00384232019823	-0,00384232019823	-0,00384232019823
246600	-0,00250035489577	-0,00250035489577	-0,00250035489577	-0,00250035489577	-0,0027453308479	-0,0027453308479	-0,0027453308479	-0,00311145112998	-0,00311145112998	-0,00311145112998	-0,00311145112998	-0,00311145112998	-0,00311145112998	-0,0031944677789	-0,0031944677789	-0,0031944677789	-0,0031944677789
247500	-0,00263749292543	-0,00263749292543	-0,00263749292543	-0,00263749292543	-0,00289727844079	-0,00289727844079	-0,00289727844079	-0,00327533423879	-0,00327533423879	-0,00327533423879	-0,00327533423879	-0,00327533423879	-0,00327533423879	-0,00336128698379	-0,00336128698379	-0,00336128698379	-0,00336128698379
248400	-0,00266995905909	-0,00266995905909	-0,00266995905909	-0,00266995905909	-0,0029316150665	-0,0029316150665	-0,0029316150665	-0,00332231509136	-0,00332231509136	-0,00332231509136	-0,00332231509136	-0,00332231509136	-0,00332231509136	-0,00340711654448	-0,00340711654448	-0,00340711654448	-0,00340711654448
249300	-0,00252444585404	-0,00252444585404	-0,00252444585404	-0,00252444585404	-0,00277136563808	-0,00277136563808	-0,00277136563808	-0,00314353117885	-0,00314353117885	-0,00314353117885	-0,00314353117885	-0,00314353117885	-0,00314353117885	-0,00322714725651	-0,00322714725651	-0,00322714725651	-0,00322714725651
250200	-0,00243408499641	-0,00243408499641	-0,00243408499641	-0,00243408499641	-0,00267214905172	-0,00267214905172	-0,00267214905172	-0,00303103547909	-0,00303103547909	-0,00303103547909	-0,00303103547909	-0,00303103547909	-0,00303103547909	-0,00311155257412	-0,00311155257412	-0,00311155257412	-0,00311155257412
251100	-0,00210647124042	-0,00210647124042	-0,00210647124042	-0,00210647124042	-0,00230696054256	-0,00230696054256	-0,00230696054256	-0,00264928412614	-0,00264928412614	-0,00264928412614	-0,00264928412614	-0,00264928412614	-0,00264928412614	-0,00272900758141	-0,00272900758141	-0,00272900758141	-0,00272900758141
252000	-0,00187117889949	-0,00187117889949	-0,00187117889949	-0,00187117889949	-0,00204895820447	-0,00204895820447	-0,00204895820447	-0,0023549366607	-0,0023549366607	-0,0023549366607	-0,0023549366607	-0,0023549366607	-0,0023549366607	-0,00242286122018	-0,00242286122018	-0,00242286122018	-0,00242286122018
252900	-0,00187008967615	-0,00187008967615	-0,00187008967615	-0,00187008967615	-0,00204703751561	-0,00204703751561	-0,00204703751561	-0,00235720573553	-0,00235720573553	-0,00235720573553	-0,00235720573553	-0,00235720573553	-0,00235720573553	-0,00242743297904	-0,00242743297904	-0,00242743297904	-0,00242743297904
253800	-0,00198162388409	-0,00198162388409	-0,00198162388409	-0,00198162388409	-0,00216925408586	-0,00216925408586	-0,00216925408586	-0,00249714709035	-0,00249714709035	-0,00249714709035	-0,00249714709035	-0,00249714709035	-0,00249714709035	-0,00257544753589	-0,00257544753589	-0,00257544753589	-0,00257544753589
254700	-0,00198503728639	-0,00198503728639	-0,00198503728639	-0,00198503728639	-0,00217396828162	-0,00217396828162	-0,00217396828162	-0,00249656051965	-0,00249656051965	-0,00249656051965	-0,00249656051965	-0,00249656051965	-0,00249656051965	-0,00257258503989	-0,00257258503989	-0,00257258503989	-0,00257258503989
255600	-0,00174855019183	-0,00174855019183	-0,00174855019183	-0,00174855019183	-0,00191517574062	-0,00191517574062	-0,00191517574062	-0,00219811910294	-0,00219811910294	-0,00219811910294	-0,00219811910294	-0,00219811910294	-0,00219811910294	-0,00226584771127	-0,00226584771127	-0,00226584771127	-0,00226584771127
256500	-0,00152626445893	-0,00152626445893	-0,00152626445893	-0,00152626445893	-0,00167258347444	-0,00167258347444	-0,00167258347444	-0,00191430227804	-0,00191430227804	-0,00191430227804	-0,00191430227804	-0,00191430227804	-0,00191430227804	-0,00196833255376	-0,00196833255376	-0,00196833255376	-0,00196833255376
257400	-0,00152116382833	-0,00152116382833	-0,00152116382833	-0,00152116382833	-0,00166588116143	-0,00166588116143	-0,00166588116143	-0,00191346835287	-0,00191346835287	-0,00191346835287	-0,00191346835287	-0,00191346835287	-0,00191346835287	-0,00196924712533	-0,00196924712533	-0,00196924712533	-0,00196924712533
258300	-0,00144300859933	-0,00144300859933	-0,00144300859933	-0,00144300859933	-0,0015809058716	-0,0015809058716	-0,0015809058716	-0,0018120805294	-0,0018120805294	-0,0018120805294	-0,0018120805294	-0,0018120805294	-0,0018120805294	-0,00186463060534	-0,00186463060534	-0,00186463060534	-0,00186463060534
259200	-0,00134337795665	-0,00134337795665	-0,00134337795665	-0,00134337795665	-0,00147249655161	-0,00147249655161	-0,00147249655161	-0,00168325649963	-0,00168325649963	-0,00168325649963	-0,00168325649963	-0,00168325649963	-0,00168325649963	-0,00173083243744	-0,00173083243744	-0,00173083243744	-0,00173083243744
260100	-0,00118115654618	-0,00118115654618	-0,00118115654618	-0,00118115654618	-0,00129264491263	-0,00129264491263	-0,00129264491263	-0,0014901842943	-0,0014901842943	-0,0014901842943	-0,0014901842943	-0,0014901842943	-0,0014901842943	-0,00153679219915	-0,00153679219915	-0,00153679219915	-0,00153679219915
261000	-0,00124148846328	-0,00124148846328	-0,00124148846328	-0,00124148846328	-0,00135868234178	-0,00135868234178	-0,00135868234178	-0,00156624677341	-0,00156624677341	-0,00156624677341	-0,00156624677341	-0,00156624677341	-0,00156624677341	-0,00161438473213	-0,00161438473213	-0,00161438473213	-0,00161438473213
261900	-0,00122338876252	-0,00122338876252	-0,00122338876252	-0,00122338876252	-0,00133903068324	-0,00133903068324	-0,00133903068324	-0,0015426293327	-0,0015426293327	-0,0015426293327	-0,0015426293327	-0,0015426293327	-0,0015426293327	-0,00158946119621	-0,00158946119621	-0,00158946119621	-0,00158946119621
262800	-0,000875003129269	-0,000875003129269	-0,000875003129269	-0,000875003129269	-0,00095789267613	-0,00095789267613	-0,00095789267613	-0,0011024377912	-0,0011024377912	-0,0011024377912	-0,0011024377912	-0,0011024377912	-0,0011024377912	-0,00113642295204	-0,00113642295204	-0,00113642295204	-0,00113642295204
263700	-0,000966097125408	-0,000966097125408	-0,000966097125408	-0,000966097125408	-0,00105723444728	-0,00105723444728	-0,00105723444728	-0,00121911739621	-0,00121911739621	-0,00121911739621	-0,00121911739621	-0,00121911739621	-0,00121911739621	-0,00125820292709	-0,00125820292709	-0,00125820292709	-0,00125820292709
264600	-0,000852696036419	-0,000852696036419	-0,000852696036419	-0,000852696036419	-0,000932891710981	-0,000932891710981	-0,000932891710981	-0,00107723608384	-0,00107723608384	-0,00107723608384	-0,00107723608384	-0,00107723608384	-0,00107723608384	-0,00111260479138	-0,00111260479138	-0,00111260479138	-0,00111260479138
265500	-0,00088880247078	-0,00088880247078	-0,00088880247078	-0,00088880247078	-0,0009725426178	-0,0009725426178	-0,0009725426178	-0,00112210701502	-0,00112210701502	-0,00112210701502	-0,00112210701502	-0,00112210701502	-0,00112210701502	-0,00115890205467	-0,00115890205467	-0,00115890205467	-0,00115890205467
266400	-0,000786872775394	-0,000786872775394	-0,000786872775394	-0,000786872775394	-0,000861787094368	-0,000861787094368	-0,000861787094368	-0,000989533153424	-0,000989533153424	-0,000989533153424	-0,000989533153424	-0,000989533153424	-0,000989533153424	-0,00101841271872	-0,00101841271872	-0,00101841271872	-0,00101841271872
267300	-0,000706434825749	-0,000706434825749	-0,000706434825749	-0,000706434825749	-0,000774121671119	-0,000774121671119	-0,000774121671119	-0,000886225121266	-0,000886225121266	-0,000886225121266	-0,000886225121266	-0,000886225121266	-0,000886225121266	-0,000912250142277	-0,000912250142277	-0,000912250142277	-0,000912250142277
