time	sensor_1	sensor_2	sensor_3	sensor_4	sensor_5	sensor_6	sensor_7	sensor_8	sensor_9	sensor_10	sensor_11	sensor_12	sensor_13	sensor_14	sensor_15	sensor_16	sensor_17
0	0	0	0	0	0	0	0	0	0	0	0	0	0	0	0	0	0
900	0,00505966250185	0,00505966250185	0,00505966250185	0,00505966250185	0,00507356144297	0,00507356144297	0,00507356144297	0,00499880713547	0,00499880713547	0,00499880713547	0,00499880713547	0,00499880713547	0,00499880713547	0,00498374783058	0,00498374783058	0,00498374783058	0,00498374783058
1800	0	0	0	0	0	0	0	0	0	0	0	0	0	0	0	0	0
2700	0,0166666666667	0,0166666666667	0,0166666666667	0,0166666666667	0,0166666666667	0,0166666666667	0,0166666666667	0,0166666666667	0,0166666666667	0,0166666666667	0,0166666666667	0,0166666666667	0,0166666666667	0,0166666666667	0,0166666666667	0,0166666666667	0,0166666666667
3600	-0,000107839170543	-0,000107839170543	-0,000107839170543	-0,000107839170543	-8,97538284742e-05	-8,97538284742e-05	-8,97538284742e-05	-0,000187449298949	-0,000187449298949	-0,000187449298949	-0,000187449298949	-0,000187449298949	-0,000187449298949	-0,000196060168594	-0,000196060168594	-0,000196060168594	-0,000196060168594
4500	-0,00218891215928	-0,00218891215928	-0,00218891215928	-0,00218891215928	-0,00220635557727	-0,00220635557727	-0,00220635557727	-0,00211250953608	-0,00211250953608	-0,00211250953608	-0,00211250953608	-0,00211250953608	-0,00211250953608	-0,00209683900119	-0,00209683900119	-0,00209683900119	-0,00209683900119
5400	-0,00307227305137	-0,00307227305137	-0,00307227305137	-0,00307227305137	-0,0030882012094	-0,0030882012094	-0,0030882012094	-0,0030028088753	-0,0030028088753	-0,0030028088753	-0,0030028088753	-0,0030028088753	-0,0030028088753	-0,00295453647557	-0,00295453647557	-0,00295453647557	-0,00295453647557
6300	-0,00173550809607	-0,00173550809607	-0,00173550809607	-0,00173550809607	-0,0017473562802	-0,0017473562802	-0,0017473562802	-0,00168401480561	-0,00168401480561	-0,00168401480561	-0,00168401480561	-0,00168401480561	-0,00168401480561	-0,0016566771133	-0,0016566771133	-0,0016566771133	-0,0016566771133
7200	0,00207374584256	0,00207374584256	0,00207374584256	0,00207374584256	0,00207851504753	0,00207851504753	0,00207851504753	0,00205298216398	0,00205298216398	0,00205298216398	0,00205298216398	0,00205298216398	0,00205298216398	0,00201855667625	0,00201855667625	0,00201855667625	0,00201855667625
8100	-0,00411380073182	-0,00411380073182	-0,00411380073182	-0,00411380073182	-0,00409733478186	-0,00409733478186	-0,00409733478186	-0,00418579391194	-0,00418579391194	-0,00418579391194	-0,00418579391194	-0,00418579391194	-0,00418579391194	-0,00419356395349	-0,00419356395349	-0,00419356395349	-0,00419356395349
9000	-0,000926449124056	-0,000926449124056	-0,000926449124056	-0,000926449124056	-0,000921473278344	-0,000921473278344	-0,000921473278344	-0,000948237850835	-0,000948237850835	-0,000948237850835	-0,000948237850835	-0,000948237850835	-0,000948237850835	-0,00097977470655	-0,00097977470655	-0,00097977470655	-0,00097977470655
9900	0,00028265853215	0,00028265853215	0,00028265853215	0,00028265853215	0,000262924968449	0,000262924968449	0,000262924968449	0,000368513600774	0,000368513600774	0,000368513600774	0,000368513600774	0,000368513600774	0,000368513600774	0,000393482172161	0,000393482172161	0,000393482172161	0,000393482172161
10800	-0,00179791260611	-0,00179791260611	-0,00179791260611	-0,00179791260611	-0,0017867688481	-0,0017867688481	-0,0017867688481	-0,00184655296965	-0,00184655296965	-0,00184655296965	-0,00184655296965	-0,00184655296965	-0,00184655296965	-0,00183272664489	-0,00183272664489	-0,00183272664489	-0,00183272664489
11700	0,000864599615329	0,000864599615329	0,000864599615329	0,000864599615329	0,000869459122945	0,000869459122945	0,000869459122945	0,000843353746313	0,000843353746313	0,000843353746313	0,000843353746313	0,000843353746313	0,000843353746313	0,000842366919652	0,000842366919652	0,000842366919652	0,000842366919652
12600	0,00116563337134	0,00116563337134	0,00116563337134	0,00116563337134	0,00116287173158	0,00116287173158	0,00116287173158	0,00117769577363	0,00117769577363	0,00117769577363	0,00117769577363	0,00117769577363	0,00117769577363	0,00117526548301	0,00117526548301	0,00117526548301	0,00117526548301
13500	0,0010981021761	0,0010981021761	0,0010981021761	0,0010981021761	0,00109965618101	0,00109965618101	0,00109965618101	0,00109131089162	0,00109131089162	0,00109131089162	0,00109131089162	0,00109131089162	0,00109131089162	0,00107474565315	0,00107474565315	0,00107474565315	0,00107474565315
14400	-0,00226995027084	-0,00226995027084	-0,00226995027084	-0,00226995027084	-0,00226920782382	-0,00226920782382	-0,00226920782382	-0,00227319558283	-0,00227319558283	-0,00227319558283	-0,00227319558283	-0,00227319558283	-0,00227319558283	-0,00227847783819	-0,00227847783819	-0,00227847783819	-0,00227847783819
15300	-0,00210734578513	-0,00210734578513	-0,00210734578513	-0,00210734578513	-0,00211395033177	-0,00211395033177	-0,00211395033177	-0,00207853108066	-0,00207853108066	-0,00207853108066	-0,00207853108066	-0,00207853108066	-0,00207853108066	-0,00204994077238	-0,00204994077238	-0,00204994077238	-0,00204994077238
16200	0,00252974026847	0,00252974026847	0,00252974026847	0,00252974026847	0,00252037188274	0,00252037188274	0,00252037188274	0,00257046846838	0,00257046846838	0,00257046846838	0,00257046846838	0,00257046846838	0,00257046846838	0,0025796191774	0,0025796191774	0,0025796191774	0,0025796191774
17100	-0,000959140429568	-0,000959140429568	-0,000959140429568	-0,000959140429568	-0,000946328768948	-0,000946328768948	-0,000946328768948	-0,00101505528574	-0,00101505528574	-0,00101505528574	-0,00101505528574	-0,00101505528574	-0,00101505528574	-0,00101374866316	-0,00101374866316	-0,00101374866316	-0,00101374866316
18000	2,77544062149e-05	2,77544062149e-05	2,77544062149e-05	2,77544062149e-05	3,32976163021e-05	3,32976163021e-05	3,32976163021e-05	3,51846119213e-06	3,51846119213e-06	3,51846119213e-06	3,51846119213e-06	3,51846119213e-06	3,51846119213e-06	-5,4325870942e-05	-5,4325870942e-05	-5,4325870942e-05	-5,4325870942e-05
18900	0,000478199187806	0,000478199187806	0,000478199187806	0,000478199187806	0,000478552562652	0,000478552562652	0,000478552562652	0,000476653986075	0,000476653986075	0,000476653986075	0,000476653986075	0,000476653986075	0,000476653986075	0,000490412067924	0,000490412067924	0,000490412067924	0,000490412067924
19800	-0,00129342781253	-0,00129342781253	-0,00129342781253	-0,00129342781253	-0,00128810699578	-0,00128810699578	-0,00128810699578	-0,00131673123308	-0,00131673123308	-0,00131673123308	-0,00131673123308	-0,00131673123308	-0,00131673123308	-0,00131067670233	-0,00131067670233	-0,00131067670233	-0,00131067670233
20700	0,00139011357418	0,00139011357418	0,00139011357418	0,00139011357418	0,00138358466884	0,00138358466884	0,00138358466884	0,00141864243122	0,00141864243122	0,00141864243122	0,00141864243122	0,00141864243122	0,00141864243122	0,00143339344195	0,00143339344195	0,00143339344195	0,00143339344195
21600	0,00131489927264	0,00131489927264	0,00131489927264	0,00131489927264	0,00130551676694	0,00130551676694	0,00130551676694	0,00135576318361	0,00135576318361	0,00135576318361	0,00135576318361	0,00135576318361	0,00135576318361	0,00138175609106	0,00138175609106	0,00138175609106	0,00138175609106
22500	0,000980297089776	0,000980297089776	0,000980297089776	0,000980297089776	0,000986630597036	0,000986630597036	0,000986630597036	0,000952652799775	0,000952652799775	0,000952652799775	0,000952652799775	0,000952652799775	0,000952652799775	0,000923372273985	0,000923372273985	0,000923372273985	0,000923372273985
23400	0,00065870457097	0,00065870457097	0,00065870457097	0,00065870457097	0,000661163589582	0,000661163589582	0,000661163589582	0,00064796267282	0,00064796267282	0,00064796267282	0,00064796267282	0,00064796267282	0,00064796267282	0,000632304061612	0,000632304061612	0,000632304061612	0,000632304061612
24300	-0,000584935794448	-0,000584935794448	-0,000584935794448	-0,000584935794448	-0,000576981773128	-0,000576981773128	-0,000576981773128	-0,000619768101238	-0,000619768101238	-0,000619768101238	-0,000619768101238	-0,000619768101238	-0,000619768101238	-0,000622044538437	-0,000622044538437	-0,000622044538437	-0,000622044538437
25200	0,00186783064573	0,00186783064573	0,00186783064573	0,00186783064573	0,00186502325838	0,00186502325838	0,00186502325838	0,00188011224362	0,00188011224362	0,00188011224362	0,00188011224362	0,00188011224362	0,00188011224362	0,00190284977305	0,00190284977305	0,00190284977305	0,00190284977305
26100	0,00041023243258	0,00041023243258	0,00041023243258	0,00041023243258	0,000398068919207	0,000398068919207	0,000398068919207	0,000463231538787	0,000463231538787	0,000463231538787	0,000463231538787	0,000463231538787	0,000463231538787	0,000475200247467	0,000475200247467	0,000475200247467	0,000475200247467
27000	-0,000160067960981	-0,000160067960981	-0,000160067960981	-0,000160067960981	-0,000158358305951	-0,000158358305951	-0,000158358305951	-0,000167521361393	-0,000167521361393	-0,000167521361393	-0,000167521361393	-0,000167521361393	-0,000167521361393	-0,000183517158133	-0,000183517158133	-0,000183517158133	-0,000183517158133
27900	0,00188506761134	0,00188506761134	0,00188506761134	0,00188506761134	0,00187942945839	0,00187942945839	0,00187942945839	0,00190959751772	0,00190959751772	0,00190959751772	0,00190959751772	0,00190959751772	0,00190959751772	0,00192776858107	0,00192776858107	0,00192776858107	0,00192776858107
28800	0,00304811434962	0,00304811434962	0,00304811434962	0,00304811434962	0,00304594711084	0,00304594711084	0,00304594711084	0,00305753533122	0,00305753533122	0,00305753533122	0,00305753533122	0,00305753533122	0,00305753533122	0,00306158252262	0,00306158252262	0,00306158252262	0,00306158252262
29700	0,00228251420285	0,00228251420285	0,00228251420285	0,00228251420285	0,00231265741685	0,00231265741685	0,00231265741685	0,00214999685811	0,00214999685811	0,00214999685811	0,00214999685811	0,00214999685811	0,00214999685811	0,00210164542551	0,00210164542551	0,00210164542551	0,00210164542551
30600	0,00485513374428	0,00485513374428	0,00485513374428	0,00485513374428	0,00482288967506	0,00482288967506	0,00482288967506	0,00499482911875	0,00499482911875	0,00499482911875	0,00499482911875	0,00499482911875	0,00499482911875	0,00505907376418	0,00505907376418	0,00505907376418	0,00505907376418
31500	-0,00224732189656	-0,00224732189656	-0,00224732189656	-0,00224732189656	-0,00223471198748	-0,00223471198748	-0,00223471198748	-0,00230214843888	-0,00230214843888	-0,00230214843888	-0,00230214843888	-0,00230214843888	-0,00230214843888	-0,0023370286344	-0,0023370286344	-0,0023370286344	-0,0023370286344
32400	-0,00394635523056	-0,00394635523056	-0,00394635523056	-0,00394635523056	-0,0039585590541	-0,0039585590541	-0,0039585590541	-0,00389346177571	-0,00389346177571	-0,00389346177571	-0,00389346177571	-0,00389346177571	-0,00389346177571	-0,00388109714869	-0,00388109714869	-0,00388109714869	-0,00388109714869
33300	0,00119242089683	0,00119242089683	0,00119242089683	0,00119242089683	0,00119423400686	0,00119423400686	0,00119423400686	0,00118455765386	0,00118455765386	0,00118455765386	0,00118455765386	0,00118455765386	0,00118455765386	0,00119052340153	0,00119052340153	0,00119052340153	0,00119052340153
34200	-0,00190402303685	-0,00190402303685	-0,00190402303685	-0,00190402303685	-0,00182001728723	-0,00182001728723	-0,00182001728723	-0,00204356373261	-0,00204356373261	-0,00204356373261	-0,00204356373261	-0,00204356373261	-0,00204356373261	-0,0020952285466	-0,0020952285466	-0,0020952285466	-0,0020952285466
35100	0,00515854508511	0,00515854508511	0,00515854508511	0,00515854508511	0,0051332326289	0,0051332326289	0,0051332326289	0,00512729519392	0,00512729519392	0,00512729519392	0,00512729519392	0,00512729519392	0,00512729519392	0,00513279969409	0,00513279969409	0,00513279969409	0,00513279969409
36000	-0,0198577179043	-0,0198577179043	-0,0198577179043	-0,0198577179043	-0,0196155700164	-0,0196155700164	-0,0196155700164	-0,0192819205473	-0,0192819205473	-0,0192819205473	-0,0192819205473	-0,0192819205473	-0,0192819205473	-0,0190042808631	-0,0190042808631	-0,0190042808631	-0,0190042808631
36900	0,00302173887614	0,00302173887614	0,00302173887614	0,00302173887614	0,00292114650913	0,00292114650913	0,00292114650913	0,00333525490306	0,00333525490306	0,00333525490306	0,00333525490306	0,00333525490306	0,00333525490306	0,00337220549569	0,00337220549569	0,00337220549569	0,00337220549569
37800	0,00436362258225	0,00436362258225	0,00436362258225	0,00436362258225	0,00436010581218	0,00436010581218	0,00436010581218	0,00424415006822	0,00424415006822	0,00424415006822	0,00424415006822	0,00424415006822	0,00424415006822	0,00423947088843	0,00423947088843	0,00423947088843	0,00423947088843
38700	0,154540272465	0,154540272465	0,154540272465	0,154540272465	0,159430868393	0,159430868393	0,159430868393	0,198622512067	0,198622512067	0,198622512067	0,198622512067	0,198622512067	0,198622512067	0,211443397509	0,211443397509	0,211443397509	0,211443397509
39600	0,0112651481448	0,0112651481448	0,0112651481448	0,0112651481448	0,0113957843993	0,0113957843993	0,0113957843993	0,0118381653042	0,0118381653042	0,0118381653042	0,0118381653042	0,0118381653042	0,0118381653042	0,0119225690627	0,0119225690627	0,0119225690627	0,0119225690627
40500	0,00677472579517	0,00677472579517	0,00677472579517	0,00677472579517	0,00674713340712	0,00674713340712	0,00674713340712	0,00762404555944	0,00762404555944	0,00762404555944	0,00762404555944	0,00762404555944	0,00762404555944	0,00787589947703	0,00787589947703	0,00787589947703	0,00787589947703
41400	0,00458411404576	0,00458411404576	0,00458411404576	0,00458411404576	0,0046568568165	0,0046568568165	0,0046568568165	0,00456931380356	0,00456931380356	0,00456931380356	0,00456931380356	0,00456931380356	0,00456931380356	0,00449858919094	0,00449858919094	0,00449858919094	0,00449858919094
42300	0,0131722348883	0,0131722348883	0,0131722348883	0,0131722348883	0,0131810680499	0,0131810680499	0,0131810680499	0,0132784794317	0,0132784794317	0,0132784794317	0,0132784794317	0,0132784794317	0,0132784794317	0,0133173643973	0,0133173643973	0,0133173643973	0,0133173643973
43200	-0,00190562355578	-0,00190562355578	-0,00190562355578	-0,00190562355578	-0,00190249159141	-0,00190249159141	-0,00190249159141	-0,00196455598491	-0,00196455598491	-0,00196455598491	-0,00196455598491	-0,00196455598491	-0,00196455598491	-0,00198035185344	-0,00198035185344	-0,00198035185344	-0,00198035185344
44100	-0,0171218381978	-0,0171218381978	-0,0171218381978	-0,0171218381978	-0,0172395823902	-0,0172395823902	-0,0172395823902	-0,0171302043307	-0,0171302043307	-0,0171302043307	-0,0171302043307	-0,0171302043307	-0,0171302043307	-0,0172050648635	-0,0172050648635	-0,0172050648635	-0,0172050648635
45000	0,00649303305371	0,00649303305371	0,00649303305371	0,00649303305371	0,00649782256414	0,00649782256414	0,00649782256414	0,00649521760872	0,00649521760872	0,00649521760872	0,00649521760872	0,00649521760872	0,00649521760872	0,00654508420525	0,00654508420525	0,00654508420525	0,00654508420525
45900	-0,000405818462236	-0,000405818462236	-0,000405818462236	-0,000405818462236	-0,000429610920664	-0,000429610920664	-0,000429610920664	-0,000293578125624	-0,000293578125624	-0,000293578125624	-0,000293578125624	-0,000293578125624	-0,000293578125624	-0,000298825352132	-0,000298825352132	-0,000298825352132	-0,000298825352132
46800	-0,00637108739095	-0,00637108739095	-0,00637108739095	-0,00637108739095	-0,00640524568831	-0,00640524568831	-0,00640524568831	-0,00655834573421	-0,00655834573421	-0,00655834573421	-0,00655834573421	-0,00655834573421	-0,00655834573421	-0,00661062568252	-0,00661062568252	-0,00661062568252	-0,00661062568252
47700	0,0089015400829	0,0089015400829	0,0089015400829	0,0089015400829	0,00894400412663	0,00894400412663	0,00894400412663	0,00889725923922	0,00889725923922	0,00889725923922	0,00889725923922	0,00889725923922	0,00889725923922	0,00890274811617	0,00890274811617	0,00890274811617	0,00890274811617
48600	-0,00892726919221	-0,00892726919221	-0,00892726919221	-0,00892726919221	-0,00893620460744	-0,00893620460744	-0,00893620460744	-0,00915383376511	-0,00915383376511	-0,00915383376511	-0,00915383376511	-0,00915383376511	-0,00915383376511	-0,00916760092139	-0,00916760092139	-0,00916760092139	-0,00916760092139
49500	-0,00762848877548	-0,00762848877548	-0,00762848877548	-0,00762848877548	-0,00763566222014	-0,00763566222014	-0,00763566222014	-0,00750893928074	-0,00750893928074	-0,00750893928074	-0,00750893928074	-0,00750893928074	-0,00750893928074	-0,00751878937048	-0,00751878937048	-0,00751878937048	-0,00751878937048
50400	0,0101049722666	0,0101049722666	0,0101049722666	0,0101049722666	0,0101099660904	0,0101099660904	0,0101099660904	0,0101769156698	0,0101769156698	0,0101769156698	0,0101769156698	0,0101769156698	0,0101769156698	0,0101957019529	0,0101957019529	0,0101957019529	0,0101957019529
51300	-0,0252925720947	-0,0252925720947	-0,0252925720947	-0,0252925720947	-0,0253564368624	-0,0253564368624	-0,0253564368624	-0,0254546510777	-0,0254546510777	-0,0254546510777	-0,0254546510777	-0,0254546510777	-0,0254546510777	-0,0254354063382	-0,0254354063382	-0,0254354063382	-0,0254354063382
52200	-0,110310351129	-0,110310351129	-0,110310351129	-0,110310351129	-0,112706699932	-0,112706699932	-0,112706699932	-0,121378289351	-0,121378289351	-0,121378289351	-0,121378289351	-0,121378289351	-0,121378289351	-0,124445896006	-0,124445896006	-0,124445896006	-0,124445896006
53100	0,0231459153051	0,0231459153051	0,0231459153051	0,0231459153051	0,0229689585428	0,0229689585428	0,0229689585428	0,0223789195509	0,0223789195509	0,0223789195509	0,0223789195509	0,0223789195509	0,0223789195509	0,0222140847522	0,0222140847522	0,0222140847522	0,0222140847522
54000	-0,000616653076983	-0,000616653076983	-0,000616653076983	-0,000616653076983	-0,000588097353494	-0,000588097353494	-0,000588097353494	-0,000576530837167	-0,000576530837167	-0,000576530837167	-0,000576530837167	-0,000576530837167	-0,000576530837167	-0,000599055513456	-0,000599055513456	-0,000599055513456	-0,000599055513456
54900	0,0266312119733	0,0266312119733	0,0266312119733	0,0266312119733	0,0267772758391	0,0267772758391	0,0267772758391	0,0271505186903	0,0271505186903	0,0271505186903	0,0271505186903	0,0271505186903	0,0271505186903	0,0271908810295	0,0271908810295	0,0271908810295	0,0271908810295
55800	0,0611588254135	0,0611588254135	0,0611588254135	0,0611588254135	0,0605644724784	0,0605644724784	0,0605644724784	0,0583153251363	0,0583153251363	0,0583153251363	0,0583153251363	0,0583153251363	0,0583153251363	0,0577831361705	0,0577831361705	0,0577831361705	0,0577831361705
56700	0,0114092451837	0,0114092451837	0,0114092451837	0,0114092451837	0,0113827848773	0,0113827848773	0,0113827848773	0,0112493878335	0,0112493878335	0,0112493878335	0,0112493878335	0,0112493878335	0,0112493878335	0,0112141395543	0,0112141395543	0,0112141395543	0,0112141395543
57600	-0,00956313489449	-0,00956313489449	-0,00956313489449	-0,00956313489449	-0,0095197122961	-0,0095197122961	-0,0095197122961	-0,0095534661076	-0,0095534661076	-0,0095534661076	-0,0095534661076	-0,0095534661076	-0,0095534661076	-0,00965088099559	-0,00965088099559	-0,00965088099559	-0,00965088099559
58500	0,00692489338096	0,00692489338096	0,00692489338096	0,00692489338096	0,00692096636677	0,00692096636677	0,00692096636677	0,00687299345715	0,00687299345715	0,00687299345715	0,00687299345715	0,00687299345715	0,00687299345715	0,00684136133877	0,00684136133877	0,00684136133877	0,00684136133877
59400	0,00165014099517	0,00165014099517	0,00165014099517	0,00165014099517	0,00164869205163	0,00164869205163	0,00164869205163	0,0016573189782	0,0016573189782	0,0016573189782	0,0016573189782	0,0016573189782	0,0016573189782	0,00168658860639	0,00168658860639	0,00168658860639	0,00168658860639
60300	-0,000447111605958	-0,000447111605958	-0,000447111605958	-0,000447111605958	-0,000420774136155	-0,000420774136155	-0,000420774136155	-0,000563117502264	-0,000563117502264	-0,000563117502264	-0,000563117502264	-0,000563117502264	-0,000563117502264	-0,000613256865627	-0,000613256865627	-0,000613256865627	-0,000613256865627
61200	0,00180540685591	0,00180540685591	0,00180540685591	0,00180540685591	0,00178914422448	0,00178914422448	0,00178914422448	0,00187746165225	0,00187746165225	0,00187746165225	0,00187746165225	0,00187746165225	0,00187746165225	0,00191071350416	0,00191071350416	0,00191071350416	0,00191071350416
62100	-0,00239841067866	-0,00239841067866	-0,00239841067866	-0,00239841067866	-0,00239096332904	-0,00239096332904	-0,00239096332904	-0,00243245402328	-0,00243245402328	-0,00243245402328	-0,00243245402328	-0,00243245402328	-0,00243245402328	-0,00242167841011	-0,00242167841011	-0,00242167841011	-0,00242167841011
63000	0,000321545954581	0,000321545954581	0,000321545954581	0,000321545954581	0,000322872544672	0,000322872544672	0,000322872544672	0,000315906354317	0,000315906354317	0,000315906354317	0,000315906354317	0,000315906354317	0,000315906354317	0,000308689958744	0,000308689958744	0,000308689958744	0,000308689958744
63900	-0,000928716838355	-0,000928716838355	-0,000928716838355	-0,000928716838355	-0,000947870843096	-0,000947870843096	-0,000947870843096	-0,000845818619237	-0,000845818619237	-0,000845818619237	-0,000845818619237	-0,000845818619237	-0,000845818619237	-0,000819660446884	-0,000819660446884	-0,000819660446884	-0,000819660446884
64800	-0,00198808806376	-0,00198808806376	-0,00198808806376	-0,00198808806376	-0,00199153329478	-0,00199153329478	-0,00199153329478	-0,00198277383985	-0,00198277383985	-0,00198277383985	-0,00198277383985	-0,00198277383985	-0,00198277383985	-0,00199529413509	-0,00199529413509	-0,00199529413509	-0,00199529413509
65700	0,00306769222036	0,00306769222036	0,00306769222036	0,00306769222036	0,00306843106385	0,00306843106385	0,00306843106385	0,00307216916725	0,00307216916725	0,00307216916725	0,00307216916725	0,00307216916725	0,00307216916725	0,00307117819363	0,00307117819363	0,00307117819363	0,00307117819363
66600	-0,000258660811831	-0,000258660811831	-0,000258660811831	-0,000258660811831	-0,000243704824064	-0,000243704824064	-0,000243704824064	-0,000324202401109	-0,000324202401109	-0,000324202401109	-0,000324202401109	-0,000324202401109	-0,000324202401109	-0,000355183313942	-0,000355183313942	-0,000355183313942	-0,000355183313942
67500	-0,00163914612205	-0,00163914612205	-0,00163914612205	-0,00163914612205	-0,0016315810249	-0,0016315810249	-0,0016315810249	-0,00167327058459	-0,00167327058459	-0,00167327058459	-0,00167327058459	-0,00167327058459	-0,00167327058459	-0,0017135251543	-0,0017135251543	-0,0017135251543	-0,0017135251543
68400	0,00483282956995	0,00483282956995	0,00483282956995	0,00483282956995	0,00484200717251	0,00484200717251	0,00484200717251	0,00479486806632	0,00479486806632	0,00479486806632	0,00479486806632	0,00479486806632	0,00479486806632	0,00480239518534	0,00480239518534	0,00480239518534	0,00480239518534
69300	-0,00181546567117	-0,00181546567117	-0,00181546567117	-0,00181546567117	-0,00181784512016	-0,00181784512016	-0,00181784512016	-0,00180625606416	-0,00180625606416	-0,00180625606416	-0,00180625606416	-0,00180625606416	-0,00180625606416	-0,0018113549635	-0,0018113549635	-0,0018113549635	-0,0018113549635
70200	0,00195144414898	0,00195144414898	0,00195144414898	0,00195144414898	0,00195015540627	0,00195015540627	0,00195015540627	0,00195837097976	0,00195837097976	0,00195837097976	0,00195837097976	0,00195837097976	0,00195837097976	0,00197914981742	0,00197914981742	0,00197914981742	0,00197914981742
71100	0,00139197718086	0,00139197718086	0,00139197718086	0,00139197718086	0,00136801833036	0,00136801833036	0,00136801833036	0,00149742932295	0,00149742932295	0,00149742932295	0,00149742932295	0,00149742932295	0,00149742932295	0,00153540631744	0,00153540631744	0,00153540631744	0,00153540631744
72000	0,000655532683841	0,000655532683841	0,000655532683841	0,000655532683841	0,000657558490333	0,000657558490333	0,000657558490333	0,000647204486371	0,000647204486371	0,000647204486371	0,000647204486371	0,000647204486371	0,000647204486371	0,000637544719282	0,000637544719282	0,000637544719282	0,000637544719282
72900	-0,00331550728617	-0,00331550728617	-0,00331550728617	-0,00331550728617	-0,00331736106942	-0,00331736106942	-0,00331736106942	-0,00331004490479	-0,00331004490479	-0,00331004490479	-0,00331004490479	-0,00331004490479	-0,00331004490479	-0,00327978451349	-0,00327978451349	-0,00327978451349	-0,00327978451349
73800	-0,000382690467368	-0,000382690467368	-0,000382690467368	-0,000382690467368	-0,000374764594743	-0,000374764594743	-0,000374764594743	-0,000417677380875	-0,000417677380875	-0,000417677380875	-0,000417677380875	-0,000417677380875	-0,000417677380875	-0,000467150962307	-0,000467150962307	-0,000467150962307	-0,000467150962307
74700	-0,000929458364226	-0,000929458364226	-0,000929458364226	-0,000929458364226	-0,000925525542032	-0,000925525542032	-0,000925525542032	-0,000947257186431	-0,000947257186431	-0,000947257186431	-0,000947257186431	-0,000947257186431	-0,000947257186431	-0,00095465041305	-0,00095465041305	-0,00095465041305	-0,00095465041305
75600	-0,00321597046225	-0,00321597046225	-0,00321597046225	-0,00321597046225	-0,00320229902877	-0,00320229902877	-0,00320229902877	-0,0032780908014	-0,0032780908014	-0,0032780908014	-0,0032780908014	-0,0032780908014	-0,0032780908014	-0,0032828437018	-0,0032828437018	-0,0032828437018	-0,0032828437018
76500	4,1770516333e-05	4,1770516333e-05	4,1770516333e-05	4,1770516333e-05	3,18356075156e-05	3,18356075156e-05	3,18356075156e-05	8,52846305529e-05	8,52846305529e-05	8,52846305529e-05	8,52846305529e-05	8,52846305529e-05	8,52846305529e-05	9,90633053458e-05	9,90633053458e-05	9,90633053458e-05	9,90633053458e-05
77400	-0,00263440874772	-0,00263440874772	-0,00263440874772	-0,00263440874772	-0,00265343519879	-0,00265343519879	-0,00265343519879	-0,00256188138668	-0,00256188138668	-0,00256188138668	-0,00256188138668	-0,00256188138668	-0,00256188138668	-0,00253941304375	-0,00253941304375	-0,00253941304375	-0,00253941304375
78300	0,00123044143366	0,00123044143366	0,00123044143366	0,00123044143366	0,00123879653134	0,00123879653134	0,00123879653134	0,00120172239038	0,00120172239038	0,00120172239038	0,00120172239038	0,00120172239038	0,00120172239038	0,00122124859877	0,00122124859877	0,00122124859877	0,00122124859877
79200	-0,00216614008444	-0,00216614008444	-0,00216614008444	-0,00216614008444	-0,00217705253328	-0,00217705253328	-0,00217705253328	-0,0021280705376	-0,0021280705376	-0,0021280705376	-0,0021280705376	-0,0021280705376	-0,0021280705376	-0,002131420709	-0,002131420709	-0,002131420709	-0,002131420709
80100	-0,00067722724271	-0,00067722724271	-0,00067722724271	-0,00067722724271	-0,000682068757564	-0,000682068757564	-0,000682068757564	-0,000656194748102	-0,000656194748102	-0,000656194748102	-0,000656194748102	-0,000656194748102	-0,000656194748102	-0,000644744747511	-0,000644744747511	-0,000644744747511	-0,000644744747511
81000	-0,00140191656345	-0,00140191656345	-0,00140191656345	-0,00140191656345	-0,00139615697151	-0,00139615697151	-0,00139615697151	-0,00142698006228	-0,00142698006228	-0,00142698006228	-0,00142698006228	-0,00142698006228	-0,00142698006228	-0,00144361761862	-0,00144361761862	-0,00144361761862	-0,00144361761862
81900	0,00079850234039	0,00079850234039	0,00079850234039	0,00079850234039	0,000798487349225	0,000798487349225	0,000798487349225	0,000798567575767	0,000798567575767	0,000798567575767	0,000798567575767	0,000798567575767	0,000798567575767	0,000794774804978	0,000794774804978	0,000794774804978	0,000794774804978
82800	-0,00365069142609	-0,00365069142609	-0,00365069142609	-0,00365069142609	-0,00365799797657	-0,00365799797657	-0,00365799797657	-0,00361895740103	-0,00361895740103	-0,00361895740103	-0,00361895740103	-0,00361895740103	-0,00361895740103	-0,00359508537607	-0,00359508537607	-0,00359508537607	-0,00359508537607
83700	-0,000686791005617	-0,000686791005617	-0,000686791005617	-0,000686791005617	-0,000679178882217	-0,000679178882217	-0,000679178882217	-0,000719929875416	-0,000719929875416	-0,000719929875416	-0,000719929875416	-0,000719929875416	-0,000719929875416	-0,000747855532762	-0,000747855532762	-0,000747855532762	-0,000747855532762
84600	-0,000376995202986	-0,000376995202986	-0,000376995202986	-0,000376995202986	-0,000376780705214	-0,000376780705214	-0,000376780705214	-0,000377929067601	-0,000377929067601	-0,000377929067601	-0,000377929067601	-0,000377929067601	-0,000377929067601	-0,000369716797058	-0,000369716797058	-0,000369716797058	-0,000369716797058
85500	-0,00197448563864	-0,00197448563864	-0,00197448563864	-0,00197448563864	-0,0019692030119	-0,0019692030119	-0,0019692030119	-0,00199751969669	-0,00199751969669	-0,00199751969669	-0,00199751969669	-0,00199751969669	-0,00199751969669	-0,00201624709858	-0,00201624709858	-0,00201624709858	-0,00201624709858
86400	-0,00515914300913	-0,00515914300913	-0,00515914300913	-0,00515914300913	-0,00512497418405	-0,00512497418405	-0,00512497418405	-0,00530939161204	-0,00530939161204	-0,00530939161204	-0,00530939161204	-0,00530939161204	-0,00530939161204	-0,00535406518398	-0,00535406518398	-0,00535406518398	-0,00535406518398
87300	-0,000883865872072	-0,000883865872072	-0,000883865872072	-0,000883865872072	-0,000901750336457	-0,000901750336457	-0,000901750336457	-0,000805653710595	-0,000805653710595	-0,000805653710595	-0,000805653710595	-0,000805653710595	-0,000805653710595	-0,000738814805201	-0,000738814805201	-0,000738814805201	-0,000738814805201
88200	-6,34634263329e-06	-6,34634263329e-06	-6,34634263329e-06	-6,34634263329e-06	2,22451527012e-06	2,22451527012e-06	2,22451527012e-06	-4,39321495038e-05	-4,39321495038e-05	-4,39321495038e-05	-4,39321495038e-05	-4,39321495038e-05	-4,39321495038e-05	-7,56212630623e-05	-7,56212630623e-05	-7,56212630623e-05	-7,56212630623e-05
89100	-0,00271778831308	-0,00271778831308	-0,00271778831308	-0,00271778831308	-0,00271484930362	-0,00271484930362	-0,00271484930362	-0,00273068729144	-0,00273068729144	-0,00273068729144	-0,00273068729144	-0,00273068729144	-0,00273068729144	-0,00276129000867	-0,00276129000867	-0,00276129000867	-0,00276129000867
90000	-0,00221397773622	-0,00221397773622	-0,00221397773622	-0,00221397773622	-0,00221295160588	-0,00221295160588	-0,00221295160588	-0,00221848262498	-0,00221848262498	-0,00221848262498	-0,00221848262498	-0,00221848262498	-0,00221848262498	-0,00224117273545	-0,00224117273545	-0,00224117273545	-0,00224117273545
90900	0,00076794701988	0,00076794701988	0,00076794701988	0,00076794701988	0,000750935693643	0,000750935693643	0,000750935693643	0,000842201415985	0,000842201415985	0,000842201415985	0,000842201415985	0,000842201415985	0,000842201415985	0,000893623419961	0,000893623419961	0,000893623419961	0,000893623419961
91800	-0,00306586990784	-0,00306586990784	-0,00306586990784	-0,00306586990784	-0,00306273263964	-0,00306273263964	-0,00306273263964	-0,00307957576641	-0,00307957576641	-0,00307957576641	-0,00307957576641	-0,00307957576641	-0,00307957576641	-0,00307337280609	-0,00307337280609	-0,00307337280609	-0,00307337280609
92700	0,00159746955733	0,00159746955733	0,00159746955733	0,00159746955733	0,00159482993547	0,00159482993547	0,00159482993547	0,00160899050192	0,00160899050192	0,00160899050192	0,00160899050192	0,00160899050192	0,00160899050192	0,0016252705903	0,0016252705903	0,0016252705903	0,0016252705903
93600	0,000413839170227	0,000413839170227	0,000413839170227	0,000413839170227	0,000406826770883	0,000406826770883	0,000406826770883	0,000444374945688	0,000444374945688	0,000444374945688	0,000444374945688	0,000444374945688	0,000444374945688	0,000444028288187	0,000444028288187	0,000444028288187	0,000444028288187
94500	-0,000911814802156	-0,000911814802156	-0,000911814802156	-0,000911814802156	-0,000901456018649	-0,000901456018649	-0,000901456018649	-0,000957065324187	-0,000957065324187	-0,000957065324187	-0,000957065324187	-0,000957065324187	-0,000957065324187	-0,00100099740169	-0,00100099740169	-0,00100099740169	-0,00100099740169
95400	-0,000758034679745	-0,000758034679745	-0,000758034679745	-0,000758034679745	-0,00076116345748	-0,00076116345748	-0,00076116345748	-0,000744380326961	-0,000744380326961	-0,000744380326961	-0,000744380326961	-0,000744380326961	-0,000744380326961	-0,000737531869178	-0,000737531869178	-0,000737531869178	-0,000737531869178
96300	-0,00171917093492	-0,00171917093492	-0,00171917093492	-0,00171917093492	-0,00172542098926	-0,00172542098926	-0,00172542098926	-0,00169194461151	-0,00169194461151	-0,00169194461151	-0,00169194461151	-0,00169194461151	-0,00169194461151	-0,00167121362083	-0,00167121362083	-0,00167121362083	-0,00167121362083
97200	0,00090120762035	0,00090120762035	0,00090120762035	0,00090120762035	0,00090296866031	0,00090296866031	0,00090296866031	0,000893531631569	0,000893531631569	0,000893531631569	0,000893531631569	0,000893531631569	0,000893531631569	0,000901170009555	0,000901170009555	0,000901170009555	0,000901170009555
98100	0,000536273479297	0,000536273479297	0,000536273479297	0,000536273479297	0,000535174265165	0,000535174265165	0,000535174265165	0,000541062964737	0,000541062964737	0,000541062964737	0,000541062964737	0,000541062964737	0,000541062964737	0,00055124505951	0,00055124505951	0,00055124505951	0,00055124505951
99000	0,000255153782972	0,000255153782972	0,000255153782972	0,000255153782972	0,000257743761662	0,000257743761662	0,000257743761662	0,000243859203322	0,000243859203322	0,000243859203322	0,000243859203322	0,000243859203322	0,000243859203322	0,000211724261259	0,000211724261259	0,000211724261259	0,000211724261259
99900	0,00019236213104	0,00019236213104	0,00019236213104	0,00019236213104	0,000198865560008	0,000198865560008	0,000198865560008	0,000163941328244	0,000163941328244	0,000163941328244	0,000163941328244	0,000163941328244	0,000163941328244	0,00014899205107	0,00014899205107	0,00014899205107	0,00014899205107
100800	-0,00300421761815	-0,00300421761815	-0,00300421761815	-0,00300421761815	-0,00300103261513	-0,00300103261513	-0,00300103261513	-0,00301814859506	-0,00301814859506	-0,00301814859506	-0,00301814859506	-0,00301814859506	-0,00301814859506	-0,00299303163625	-0,00299303163625	-0,00299303163625	-0,00299303163625
101700	0,00180784153767	0,00180784153767	0,00180784153767	0,00180784153767	0,00179861313663	0,00179861313663	0,00179861313663	0,0018480716363	0,0018480716363	0,0018480716363	0,0018480716363	0,0018480716363	0,0018480716363	0,00185754768578	0,00185754768578	0,00185754768578	0,00185754768578
102600	0,000900826539443	0,000900826539443	0,000900826539443	0,000900826539443	0,000899708094671	0,000899708094671	0,000899708094671	0,000905700411156	0,000905700411156	0,000905700411156	0,000905700411156	0,000905700411156	0,000905700411156	0,000893643608526	0,000893643608526	0,000893643608526	0,000893643608526
103500	-0,00100397922454	-0,00100397922454	-0,00100397922454	-0,00100397922454	-0,00100425157412	-0,00100425157412	-0,00100425157412	-0,0010027924987	-0,0010027924987	-0,0010027924987	-0,0010027924987	-0,0010027924987	-0,0010027924987	-0,000986004112231	-0,000986004112231	-0,000986004112231	-0,000986004112231
104400	0,00314666434027	0,00314666434027	0,00314666434027	0,00314666434027	0,00315481493119	0,00315481493119	0,00315481493119	0,00311103418615	0,00311103418615	0,00311103418615	0,00311103418615	0,00311103418615	0,00311103418615	0,00305982496304	0,00305982496304	0,00305982496304	0,00305982496304
105300	-0,000394526708046	-0,000394526708046	-0,000394526708046	-0,000394526708046	-0,000384978780369	-0,000384978780369	-0,000384978780369	-0,000436391139203	-0,000436391139203	-0,000436391139203	-0,000436391139203	-0,000436391139203	-0,000436391139203	-0,000412328612126	-0,000412328612126	-0,000412328612126	-0,000412328612126
106200	0,000390164736228	0,000390164736228	0,000390164736228	0,000390164736228	0,000383205437249	0,000383205437249	0,000383205437249	0,000420608815171	0,000420608815171	0,000420608815171	0,000420608815171	0,000420608815171	0,000420608815171	0,000455373062906	0,000455373062906	0,000455373062906	0,000455373062906
107100	0,00292008948221	0,00292008948221	0,00292008948221	0,00292008948221	0,00289922775157	0,00289922775157	0,00289922775157	0,00301061265061	0,00301061265061	0,00301061265061	0,00301061265061	0,00301061265061	0,00301061265061	0,00303533486807	0,00303533486807	0,00303533486807	0,00303533486807
108000	0,00407172512302	0,00407172512302	0,00407172512302	0,00407172512302	0,00408948445132	0,00408948445132	0,00408948445132	0,00399407933746	0,00399407933746	0,00399407933746	0,00399407933746	0,00399407933746	0,00399407933746	0,0039362949597	0,0039362949597	0,0039362949597	0,0039362949597
108900	0,000443634011887	0,000443634011887	0,000443634011887	0,000443634011887	0,000440075634478	0,000440075634478	0,000440075634478	0,000459173328731	0,000459173328731	0,000459173328731	0,000459173328731	0,000459173328731	0,000459173328731	0,00049196712595	0,00049196712595	0,00049196712595	0,00049196712595
109800	0,00252220537486	0,00252220537486	0,00252220537486	0,00252220537486	0,00252899268305	0,00252899268305	0,00252899268305	0,00249248889272	0,00249248889272	0,00249248889272	0,00249248889272	0,00249248889272	0,00249248889272	0,00247110061288	0,00247110061288	0,00247110061288	0,00247110061288
110700	0,000759818051539	0,000759818051539	0,000759818051539	0,000759818051539	0,000773178466579	0,000773178466579	0,000773178466579	0,000701057475232	0,000701057475232	0,000701057475232	0,000701057475232	0,000701057475232	0,000701057475232	0,000684043795127	0,000684043795127	0,000684043795127	0,000684043795127
111600	0,0014249959332	0,0014249959332	0,0014249959332	0,0014249959332	0,00140249655001	0,00140249655001	0,00140249655001	0,00152316840453	0,00152316840453	0,00152316840453	0,00152316840453	0,00152316840453	0,00152316840453	0,00157291793794	0,00157291793794	0,00157291793794	0,00157291793794
112500	-0,000223960458967	-0,000223960458967	-0,000223960458967	-0,000223960458967	-0,000232943048527	-0,000232943048527	-0,000232943048527	-0,000184877835903	-0,000184877835903	-0,000184877835903	-0,000184877835903	-0,000184877835903	-0,000184877835903	-0,000176967792637	-0,000176967792637	-0,000176967792637	-0,000176967792637
113400	0,00188694340288	0,00188694340288	0,00188694340288	0,00188694340288	0,00189643923142	0,00189643923142	0,00189643923142	0,00184548518257	0,00184548518257	0,00184548518257	0,00184548518257	0,00184548518257	0,00184548518257	0,00184432322672	0,00184432322672	0,00184432322672	0,00184432322672
114300	0,000174190983579	0,000174190983579	0,000174190983579	0,000174190983579	0,000166020639484	0,000166020639484	0,000166020639484	0,000209767645294	0,000209767645294	0,000209767645294	0,000209767645294	0,000209767645294	0,000209767645294	0,000238289322676	0,000238289322676	0,000238289322676	0,000238289322676
115200	0,00313184920697	0,00313184920697	0,00313184920697	0,00313184920697	0,00313438620063	0,00313438620063	0,00313438620063	0,0031278885348	0,0031278885348	0,0031278885348	0,0031278885348	0,0031278885348	0,0031278885348	0,00311601662154	0,00311601662154	0,00311601662154	0,00311601662154
116100	0,000720897549778	0,000720897549778	0,000720897549778	0,000720897549778	0,00071993835323	0,00071993835323	0,00071993835323	0,000725380808212	0,000725380808212	0,000725380808212	0,000725380808212	0,000725380808212	0,000725380808212	0,00069387503676	0,00069387503676	0,00069387503676	0,00069387503676
117000	0,00159614790652	0,00159614790652	0,00159614790652	0,00159614790652	0,00160399190142	0,00160399190142	0,00160399190142	0,00156278475116	0,00156278475116	0,00156278475116	0,00156278475116	0,00156278475116	0,00156278475116	0,0015962593235	0,0015962593235	0,0015962593235	0,0015962593235
117900	-0,00663080481517	-0,00663080481517	-0,00663080481517	-0,00663080481517	-0,00666027228129	-0,00666027228129	-0,00666027228129	-0,00651690131933	-0,00651690131933	-0,00651690131933	-0,00651690131933	-0,00651690131933	-0,00651690131933	-0,00649559827133	-0,00649559827133	-0,00649559827133	-0,00649559827133
118800	0,00301166680103	0,00301166680103	0,00301166680103	0,00301166680103	0,00301399110662	0,00301399110662	0,00301399110662	0,00303645140799	0,00303645140799	0,00303645140799	0,00303645140799	0,00303645140799	0,00303645140799	0,00306491273755	0,00306491273755	0,00306491273755	0,00306491273755
119700	-0,0213860842826	-0,0213860842826	-0,0213860842826	-0,0213860842826	-0,0211185508072	-0,0211185508072	-0,0211185508072	-0,0210173133921	-0,0210173133921	-0,0210173133921	-0,0210173133921	-0,0210173133921	-0,0210173133921	-0,0207571852037	-0,0207571852037	-0,0207571852037	-0,0207571852037
120600	0,0227878948878	0,0227878948878	0,0227878948878	0,0227878948878	0,0228672064408	0,0228672064408	0,0228672064408	0,0230384583771	0,0230384583771	0,0230384583771	0,0230384583771	0,0230384583771	0,0230384583771	0,023163727897	0,023163727897	0,023163727897	0,023163727897
121500	0,052189006742	0,052189006742	0,052189006742	0,052189006742	0,0519123202162	0,0519123202162	0,0519123202162	0,0509262899931	0,0509262899931	0,0509262899931	0,0509262899931	0,0509262899931	0,0509262899931	0,0506018083724	0,0506018083724	0,0506018083724	0,0506018083724
122400	0,0255262278756	0,0255262278756	0,0255262278756	0,0255262278756	0,0256200919443	0,0256200919443	0,0256200919443	0,0258750938146	0,0258750938146	0,0258750938146	0,0258750938146	0,0258750938146	0,0258750938146	0,0259046112014	0,0259046112014	0,0259046112014	0,0259046112014
123300	0,00432305710896	0,00432305710896	0,00432305710896	0,00432305710896	0,00438314553465	0,00438314553465	0,00438314553465	0,0042762397919	0,0042762397919	0,0042762397919	0,0042762397919	0,0042762397919	0,0042762397919	0,00416444019049	0,00416444019049	0,00416444019049	0,00416444019049
124200	-7,49884828266e-05	-7,49884828266e-05	-7,49884828266e-05	-7,49884828266e-05	-0,00010737094248	-0,00010737094248	-0,00010737094248	2,16916019116e-06	2,16916019116e-06	2,16916019116e-06	2,16916019116e-06	2,16916019116e-06	2,16916019116e-06	5,17445660817e-05	5,17445660817e-05	5,17445660817e-05	5,17445660817e-05
125100	0,00540682889878	0,00540682889878	0,00540682889878	0,00540682889878	0,0054302361305	0,0054302361305	0,0054302361305	0,00541398085122	0,00541398085122	0,00541398085122	0,00541398085122	0,00541398085122	0,00541398085122	0,00542238657471	0,00542238657471	0,00542238657471	0,00542238657471
126000	-0,00230603419709	-0,00230603419709	-0,00230603419709	-0,00230603419709	-0,00230977321402	-0,00230977321402	-0,00230977321402	-0,00228940592637	-0,00228940592637	-0,00228940592637	-0,00228940592637	-0,00228940592637	-0,00228940592637	-0,00225042348238	-0,00225042348238	-0,00225042348238	-0,00225042348238
126900	0,000422631112212	0,000422631112212	0,000422631112212	0,000422631112212	0,000421622444068	0,000421622444068	0,000421622444068	0,000365785760699	0,000365785760699	0,000365785760699	0,000365785760699	0,000365785760699	0,000365785760699	0,000364624918876	0,000364624918876	0,000364624918876	0,000364624918876
127800	-0,00292786990073	-0,00292786990073	-0,00292786990073	-0,00292786990073	-0,00293292019564	-0,00293292019564	-0,00293292019564	-0,00287566898166	-0,00287566898166	-0,00287566898166	-0,00287566898166	-0,00287566898166	-0,00287566898166	-0,00287474046896	-0,00287474046896	-0,00287474046896	-0,00287474046896
128700	0,00363750449978	0,00363750449978	0,00363750449978	0,00363750449978	0,00362800600999	0,00362800600999	0,00362800600999	0,00370648867146	0,00370648867146	0,00370648867146	0,00370648867146	0,00370648867146	0,00370648867146	0,00371948270158	0,00371948270158	0,00371948270158	0,00371948270158
129600	-0,000730379660314	-0,000730379660314	-0,000730379660314	-0,000730379660314	-0,000729594080651	-0,000729594080651	-0,000729594080651	-0,000716487100737	-0,000716487100737	-0,000716487100737	-0,000716487100737	-0,000716487100737	-0,000716487100737	-0,000702806773098	-0,000702806773098	-0,000702806773098	-0,000702806773098
130500	-0,00356323530192	-0,00356323530192	-0,00356323530192	-0,00356323530192	-0,00359096630825	-0,00359096630825	-0,00359096630825	-0,00357153652427	-0,00357153652427	-0,00357153652427	-0,00357153652427	-0,00357153652427	-0,00357153652427	-0,00355537994296	-0,00355537994296	-0,00355537994296	-0,00355537994296
131400	0,000489052149788	0,000489052149788	0,000489052149788	0,000489052149788	0,000503265429675	0,000503265429675	0,000503265429675	0,000411200898988	0,000411200898988	0,000411200898988	0,000411200898988	0,000411200898988	0,000411200898988	0,000386576151971	0,000386576151971	0,000386576151971	0,000386576151971
132300	-0,000144922096054	-0,000144922096054	-0,000144922096054	-0,000144922096054	-0,000136385278287	-0,000136385278287	-0,000136385278287	-0,000150917388897	-0,000150917388897	-0,000150917388897	-0,000150917388897	-0,000150917388897	-0,000150917388897	-0,000168193937632	-0,000168193937632	-0,000168193937632	-0,000168193937632
133200	-0,00148925998412	-0,00148925998412	-0,00148925998412	-0,00148925998412	-0,00148380651002	-0,00148380651002	-0,00148380651002	-0,00151012478305	-0,00151012478305	-0,00151012478305	-0,00151012478305	-0,00151012478305	-0,00151012478305	-0,00153071709069	-0,00153071709069	-0,00153071709069	-0,00153071709069
134100	-0,0111456211431	-0,0111456211431	-0,0111456211431	-0,0111456211431	-0,0111513665936	-0,0111513665936	-0,0111513665936	-0,0113622951937	-0,0113622951937	-0,0113622951937	-0,0113622951937	-0,0113622951937	-0,0113622951937	-0,0113615352703	-0,0113615352703	-0,0113615352703	-0,0113615352703
135000	0,00559221688125	0,00559221688125	0,00559221688125	0,00559221688125	0,00560006412916	0,00560006412916	0,00560006412916	0,00566516604058	0,00566516604058	0,00566516604058	0,00566516604058	0,00566516604058	0,00566516604058	0,00567654483972	0,00567654483972	0,00567654483972	0,00567654483972
135900	0,00270962019484	0,00270962019484	0,00270962019484	0,00270962019484	0,00270775143209	0,00270775143209	0,00270775143209	0,00274464684265	0,00274464684265	0,00274464684265	0,00274464684265	0,00274464684265	0,00274464684265	0,00273330126655	0,00273330126655	0,00273330126655	0,00273330126655
136800	-0,00814361060493	-0,00814361060493	-0,00814361060493	-0,00814361060493	-0,00817875192444	-0,00817875192444	-0,00817875192444	-0,00808092607198	-0,00808092607198	-0,00808092607198	-0,00808092607198	-0,00808092607198	-0,00808092607198	-0,00803217732325	-0,00803217732325	-0,00803217732325	-0,00803217732325
137700	0,007670960361	0,007670960361	0,007670960361	0,007670960361	0,0076812712701	0,0076812712701	0,0076812712701	0,00769689595862	0,00769689595862	0,00769689595862	0,00769689595862	0,00769689595862	0,00769689595862	0,00770124824171	0,00770124824171	0,00770124824171	0,00770124824171
138600	0,00333226914276	0,00333226914276	0,00333226914276	0,00333226914276	0,00333516550224	0,00333516550224	0,00333516550224	0,00331845029496	0,00331845029496	0,00331845029496	0,00331845029496	0,00331845029496	0,00331845029496	0,00331177732761	0,00331177732761	0,00331177732761	0,00331177732761
139500	-0,0269170091415	-0,0269170091415	-0,0269170091415	-0,0269170091415	-0,0270019260255	-0,0270019260255	-0,0270019260255	-0,0272103978634	-0,0272103978634	-0,0272103978634	-0,0272103978634	-0,0272103978634	-0,0272103978634	-0,0271370628535	-0,0271370628535	-0,0271370628535	-0,0271370628535
140400	-0,0186388188982	-0,0186388188982	-0,0186388188982	-0,0186388188982	-0,0187970540763	-0,0187970540763	-0,0187970540763	-0,0188738401013	-0,0188738401013	-0,0188738401013	-0,0188738401013	-0,0188738401013	-0,0188738401013	-0,0189254289142	-0,0189254289142	-0,0189254289142	-0,0189254289142
141300	0,0583535658446	0,0583535658446	0,0583535658446	0,0583535658446	0,0576667675181	0,0576667675181	0,0576667675181	0,0553806271375	0,0553806271375	0,0553806271375	0,0553806271375	0,0553806271375	0,0553806271375	0,0551424683693	0,0551424683693	0,0551424683693	0,0551424683693
142200	-0,0638203118691	-0,0638203118691	-0,0638203118691	-0,0638203118691	-0,0610059104089	-0,0610059104089	-0,0610059104089	-0,0471627531366	-0,0471627531366	-0,0471627531366	-0,0471627531366	-0,0471627531366	-0,0471627531366	-0,0441332025256	-0,0441332025256	-0,0441332025256	-0,0441332025256
143100	0,0138186135059	0,0138186135059	0,0138186135059	0,0138186135059	0,0137178961555	0,0137178961555	0,0137178961555	0,0130737727086	0,0130737727086	0,0130737727086	0,0130737727086	0,0130737727086	0,0130737727086	0,0128813468314	0,0128813468314	0,0128813468314	0,0128813468314
144000	0,011768922987	0,011768922987	0,011768922987	0,011768922987	0,0117320964034	0,0117320964034	0,0117320964034	0,0115980180678	0,0115980180678	0,0115980180678	0,0115980180678	0,0115980180678	0,0115980180678	0,011623707916	0,011623707916	0,011623707916	0,011623707916
144900	-0,00056202617488	-0,00056202617488	-0,00056202617488	-0,00056202617488	-0,000563939752334	-0,000563939752334	-0,000563939752334	-0,000553742058988	-0,000553742058988	-0,000553742058988	-0,000553742058988	-0,000553742058988	-0,000553742058988	-0,00057381909266	-0,00057381909266	-0,00057381909266	-0,00057381909266
145800	-0,00203922720951	-0,00203922720951	-0,00203922720951	-0,00203922720951	-0,00202737889049	-0,00202737889049	-0,00202737889049	-0,00209069378677	-0,00209069378677	-0,00209069378677	-0,00209069378677	-0,00209069378677	-0,00209069378677	-0,00211017735271	-0,00211017735271	-0,00211017735271	-0,00211017735271
146700	0,00398141781446	0,00398141781446	0,00398141781446	0,00398141781446	0,00397886350725	0,00397886350725	0,00397886350725	0,00399250125549	0,00399250125549	0,00399250125549	0,00399250125549	0,00399250125549	0,00399250125549	0,00399046295761	0,00399046295761	0,00399046295761	0,00399046295761
147600	-2,41084422119e-05	-2,41084422119e-05	-2,41084422119e-05	-2,41084422119e-05	-1,51599528125e-05	-1,51599528125e-05	-1,51599528125e-05	-6,30484610365e-05	-6,30484610365e-05	-6,30484610365e-05	-6,30484610365e-05	-6,30484610365e-05	-6,30484610365e-05	-9,61504094173e-05	-9,61504094173e-05	-9,61504094173e-05	-9,61504094173e-05
148500	0,00239098370754	0,00239098370754	0,00239098370754	0,00239098370754	0,00240372646146	0,00240372646146	0,00240372646146	0,00234279700414	0,00234279700414	0,00234279700414	0,00234279700414	0,00234279700414	0,00234279700414	0,00232733908854	0,00232733908854	0,00232733908854	0,00232733908854
149400	0,00281263756557	0,00281263756557	0,00281263756557	0,00281263756557	0,00284742198076	0,00284742198076	0,00284742198076	0,00265983964784	0,00265983964784	0,00265983964784	0,00265983964784	0,00265983964784	0,00265983964784	0,00261125523678	0,00261125523678	0,00261125523678	0,00261125523678
150300	-0,00258695643399	-0,00258695643399	-0,00258695643399	-0,00258695643399	-0,00261059543121	-0,00261059543121	-0,00261059543121	-0,00248444299802	-0,00248444299802	-0,00248444299802	-0,00248444299802	-0,00248444299802	-0,00248444299802	-0,00244915137976	-0,00244915137976	-0,00244915137976	-0,00244915137976
151200	0,00239567566254	0,00239567566254	0,00239567566254	0,00239567566254	0,00240765431055	0,00240765431055	0,00240765431055	0,00234398998501	0,00234398998501	0,00234398998501	0,00234398998501	0,00234398998501	0,00234398998501	0,00235132527977	0,00235132527977	0,00235132527977	0,00235132527977
152100	-0,000134189449938	-0,000134189449938	-0,000134189449938	-0,000134189449938	-0,000144238990258	-0,000144238990258	-0,000144238990258	-8,99596926184e-05	-8,99596926184e-05	-8,99596926184e-05	-8,99596926184e-05	-8,99596926184e-05	-8,99596926184e-05	-0,000104569697188	-0,000104569697188	-0,000104569697188	-0,000104569697188
153000	0,000134831494129	0,000134831494129	0,000134831494129	0,000134831494129	9,94255427562e-05	9,94255427562e-05	9,94255427562e-05	0,000289347268227	0,000289347268227	0,000289347268227	0,000289347268227	0,000289347268227	0,000289347268227	0,000363407480131	0,000363407480131	0,000363407480131	0,000363407480131
153900	0,00121133321069	0,00121133321069	0,00121133321069	0,00121133321069	0,00120717011134	0,00120717011134	0,00120717011134	0,00123028259434	0,00123028259434	0,00123028259434	0,00123028259434	0,00123028259434	0,00123028259434	0,00124400094248	0,00124400094248	0,00124400094248	0,00124400094248
154800	0,000414455173065	0,000414455173065	0,000414455173065	0,000414455173065	0,000404995550478	0,000404995550478	0,000404995550478	0,000455867484061	0,000455867484061	0,000455867484061	0,000455867484061	0,000455867484061	0,000455867484061	0,000483959352483	0,000483959352483	0,000483959352483	0,000483959352483
155700	-0,000273309128111	-0,000273309128111	-0,000273309128111	-0,000273309128111	-0,000267611838205	-0,000267611838205	-0,000267611838205	-0,000298276656629	-0,000298276656629	-0,000298276656629	-0,000298276656629	-0,000298276656629	-0,000298276656629	-0,000300610015132	-0,000300610015132	-0,000300610015132	-0,000300610015132
156600	-0,00120608295824	-0,00120608295824	-0,00120608295824	-0,00120608295824	-0,0012171139263	-0,0012171139263	-0,0012171139263	-0,00115903978928	-0,00115903978928	-0,00115903978928	-0,00115903978928	-0,00115903978928	-0,00115903978928	-0,00114159835964	-0,00114159835964	-0,00114159835964	-0,00114159835964
157500	0,00135323659224	0,00135323659224	0,00135323659224	0,00135323659224	0,0013772678348	0,0013772678348	0,0013772678348	0,00124891473571	0,00124891473571	0,00124891473571	0,00124891473571	0,00124891473571	0,00124891473571	0,00115749411888	0,00115749411888	0,00115749411888	0,00115749411888
158400	-0,000989021751675	-0,000989021751675	-0,000989021751675	-0,000989021751675	-0,000986849198748	-0,000986849198748	-0,000986849198748	-0,000999295458187	-0,000999295458187	-0,000999295458187	-0,000999295458187	-0,000999295458187	-0,000999295458187	-0,00101678238465	-0,00101678238465	-0,00101678238465	-0,00101678238465
159300	-0,000672237972188	-0,000672237972188	-0,000672237972188	-0,000672237972188	-0,000666518039782	-0,000666518039782	-0,000666518039782	-0,000697695704472	-0,000697695704472	-0,000697695704472	-0,000697695704472	-0,000697695704472	-0,000697695704472	-0,000685274402932	-0,000685274402932	-0,000685274402932	-0,000685274402932
160200	-0,00386544446679	-0,00386544446679	-0,00386544446679	-0,00386544446679	-0,00387026845438	-0,00387026845438	-0,00387026845438	-0,00384678114866	-0,00384678114866	-0,00384678114866	-0,00384678114866	-0,00384678114866	-0,00384678114866	-0,00381396370332	-0,00381396370332	-0,00381396370332	-0,00381396370332
161100	0,000280949007988	0,000280949007988	0,000280949007988	0,000280949007988	0,000268705168139	0,000268705168139	0,000268705168139	0,000334452233272	0,000334452233272	0,000334452233272	0,000334452233272	0,000334452233272	0,000334452233272	0,000351836173266	0,000351836173266	0,000351836173266	0,000351836173266
162000	-0,0011737594317	-0,0011737594317	-0,0011737594317	-0,0011737594317	-0,00117897449121	-0,00117897449121	-0,00117897449121	-0,00116053491915	-0,00116053491915	-0,00116053491915	-0,00116053491915	-0,00116053491915	-0,00116053491915	-0,00116847572339	-0,00116847572339	-0,00116847572339	-0,00116847572339
162900	0,000497486511539	0,000497486511539	0,000497486511539	0,000497486511539	0,000496023871549	0,000496023871549	0,000496023871549	0,000512100598594	0,000512100598594	0,000512100598594	0,000512100598594	0,000512100598594	0,000512100598594	0,000514758265165	0,000514758265165	0,000514758265165	0,000514758265165
163800	-0,000342398714806	-0,000342398714806	-0,000342398714806	-0,000342398714806	-0,000330111699696	-0,000330111699696	-0,000330111699696	-0,000396194476989	-0,000396194476989	-0,000396194476989	-0,000396194476989	-0,000396194476989	-0,000396194476989	-0,000397136367696	-0,000397136367696	-0,000397136367696	-0,000397136367696
164700	-0,00183825273583	-0,00183825273583	-0,00183825273583	-0,00183825273583	-0,00183071968508	-0,00183071968508	-0,00183071968508	-0,00188048213336	-0,00188048213336	-0,00188048213336	-0,00188048213336	-0,00188048213336	-0,00188048213336	-0,0019082893555	-0,0019082893555	-0,0019082893555	-0,0019082893555
165600	-0,000373525618742	-0,000373525618742	-0,000373525618742	-0,000373525618742	-0,000373279717177	-0,000373279717177	-0,000373279717177	-0,000374601164065	-0,000374601164065	-0,000374601164065	-0,000374601164065	-0,000374601164065	-0,000374601164065	-0,000379260592259	-0,000379260592259	-0,000379260592259	-0,000379260592259
166500	8,08782638254e-05	8,08782638254e-05	8,08782638254e-05	8,08782638254e-05	7,46202290152e-05	7,46202290152e-05	7,46202290152e-05	0,000108194804327	0,000108194804327	0,000108194804327	0,000108194804327	0,000108194804327	0,000108194804327	0,000110713949641	0,000110713949641	0,000110713949641	0,000110713949641
167400	-0,00145002541473	-0,00145002541473	-0,00145002541473	-0,00145002541473	-0,00144908157996	-0,00144908157996	-0,00144908157996	-0,00145414643832	-0,00145414643832	-0,00145414643832	-0,00145414643832	-0,00145414643832	-0,00145414643832	-0,00144005348262	-0,00144005348262	-0,00144005348262	-0,00144005348262
168300	-0,0016477814971	-0,0016477814971	-0,0016477814971	-0,0016477814971	-0,00164811292849	-0,00164811292849	-0,00164811292849	-0,00164633452355	-0,00164633452355	-0,00164633452355	-0,00164633452355	-0,00164633452355	-0,00164633452355	-0,00164824455066	-0,00164824455066	-0,00164824455066	-0,00164824455066
169200	0,000659971915561	0,000659971915561	0,000659971915561	0,000659971915561	0,000667212704412	0,000667212704412	0,000667212704412	0,000628282934388	0,000628282934388	0,000628282934388	0,000628282934388	0,000628282934388	0,000628282934388	0,000606780089118	0,000606780089118	0,000606780089118	0,000606780089118
170100	-0,000111427232806	-0,000111427232806	-0,000111427232806	-0,000111427232806	-0,000109511833559	-0,000109511833559	-0,000109511833559	-0,00011981503826	-0,00011981503826	-0,00011981503826	-0,00011981503826	-0,00011981503826	-0,00011981503826	-0,000122419066689	-0,000122419066689	-0,000122419066689	-0,000122419066689
171000	-0,00296636784868	-0,00296636784868	-0,00296636784868	-0,00296636784868	-0,00298324000309	-0,00298324000309	-0,00298324000309	-0,00289282226673	-0,00289282226673	-0,00289282226673	-0,00289282226673	-0,00289282226673	-0,00289282226673	-0,00286864255926	-0,00286864255926	-0,00286864255926	-0,00286864255926
171900	3,71358687517e-05	3,71358687517e-05	3,71358687517e-05	3,71358687517e-05	2,72122772706e-05	2,72122772706e-05	2,72122772706e-05	8,02548298044e-05	8,02548298044e-05	8,02548298044e-05	8,02548298044e-05	8,02548298044e-05	8,02548298044e-05	9,19702272299e-05	9,19702272299e-05	9,19702272299e-05	9,19702272299e-05
172800	-0,000240361741797	-0,000240361741797	-0,000240361741797	-0,000240361741797	-0,000237260191278	-0,000237260191278	-0,000237260191278	-0,000253851504919	-0,000253851504919	-0,000253851504919	-0,000253851504919	-0,000253851504919	-0,000253851504919	-0,000243956062934	-0,000243956062934	-0,000243956062934	-0,000243956062934
173700	-0,00257814268223	-0,00257814268223	-0,00257814268223	-0,00257814268223	-0,002574156069	-0,002574156069	-0,002574156069	-0,00259550113818	-0,00259550113818	-0,00259550113818	-0,00259550113818	-0,00259550113818	-0,00259550113818	-0,00257525383693	-0,00257525383693	-0,00257525383693	-0,00257525383693
174600	0,00140245671576	0,00140245671576	0,00140245671576	0,00140245671576	0,00140233714142	0,00140233714142	0,00140233714142	0,00140297734286	0,00140297734286	0,00140297734286	0,00140297734286	0,00140297734286	0,00140297734286	0,00138622571117	0,00138622571117	0,00138622571117	0,00138622571117
175500	-0,00393676330764	-0,00393676330764	-0,00393676330764	-0,00393676330764	-0,00394251009405	-0,00394251009405	-0,00394251009405	-0,00391177908998	-0,00391177908998	-0,00391177908998	-0,00391177908998	-0,00391177908998	-0,00391177908998	-0,0039326040383	-0,0039326040383	-0,0039326040383	-0,0039326040383
176400	-0,00249583332208	-0,00249583332208	-0,00249583332208	-0,00249583332208	-0,00246923284925	-0,00246923284925	-0,00246923284925	-0,00261234405069	-0,00261234405069	-0,00261234405069	-0,00261234405069	-0,00261234405069	-0,00261234405069	-0,00264946780721	-0,00264946780721	-0,00264946780721	-0,00264946780721
177300	-0,000188330232902	-0,000188330232902	-0,000188330232902	-0,000188330232902	-0,000220368013361	-0,000220368013361	-0,000220368013361	-4,94244529541e-05	-4,94244529541e-05	-4,94244529541e-05	-4,94244529541e-05	-4,94244529541e-05	-4,94244529541e-05	-1,8685215377e-05	-1,8685215377e-05	-1,8685215377e-05	-1,8685215377e-05
178200	-0,00134461530119	-0,00134461530119	-0,00134461530119	-0,00134461530119	-0,00133353901824	-0,00133353901824	-0,00133353901824	-0,00139279668964	-0,00139279668964	-0,00139279668964	-0,00139279668964	-0,00139279668964	-0,00139279668964	-0,00137172611398	-0,00137172611398	-0,00137172611398	-0,00137172611398
179100	0,00228867809839	0,00228867809839	0,00228867809839	0,00228867809839	0,002288093338	0,002288093338	0,002288093338	0,00229122122936	0,00229122122936	0,00229122122936	0,00229122122936	0,00229122122936	0,00229122122936	0,00228470343366	0,00228470343366	0,00228470343366	0,00228470343366
180000	-0,00321290581187	-0,00321290581187	-0,00321290581187	-0,00321290581187	-0,00321120020394	-0,00321120020394	-0,00321120020394	-0,00322032693003	-0,00322032693003	-0,00322032693003	-0,00322032693003	-0,00322032693003	-0,00322032693003	-0,00321832705262	-0,00321832705262	-0,00321832705262	-0,00321832705262
180900	-0,00296833008163	-0,00296833008163	-0,00296833008163	-0,00296833008163	-0,00294797670234	-0,00294797670234	-0,00294797670234	-0,00305738180127	-0,00305738180127	-0,00305738180127	-0,00305738180127	-0,00305738180127	-0,00305738180127	-0,00312581016129	-0,00312581016129	-0,00312581016129	-0,00312581016129
181800	-0,00050142141751	-0,00050142141751	-0,00050142141751	-0,00050142141751	-0,000497911422694	-0,000497911422694	-0,000497911422694	-0,000516795520934	-0,000516795520934	-0,000516795520934	-0,000516795520934	-0,000516795520934	-0,000516795520934	-0,000496619381992	-0,000496619381992	-0,000496619381992	-0,000496619381992
182700	-7,02230320465e-06	-7,02230320465e-06	-7,02230320465e-06	-7,02230320465e-06	-2,60363605074e-05	-2,60363605074e-05	-2,60363605074e-05	7,57531854527e-05	7,57531854527e-05	7,57531854527e-05	7,57531854527e-05	7,57531854527e-05	7,57531854527e-05	0,000103688441134	0,000103688441134	0,000103688441134	0,000103688441134
183600	0,000413732246313	0,000413732246313	0,000413732246313	0,000413732246313	0,000421308494073	0,000421308494073	0,000421308494073	0,000380667420218	0,000380667420218	0,000380667420218	0,000380667420218	0,000380667420218	0,000380667420218	0,000389932612645	0,000389932612645	0,000389932612645	0,000389932612645
184500	-0,00147035559689	-0,00147035559689	-0,00147035559689	-0,00147035559689	-0,00147989548229	-0,00147989548229	-0,00147989548229	-0,00142883806073	-0,00142883806073	-0,00142883806073	-0,00142883806073	-0,00142883806073	-0,00142883806073	-0,00142237057303	-0,00142237057303	-0,00142237057303	-0,00142237057303
185400	0,0016373816042	0,0016373816042	0,0016373816042	0,0016373816042	0,00164921240659	0,00164921240659	0,00164921240659	0,00158567617305	0,00158567617305	0,00158567617305	0,00158567617305	0,00158567617305	0,00158567617305	0,00153410561801	0,00153410561801	0,00153410561801	0,00153410561801
186300	-0,0035548894616	-0,0035548894616	-0,0035548894616	-0,0035548894616	-0,00355439578969	-0,00355439578969	-0,00355439578969	-0,00355704729205	-0,00355704729205	-0,00355704729205	-0,00355704729205	-0,00355704729205	-0,00355704729205	-0,00351723890931	-0,00351723890931	-0,00351723890931	-0,00351723890931
187200	0,00121884363484	0,00121884363484	0,00121884363484	0,00121884363484	0,00121695708145	0,00121695708145	0,00121695708145	0,00122708431836	0,00122708431836	0,00122708431836	0,00122708431836	0,00122708431836	0,00122708431836	0,00123130468811	0,00123130468811	0,00123130468811	0,00123130468811
188100	-0,000594409339199	-0,000594409339199	-0,000594409339199	-0,000594409339199	-0,000597932545586	-0,000597932545586	-0,000597932545586	-0,000579036410144	-0,000579036410144	-0,000579036410144	-0,000579036410144	-0,000579036410144	-0,000579036410144	-0,000576557626283	-0,000576557626283	-0,000576557626283	-0,000576557626283
189000	0,00012692897292	0,00012692897292	0,00012692897292	0,00012692897292	0,000122990024519	0,000122990024519	0,000122990024519	0,000144093999003	0,000144093999003	0,000144093999003	0,000144093999003	0,000144093999003	0,000144093999003	0,000121013590848	0,000121013590848	0,000121013590848	0,000121013590848
189900	-0,000472613234861	-0,000472613234861	-0,000472613234861	-0,000472613234861	-0,000475539083557	-0,000475539083557	-0,000475539083557	-0,00045987471394	-0,00045987471394	-0,00045987471394	-0,00045987471394	-0,00045987471394	-0,00045987471394	-0,000442243566278	-0,000442243566278	-0,000442243566278	-0,000442243566278
190800	-2,92326243111e-05	-2,92326243111e-05	-2,92326243111e-05	-2,92326243111e-05	-1,77587954517e-05	-1,77587954517e-05	-1,77587954517e-05	-7,93717012549e-05	-7,93717012549e-05	-7,93717012549e-05	-7,93717012549e-05	-7,93717012549e-05	-7,93717012549e-05	-8,69854608362e-05	-8,69854608362e-05	-8,69854608362e-05	-8,69854608362e-05
191700	0,00175068655609	0,00175068655609	0,00175068655609	0,00175068655609	0,00175656942943	0,00175656942943	0,00175656942943	0,00172492463637	0,00172492463637	0,00172492463637	0,00172492463637	0,00172492463637	0,00172492463637	0,00171295623751	0,00171295623751	0,00171295623751	0,00171295623751
192600	0,00175100272925	0,00175100272925	0,00175100272925	0,00175100272925	0,00174381546939	0,00174381546939	0,00174381546939	0,00178239536933	0,00178239536933	0,00178239536933	0,00178239536933	0,00178239536933	0,00178239536933	0,00182227160058	0,00182227160058	0,00182227160058	0,00182227160058
193500	-0,00206247500795	-0,00206247500795	-0,00206247500795	-0,00206247500795	-0,00206291998607	-0,00206291998607	-0,00206291998607	-0,00206053167252	-0,00206053167252	-0,00206053167252	-0,00206053167252	-0,00206053167252	-0,00206053167252	-0,00210510245572	-0,00210510245572	-0,00210510245572	-0,00210510245572
194400	0,00111500344535	0,00111500344535	0,00111500344535	0,00111500344535	0,0011103001285	0,0011103001285	0,0011103001285	0,00113551076778	0,00113551076778	0,00113551076778	0,00113551076778	0,00113551076778	0,00113551076778	0,00113896058761	0,00113896058761	0,00113896058761	0,00113896058761
195300	0,000949349849483	0,000949349849483	0,000949349849483	0,000949349849483	0,000961011247055	0,000961011247055	0,000961011247055	0,000898301001907	0,000898301001907	0,000898301001907	0,000898301001907	0,000898301001907	0,000898301001907	0,000890850371078	0,000890850371078	0,000890850371078	0,000890850371078
196200	0,00136903094601	0,00136903094601	0,00136903094601	0,00136903094601	0,00136457326436	0,00136457326436	0,00136457326436	0,00138851432942	0,00138851432942	0,00138851432942	0,00138851432942	0,00138851432942	0,00138851432942	0,0014041275439	0,0014041275439	0,0014041275439	0,0014041275439
197100	0,000819430759785	0,000819430759785	0,000819430759785	0,000819430759785	0,000819293773053	0,000819293773053	0,000819293773053	0,000820029465866	0,000820029465866	0,000820029465866	0,000820029465866	0,000820029465866	0,000820029465866	0,00082381390477	0,00082381390477	0,00082381390477	0,00082381390477
198000	0,000601680328049	0,000601680328049	0,000601680328049	0,000601680328049	0,000599768785605	0,000599768785605	0,000599768785605	0,000610029466685	0,000610029466685	0,000610029466685	0,000610029466685	0,000610029466685	0,000610029466685	0,00058782861899	0,00058782861899	0,00058782861899	0,00058782861899
198900	0,00046108930929	0,00046108930929	0,00046108930929	0,00046108930929	0,000451289979851	0,000451289979851	0,000451289979851	0,000503751851158	0,000503751851158	0,000503751851158	0,000503751851158	0,000503751851158	0,000503751851158	0,000500284045911	0,000500284045911	0,000500284045911	0,000500284045911
199800	0,000555067670924	0,000555067670924	0,000555067670924	0,000555067670924	0,000550373151031	0,000550373151031	0,000550373151031	0,000575473987502	0,000575473987502	0,000575473987502	0,000575473987502	0,000575473987502	0,000575473987502	0,000638680946285	0,000638680946285	0,000638680946285	0,000638680946285
200700	0,00346016434817	0,00346016434817	0,00346016434817	0,00346016434817	0,00346048547811	0,00346048547811	0,00346048547811	0,00345876826692	0,00345876826692	0,00345876826692	0,00345876826692	0,00345876826692	0,00345876826692	0,00347075235252	0,00347075235252	0,00347075235252	0,00347075235252
201600	0,00437188816499	0,00437188816499	0,00437188816499	0,00437188816499	0,00439456656829	0,00439456656829	0,00439456656829	0,00427231384615	0,00427231384615	0,00427231384615	0,00427231384615	0,00427231384615	0,00427231384615	0,0042174043064	0,0042174043064	0,0042174043064	0,0042174043064
202500	-0,00246193590927	-0,00246193590927	-0,00246193590927	-0,00246193590927	-0,00249287956561	-0,00249287956561	-0,00249287956561	-0,00232724579792	-0,00232724579792	-0,00232724579792	-0,00232724579792	-0,00232724579792	-0,00232724579792	-0,00225468735704	-0,00225468735704	-0,00225468735704	-0,00225468735704
203400	0,00445063305368	0,00445063305368	0,00445063305368	0,00445063305368	0,00445647567252	0,00445647567252	0,00445647567252	0,00442513629965	0,00442513629965	0,00442513629965	0,00442513629965	0,00442513629965	0,00442513629965	0,00439317524716	0,00439317524716	0,00439317524716	0,00439317524716
204300	0,000936356633935	0,000936356633935	0,000936356633935	0,000936356633935	0,000920491689104	0,000920491689104	0,000920491689104	0,00100521754697	0,00100521754697	0,00100521754697	0,00100521754697	0,00100521754697	0,00100521754697	0,00102719865881	0,00102719865881	0,00102719865881	0,00102719865881
205200	0,00364836451268	0,00364836451268	0,00364836451268	0,00364836451268	0,00365226036927	0,00365226036927	0,00365226036927	0,00363934816646	0,00363934816646	0,00363934816646	0,00363934816646	0,00363934816646	0,00363934816646	0,00362563701828	0,00362563701828	0,00362563701828	0,00362563701828
206100	-0,000137826225357	-0,000137826225357	-0,000137826225357	-0,000137826225357	-0,00010578307658	-0,00010578307658	-0,00010578307658	-0,000278699163624	-0,000278699163624	-0,000278699163624	-0,000278699163624	-0,000278699163624	-0,000278699163624	-0,000273014232151	-0,000273014232151	-0,000273014232151	-0,000273014232151
207000	-0,0126293407219	-0,0126293407219	-0,0126293407219	-0,0126293407219	-0,0126596097624	-0,0126596097624	-0,0126596097624	-0,012000044217	-0,012000044217	-0,012000044217	-0,012000044217	-0,012000044217	-0,012000044217	-0,0118779596765	-0,0118779596765	-0,0118779596765	-0,0118779596765
207900	0,000364052941655	0,000364052941655	0,000364052941655	0,000364052941655	0,000435871424308	0,000435871424308	0,000435871424308	0,000216370020476	0,000216370020476	0,000216370020476	0,000216370020476	0,000216370020476	0,000216370020476	0,000199616104921	0,000199616104921	0,000199616104921	0,000199616104921
208800	0,448668408844	0,448668408844	0,448668408844	0,448668408844	0,518131122513	0,518131122513	0,518131122513	1,77591304564	1,77591304564	1,77591304564	1,77591304564	1,77591304564	1,77591304564	15,5908416782	15,5908416782	15,5908416782	15,5908416782
209700	0,0159524877479	0,0159524877479	0,0159524877479	0,0159524877479	0,0160394362938	0,0160394362938	0,0160394362938	0,0164836628485	0,0164836628485	0,0164836628485	0,0164836628485	0,0164836628485	0,0164836628485	0,016645925993	0,016645925993	0,016645925993	0,016645925993
210600	-1,23892047566	-1,23892047566	-1,23892047566	-1,23892047566	-2,09487461652	-2,09487461652	-2,09487461652	0,742787353747	0,742787353747	0,742787353747	0,742787353747	0,742787353747	0,742787353747	0,636149439757	0,636149439757	0,636149439757	0,636149439757
211500	0,0165585245855	0,0165585245855	0,0165585245855	0,0165585245855	0,0166027180549	0,0166027180549	0,0166027180549	0,0168503746544	0,0168503746544	0,0168503746544	0,0168503746544	0,0168503746544	0,0168503746544	0,0168820012591	0,0168820012591	0,0168820012591	0,0168820012591
212400	-0,0656148937307	-0,0656148937307	-0,0656148937307	-0,0656148937307	-0,0670596712028	-0,0670596712028	-0,0670596712028	-0,0682664062796	-0,0682664062796	-0,0682664062796	-0,0682664062796	-0,0682664062796	-0,0682664062796	-0,0689013071258	-0,0689013071258	-0,0689013071258	-0,0689013071258
213300	0,0131135875702	0,0131135875702	0,0131135875702	0,0131135875702	0,0131847153479	0,0131847153479	0,0131847153479	0,0131952107581	0,0131952107581	0,0131952107581	0,0131952107581	0,0131952107581	0,0131952107581	0,0132033678985	0,0132033678985	0,0132033678985	0,0132033678985
214200	0,00575361929297	0,00575361929297	0,00575361929297	0,00575361929297	0,00576404672809	0,00576404672809	0,00576404672809	0,00577640198275	0,00577640198275	0,00577640198275	0,00577640198275	0,00577640198275	0,00577640198275	0,00576858139309	0,00576858139309	0,00576858139309	0,00576858139309
215100	-0,0349645177602	-0,0349645177602	-0,0349645177602	-0,0349645177602	-0,0353759273393	-0,0353759273393	-0,0353759273393	-0,0359361536917	-0,0359361536917	-0,0359361536917	-0,0359361536917	-0,0359361536917	-0,0359361536917	-0,0363330106248	-0,0363330106248	-0,0363330106248	-0,0363330106248
216000	0,00981509252209	0,00981509252209	0,00981509252209	0,00981509252209	0,00987411856503	0,00987411856503	0,00987411856503	0,00987924416262	0,00987924416262	0,00987924416262	0,00987924416262	0,00987924416262	0,00987924416262	0,00989917270764	0,00989917270764	0,00989917270764	0,00989917270764
216900	0,00538743962411	0,00538743962411	0,00538743962411	0,00538743962411	0,00538544506629	0,00538544506629	0,00538544506629	0,00545321470825	0,00545321470825	0,00545321470825	0,00545321470825	0,00545321470825	0,00545321470825	0,00549549691698	0,00549549691698	0,00549549691698	0,00549549691698
217800	-0,0527532963006	-0,0527532963006	-0,0527532963006	-0,0527532963006	-0,0531667683676	-0,0531667683676	-0,0531667683676	-0,054936429197	-0,054936429197	-0,054936429197	-0,054936429197	-0,054936429197	-0,054936429197	-0,0548305185679	-0,0548305185679	-0,0548305185679	-0,0548305185679
218700	0,0100439557627	0,0100439557627	0,0100439557627	0,0100439557627	0,0100665348999	0,0100665348999	0,0100665348999	0,0102554383962	0,0102554383962	0,0102554383962	0,0102554383962	0,0102554383962	0,0102554383962	0,0102522930879	0,0102522930879	0,0102522930879	0,0102522930879
219600	0,00788577107771	0,00788577107771	0,00788577107771	0,00788577107771	0,00790486055104	0,00790486055104	0,00790486055104	0,00789611552738	0,00789611552738	0,00789611552738	0,00789611552738	0,00789611552738	0,00789611552738	0,00789013866473	0,00789013866473	0,00789013866473	0,00789013866473
220500	0,00351881873897	0,00351881873897	0,00351881873897	0,00351881873897	0,00350467100327	0,00350467100327	0,00350467100327	0,00361090937741	0,00361090937741	0,00361090937741	0,00361090937741	0,00361090937741	0,00361090937741	0,00364212489479	0,00364212489479	0,00364212489479	0,00364212489479
221400	0,00195017361615	0,00195017361615	0,00195017361615	0,00195017361615	0,0019582793263	0,0019582793263	0,0019582793263	0,00195648436999	0,00195648436999	0,00195648436999	0,00195648436999	0,00195648436999	0,00195648436999	0,00195939903106	0,00195939903106	0,00195939903106	0,00195939903106
222300	-0,0802079679198	-0,0802079679198	-0,0802079679198	-0,0802079679198	-0,0811557007196	-0,0811557007196	-0,0811557007196	-0,0808806961976	-0,0808806961976	-0,0808806961976	-0,0808806961976	-0,0808806961976	-0,0808806961976	-0,0810547893979	-0,0810547893979	-0,0810547893979	-0,0810547893979
223200	0,0325446438069	0,0325446438069	0,0325446438069	0,0325446438069	0,0321750887674	0,0321750887674	0,0321750887674	0,0321621663413	0,0321621663413	0,0321621663413	0,0321621663413	0,0321621663413	0,0321621663413	0,032032444462	0,032032444462	0,032032444462	0,032032444462
224100	0,0457568390966	0,0457568390966	0,0457568390966	0,0457568390966	0,0465749469056	0,0465749469056	0,0465749469056	0,0476199369954	0,0476199369954	0,0476199369954	0,0476199369954	0,0476199369954	0,0476199369954	0,0476929495187	0,0476929495187	0,0476929495187	0,0476929495187
225000	0,0033280617776	0,0033280617776	0,0033280617776	0,0033280617776	0,00347790746948	0,00347790746948	0,00347790746948	0,00312972949703	0,00312972949703	0,00312972949703	0,00312972949703	0,00312972949703	0,00312972949703	0,00286473597349	0,00286473597349	0,00286473597349	0,00286473597349
225900	-0,0863856307012	-0,0863856307012	-0,0863856307012	-0,0863856307012	-0,0900333606242	-0,0900333606242	-0,0900333606242	-0,117169802712	-0,117169802712	-0,117169802712	-0,117169802712	-0,117169802712	-0,117169802712	-0,116695937676	-0,116695937676	-0,116695937676	-0,116695937676
226800	0,0183352352088	0,0183352352088	0,0183352352088	0,0183352352088	0,0182624219385	0,0182624219385	0,0182624219385	0,0178497055334	0,0178497055334	0,0178497055334	0,0178497055334	0,0178497055334	0,0178497055334	0,0178377215973	0,0178377215973	0,0178377215973	0,0178377215973
227700	-0,0118006410525	-0,0118006410525	-0,0118006410525	-0,0118006410525	-0,0116722032149	-0,0116722032149	-0,0116722032149	-0,0118038281848	-0,0118038281848	-0,0118038281848	-0,0118038281848	-0,0118038281848	-0,0118038281848	-0,0119360742104	-0,0119360742104	-0,0119360742104	-0,0119360742104
228600	0,00284469610658	0,00284469610658	0,00284469610658	0,00284469610658	0,00278513359784	0,00278513359784	0,00278513359784	0,00293081020538	0,00293081020538	0,00293081020538	0,00293081020538	0,00293081020538	0,00293081020538	0,00303073893847	0,00303073893847	0,00303073893847	0,00303073893847
229500	0,00622704480783	0,00622704480783	0,00622704480783	0,00622704480783	0,00620619556067	0,00620619556067	0,00620619556067	0,00615313286991	0,00615313286991	0,00615313286991	0,00615313286991	0,00615313286991	0,00615313286991	0,00616865706949	0,00616865706949	0,00616865706949	0,00616865706949
230400	0,00414489015957	0,00414489015957	0,00414489015957	0,00414489015957	0,00414338572002	0,00414338572002	0,00414338572002	0,0041012117453	0,0041012117453	0,0041012117453	0,0041012117453	0,0041012117453	0,0041012117453	0,00411289136597	0,00411289136597	0,00411289136597	0,00411289136597
231300	-0,00403043057392	-0,00403043057392	-0,00403043057392	-0,00403043057392	-0,00404276344439	-0,00404276344439	-0,00404276344439	-0,00398843369881	-0,00398843369881	-0,00398843369881	-0,00398843369881	-0,00398843369881	-0,00398843369881	-0,00397468151144	-0,00397468151144	-0,00397468151144	-0,00397468151144
232200	0,00239939998999	0,00239939998999	0,00239939998999	0,00239939998999	0,00240127028428	0,00240127028428	0,00240127028428	0,00239880368613	0,00239880368613	0,00239880368613	0,00239880368613	0,00239880368613	0,00239880368613	0,0024008638826	0,0024008638826	0,0024008638826	0,0024008638826
233100	0,00174069015907	0,00174069015907	0,00174069015907	0,00174069015907	0,00175858060069	0,00175858060069	0,00175858060069	0,00166334378761	0,00166334378761	0,00166334378761	0,00166334378761	0,00166334378761	0,00166334378761	0,00163555274881	0,00163555274881	0,00163555274881	0,00163555274881
234000	-0,00311184555581	-0,00311184555581	-0,00311184555581	-0,00311184555581	-0,00311241508296	-0,00311241508296	-0,00311241508296	-0,0031209366891	-0,0031209366891	-0,0031209366891	-0,0031209366891	-0,0031209366891	-0,0031209366891	-0,0031016905813	-0,0031016905813	-0,0031016905813	-0,0031016905813
234900	0,00229150997553	0,00229150997553	0,00229150997553	0,00229150997553	0,00231128651052	0,00231128651052	0,00231128651052	0,00221263116003	0,00221263116003	0,00221263116003	0,00221263116003	0,00221263116003	0,00221263116003	0,00218377000733	0,00218377000733	0,00218377000733	0,00218377000733
235800	0,00114468775001	0,00114468775001	0,00114468775001	0,00114468775001	0,00115166554417	0,00115166554417	0,00115166554417	0,00111445298424	0,00111445298424	0,00111445298424	0,00111445298424	0,00111445298424	0,00111445298424	0,0010643234361	0,0010643234361	0,0010643234361	0,0010643234361
236700	-0,00161706966734	-0,00161706966734	-0,00161706966734	-0,00161706966734	-0,00163078031631	-0,00163078031631	-0,00163078031631	-0,00155768490584	-0,00155768490584	-0,00155768490584	-0,00155768490584	-0,00155768490584	-0,00155768490584	-0,00150937233633	-0,00150937233633	-0,00150937233633	-0,00150937233633
237600	-0,000276270993132	-0,000276270993132	-0,000276270993132	-0,000276270993132	-0,000285109219498	-0,000285109219498	-0,000285109219498	-0,000237628929289	-0,000237628929289	-0,000237628929289	-0,000237628929289	-0,000237628929289	-0,000237628929289	-0,000223906229981	-0,000223906229981	-0,000223906229981	-0,000223906229981
238500	0,000880058943232	0,000880058943232	0,000880058943232	0,000880058943232	0,000893784197144	0,000893784197144	0,000893784197144	0,000820006944162	0,000820006944162	0,000820006944162	0,000820006944162	0,000820006944162	0,000820006944162	0,000786050045597	0,000786050045597	0,000786050045597	0,000786050045597
239400	0,00155939185873	0,00155939185873	0,00155939185873	0,00155939185873	0,00154458634395	0,00154458634395	0,00154458634395	0,0016252174346	0,0016252174346	0,0016252174346	0,0016252174346	0,0016252174346	0,0016252174346	0,001656762165	0,001656762165	0,001656762165	0,001656762165
240300	0,00111307249277	0,00111307249277	0,00111307249277	0,00111307249277	0,00109515127548	0,00109515127548	0,00109515127548	0,00119182392935	0,00119182392935	0,00119182392935	0,00119182392935	0,00119182392935	0,00119182392935	0,00120742710307	0,00120742710307	0,00120742710307	0,00120742710307
241200	0,000383159959851	0,000383159959851	0,000383159959851	0,000383159959851	0,000387304457346	0,000387304457346	0,000387304457346	0,000365388758778	0,000365388758778	0,000365388758778	0,000365388758778	0,000365388758778	0,000365388758778	0,000355470698215	0,000355470698215	0,000355470698215	0,000355470698215
242100	-0,000609048190679	-0,000609048190679	-0,000609048190679	-0,000609048190679	-0,000613441474943	-0,000613441474943	-0,000613441474943	-0,000590321409361	-0,000590321409361	-0,000590321409361	-0,000590321409361	-0,000590321409361	-0,000590321409361	-0,000568912491488	-0,000568912491488	-0,000568912491488	-0,000568912491488
243000	0,000756012187149	0,000756012187149	0,000756012187149	0,000756012187149	0,000757562241386	0,000757562241386	0,000757562241386	0,0007497344308	0,0007497344308	0,0007497344308	0,0007497344308	0,0007497344308	0,0007497344308	0,000721724186926	0,000721724186926	0,000721724186926	0,000721724186926
243900	0,00218541337335	0,00218541337335	0,00218541337335	0,00218541337335	0,00218872661697	0,00218872661697	0,00218872661697	0,00217248201919	0,00217248201919	0,00217248201919	0,00217248201919	0,00217248201919	0,00217248201919	0,00218341540145	0,00218341540145	0,00218341540145	0,00218341540145
244800	-0,000970832573615	-0,000970832573615	-0,000970832573615	-0,000970832573615	-0,000960787092605	-0,000960787092605	-0,000960787092605	-0,00101560155679	-0,00101560155679	-0,00101560155679	-0,00101560155679	-0,00101560155679	-0,00101560155679	-0,00106428283125	-0,00106428283125	-0,00106428283125	-0,00106428283125
245700	-0,00191613998883	-0,00191613998883	-0,00191613998883	-0,00191613998883	-0,00187836900659	-0,00187836900659	-0,00187836900659	-0,00208474629548	-0,00208474629548	-0,00208474629548	-0,00208474629548	-0,00208474629548	-0,00208474629548	-0,00209677755993	-0,00209677755993	-0,00209677755993	-0,00209677755993
246600	-0,00344559198464	-0,00344559198464	-0,00344559198464	-0,00344559198464	-0,00345389268478	-0,00345389268478	-0,00345389268478	-0,00341131493077	-0,00341131493077	-0,00341131493077	-0,00341131493077	-0,00341131493077	-0,00341131493077	-0,00338007488863	-0,00338007488863	-0,00338007488863	-0,00338007488863
247500	0,000866593349162	0,000866593349162	0,000866593349162	0,000866593349162	0,000874082327	0,000874082327	0,000874082327	0,000833925623375	0,000833925623375	0,000833925623375	0,000833925623375	0,000833925623375	0,000833925623375	0,000827159387106	0,000827159387106	0,000827159387106	0,000827159387106
248400	0,000202663117917	0,000202663117917	0,000202663117917	0,000202663117917	0,000195208812281	0,000195208812281	0,000195208812281	0,00023568330757	0,00023568330757	0,00023568330757	0,00023568330757	0,00023568330757	0,00023568330757	0,000224185466391	0,000224185466391	0,000224185466391	0,000224185466391
249300	-0,000960694039162	-0,000960694039162	-0,000960694039162	-0,000960694039162	-0,000963721195869	-0,000963721195869	-0,000963721195869	-0,000947893214876	-0,000947893214876	-0,000947893214876	-0,000947893214876	-0,000947893214876	-0,000947893214876	-0,000929454993699	-0,000929454993699	-0,000929454993699	-0,000929454993699
250200	-0,000618718859859	-0,000618718859859	-0,000618718859859	-0,000618718859859	-0,000618831412719	-0,000618831412719	-0,000618831412719	-0,000618576833657	-0,000618576833657	-0,000618576833657	-0,000618576833657	-0,000618576833657	-0,000618576833657	-0,000619169367672	-0,000619169367672	-0,000619169367672	-0,000619169367672
251100	-0,00259212144067	-0,00259212144067	-0,00259212144067	-0,00259212144067	-0,0026383091693	-0,0026383091693	-0,0026383091693	-0,00240160067637	-0,00240160067637	-0,00240160067637	-0,00240160067637	-0,00240160067637	-0,00240160067637	-0,00233628881132	-0,00233628881132	-0,00233628881132	-0,00233628881132
252000	-0,00209575846365	-0,00209575846365	-0,00209575846365	-0,00209575846365	-0,00209864650181	-0,00209864650181	-0,00209864650181	-0,00208319449626	-0,00208319449626	-0,00208319449626	-0,00208319449626	-0,00208319449626	-0,00208319449626	-0,00210595609495	-0,00210595609495	-0,00210595609495	-0,00210595609495
252900	-9,70740732288e-06	-9,70740732288e-06	-9,70740732288e-06	-9,70740732288e-06	-1,56379552009e-05	-1,56379552009e-05	-1,56379552009e-05	1,60435354385e-05	1,60435354385e-05	1,60435354385e-05	1,60435354385e-05	1,60435354385e-05	1,60435354385e-05	3,13895302749e-05	3,13895302749e-05	3,13895302749e-05	3,13895302749e-05
253800	0,000938070781508	0,000938070781508	0,000938070781508	0,000938070781508	0,000939006108449	0,000939006108449	0,000939006108449	0,000934008221884	0,000934008221884	0,000934008221884	0,000934008221884	0,000934008221884	0,000934008221884	0,000957856545873	0,000957856545873	0,000957856545873	0,000957856545873
254700	2,86594306089e-05	2,86594306089e-05	2,86594306089e-05	2,86594306089e-05	3,61412491687e-05	3,61412491687e-05	3,61412491687e-05	-3,91585869408e-06	-3,91585869408e-06	-3,91585869408e-06	-3,91585869408e-06	-3,91585869408e-06	-3,91585869408e-06	-1,85448744526e-05	-1,85448744526e-05	-1,85448744526e-05	-1,85448744526e-05
255600	-0,00225412550029	-0,00225412550029	-0,00225412550029	-0,00225412550029	-0,00225212178974	-0,00225212178974	-0,00225212178974	-0,00226285445822	-0,00226285445822	-0,00226285445822	-0,00226285445822	-0,00226285445822	-0,00226285445822	-0,00225623672096	-0,00225623672096	-0,00225623672096	-0,00225623672096
256500	-0,00242733963523	-0,00242733963523	-0,00242733963523	-0,00242733963523	-0,00241734089697	-0,00241734089697	-0,00241734089697	-0,0024710206269	-0,0024710206269	-0,0024710206269	-0,0024710206269	-0,0024710206269	-0,0024710206269	-0,00251918099363	-0,00251918099363	-0,00251918099363	-0,00251918099363
257400	-5,58851771591e-05	-5,58851771591e-05	-5,58851771591e-05	-5,58851771591e-05	-6,70547332227e-05	-6,70547332227e-05	-6,70547332227e-05	-7,2636439104e-06	-7,2636439104e-06	-7,2636439104e-06	-7,2636439104e-06	-7,2636439104e-06	-7,2636439104e-06	7,74045029406e-06	7,74045029406e-06	7,74045029406e-06	7,74045029406e-06
258300	-0,000902688418258	-0,000902688418258	-0,000902688418258	-0,000902688418258	-0,000895850193168	-0,000895850193168	-0,000895850193168	-0,000932517639477	-0,000932517639477	-0,000932517639477	-0,000932517639477	-0,000932517639477	-0,000932517639477	-0,000935096024607	-0,000935096024607	-0,000935096024607	-0,000935096024607
259200	-0,00123607113177	-0,00123607113177	-0,00123607113177	-0,00123607113177	-0,00122704667651	-0,00122704667651	-0,00122704667651	-0,00127554366387	-0,00127554366387	-0,00127554366387	-0,00127554366387	-0,00127554366387	-0,00127554366387	-0,00128837975118	-0,00128837975118	-0,00128837975118	-0,00128837975118
260100	-0,00228901933716	-0,00228901933716	-0,00228901933716	-0,00228901933716	-0,00231891007897	-0,00231891007897	-0,00231891007897	-0,00215937726709	-0,00215937726709	-0,00215937726709	-0,00215937726709	-0,00215937726709	-0,00215937726709	-0,0021043859887	-0,0021043859887	-0,0021043859887	-0,0021043859887
261000	0,000809940632808	0,000809940632808	0,000809940632808	0,000809940632808	0,000810067066731	0,000810067066731	0,000810067066731	0,00080939224049	0,00080939224049	0,00080939224049	0,00080939224049	0,00080939224049	0,00080939224049	0,000801053712453	0,000801053712453	0,000801053712453	0,000801053712453
261900	-0,000246578756131	-0,000246578756131	-0,000246578756131	-0,000246578756131	-0,000244600550578	-0,000244600550578	-0,000244600550578	-0,000255164350467	-0,000255164350467	-0,000255164350467	-0,000255164350467	-0,000255164350467	-0,000255164350467	-0,000261341558015	-0,000261341558015	-0,000261341558015	-0,000261341558015
262800	-0,00663589309182	-0,00663589309182	-0,00663589309182	-0,00663589309182	-0,00663153636806	-0,00663153636806	-0,00663153636806	-0,0066548205715	-0,0066548205715	-0,0066548205715	-0,0066548205715	-0,0066548205715	-0,0066548205715	-0,00664421410123	-0,00664421410123	-0,00664421410123	-0,00664421410123
263700	0,00157151204476	0,00157151204476	0,00157151204476	0,00157151204476	0,00156606341198	0,00156606341198	0,00156606341198	0,00159513767048	0,00159513767048	0,00159513767048	0,00159513767048	0,00159513767048	0,00159513767048	0,00161314697906	0,00161314697906	0,00161314697906	0,00161314697906
264600	-0,00221652038838	-0,00221652038838	-0,00221652038838	-0,00221652038838	-0,00222145712503	-0,00222145712503	-0,00222145712503	-0,00219514419811	-0,00219514419811	-0,00219514419811	-0,00219514419811	-0,00219514419811	-0,00219514419811	-0,00218104003678	-0,00218104003678	-0,00218104003678	-0,00218104003678
265500	0,000677061468426	0,000677061468426	0,000677061468426	0,000677061468426	0,00067950590018	0,00067950590018	0,00067950590018	0,000666468387618	0,000666468387618	0,000666468387618	0,000666468387618	0,000666468387618	0,000666468387618	0,00066582076694	0,00066582076694	0,00066582076694	0,00066582076694
266400	-0,00215896179098	-0,00215896179098	-0,00215896179098	-0,00215896179098	-0,00214197381533	-0,00214197381533	-0,00214197381533	-0,0022329361602	-0,0022329361602	-0,0022329361602	-0,0022329361602	-0,0022329361602	-0,0022329361602	-0,00229915523389	-0,00229915523389	-0,00229915523389	-0,00229915523389
267300	-0,00189774405963	-0,00189774405963	-0,00189774405963	-0,00189774405963	-0,00188741698106	-0,00188741698106	-0,00188741698106	-0,00194284780994	-0,00194284780994	-0,00194284780994	-0,00194284780994	-0,00194284780994	-0,00194284780994	-0,00193957357974	-0,00193957357974	-0,00193957357974	-0,00193957357974
