time	sensor_1	sensor_2	sensor_3	sensor_4	sensor_5	sensor_6	sensor_7	sensor_8	sensor_9	sensor_10	sensor_11	sensor_12	sensor_13	sensor_14	sensor_15	sensor_16	sensor_17
0	0	0	0	0	0	0	0	0	0	0	0	0	0	0	0	0	0
900	-0,0152915361591	-0,0152915361591	-0,0152915361591	-0,0152915361591	-0,0155621179735	-0,0155621179735	-0,0155621179735	-0,0159368509206	-0,0159368509206	-0,0159368509206	-0,0159368509206	-0,0159368509206	-0,0159368509206	-0,0160214125842	-0,0160214125842	-0,0160214125842	-0,0160214125842
1800	0,0503707383442	0,0503707383442	0,0503707383442	0,0503707383442	0,0512350198272	0,0512350198272	0,0512350198272	0,0526315348886	0,0526315348886	0,0526315348886	0,0526315348886	0,0526315348886	0,0526315348886	0,0529482705036	0,0529482705036	0,0529482705036	0,0529482705036
2700	-0,0588740839132	-0,0588740839132	-0,0588740839132	-0,0588740839132	-0,0598832831651	-0,0598832831651	-0,0598832831651	-0,0615214676005	-0,0615214676005	-0,0615214676005	-0,0615214676005	-0,0615214676005	-0,0615214676005	-0,0618813990401	-0,0618813990401	-0,0618813990401	-0,0618813990401
3600	0,000378486999125	0,000378486999125	0,000378486999125	0,000378486999125	0,000372646198927	0,000372646198927	0,000372646198927	0,000457149846625	0,000457149846625	0,000457149846625	0,000457149846625	0,000457149846625	0,000457149846625	0,000467967369999	0,000467967369999	0,000467967369999	0,000467967369999
4500	0,0067906546136	0,0067906546136	0,0067906546136	0,0067906546136	0,0069178308748	0,0069178308748	0,0069178308748	0,00704214314122	0,00704214314122	0,00704214314122	0,00704214314122	0,00704214314122	0,00704214314122	0,0070715295086	0,0070715295086	0,0070715295086	0,0070715295086
5400	0,00804763088184	0,00804763088184	0,00804763088184	0,00804763088184	0,00819269755942	0,00819269755942	0,00819269755942	0,00837392289377	0,00837392289377	0,00837392289377	0,00837392289377	0,00837392289377	0,00837392289377	0,00839803617861	0,00839803617861	0,00839803617861	0,00839803617861
6300	0,00411731865364	0,00411731865364	0,00411731865364	0,00411731865364	0,00419233664249	0,00419233664249	0,00419233664249	0,00428025995598	0,00428025995598	0,00428025995598	0,00428025995598	0,00428025995598	0,00428025995598	0,00429375166338	0,00429375166338	0,00429375166338	0,00429375166338
7200	-0,0056188816891	-0,0056188816891	-0,0056188816891	-0,0056188816891	-0,00571665651957	-0,00571665651957	-0,00571665651957	-0,00586425576333	-0,00586425576333	-0,00586425576333	-0,00586425576333	-0,00586425576333	-0,00586425576333	-0,00587935486204	-0,00587935486204	-0,00587935486204	-0,00587935486204
8100	0,00893986680909	0,00893986680909	0,00893986680909	0,00893986680909	0,0090858162857	0,0090858162857	0,0090858162857	0,00937833789282	0,00937833789282	0,00937833789282	0,00937833789282	0,00937833789282	0,00937833789282	0,00944110097432	0,00944110097432	0,00944110097432	0,00944110097432
9000	0,00190728397999	0,00190728397999	0,00190728397999	0,00190728397999	0,00193801697151	0,00193801697151	0,00193801697151	0,00200285364893	0,00200285364893	0,00200285364893	0,00200285364893	0,00200285364893	0,00200285364893	0,00202954562337	0,00202954562337	0,00202954562337	0,00202954562337
9900	-0,000591949257281	-0,000591949257281	-0,000591949257281	-0,000591949257281	-0,000593908254177	-0,000593908254177	-0,000593908254177	-0,000659507332633	-0,000659507332633	-0,000659507332633	-0,000659507332633	-0,000659507332633	-0,000659507332633	-0,000676536402443	-0,000676536402443	-0,000676536402443	-0,000676536402443
10800	0,00339860186459	0,00339860186459	0,00339860186459	0,00339860186459	0,00345242042304	0,00345242042304	0,00345242042304	0,00357362189213	0,00357362189213	0,00357362189213	0,00357362189213	0,00357362189213	0,00357362189213	0,00359062766029	0,00359062766029	0,00359062766029	0,00359062766029
11700	-0,00172377906186	-0,00172377906186	-0,00172377906186	-0,00172377906186	-0,00175515639718	-0,00175515639718	-0,00175515639718	-0,00179214747829	-0,00179214747829	-0,00179214747829	-0,00179214747829	-0,00179214747829	-0,00179214747829	-0,00180274596599	-0,00180274596599	-0,00180274596599	-0,00180274596599
12600	-0,00249871449544	-0,00249871449544	-0,00249871449544	-0,00249871449544	-0,00254021323208	-0,00254021323208	-0,00254021323208	-0,00261774071235	-0,00261774071235	-0,00261774071235	-0,00261774071235	-0,00261774071235	-0,00261774071235	-0,00263305643181	-0,00263305643181	-0,00263305643181	-0,00263305643181
13500	-0,00251998290999	-0,00251998290999	-0,00251998290999	-0,00251998290999	-0,00256374563784	-0,00256374563784	-0,00256374563784	-0,00263046842432	-0,00263046842432	-0,00263046842432	-0,00263046842432	-0,00263046842432	-0,00263046842432	-0,00263750133333	-0,00263750133333	-0,00263750133333	-0,00263750133333
14400	0,00458476987454	0,00458476987454	0,00458476987454	0,00458476987454	0,0046628659384	0,0046628659384	0,0046628659384	0,00479340506199	0,00479340506199	0,00479340506199	0,00479340506199	0,00479340506199	0,00479340506199	0,00482445385493	0,00482445385493	0,00482445385493	0,00482445385493
15300	0,00377858024637	0,00377858024637	0,00377858024637	0,00377858024637	0,00384523687341	0,00384523687341	0,00384523687341	0,00393906366456	0,00393906366456	0,00393906366456	0,00393906366456	0,00393906366456	0,00393906366456	0,00395181971714	0,00395181971714	0,00395181971714	0,00395181971714
16200	-0,00534764456088	-0,00534764456088	-0,00534764456088	-0,00534764456088	-0,00543415600323	-0,00543415600323	-0,00543415600323	-0,00561389162264	-0,00561389162264	-0,00561389162264	-0,00561389162264	-0,00561389162264	-0,00561389162264	-0,00565508740174	-0,00565508740174	-0,00565508740174	-0,00565508740174
17100	0,00191720491724	0,00191720491724	0,00191720491724	0,00191720491724	0,00194487895202	0,00194487895202	0,00194487895202	0,00202936579029	0,00202936579029	0,00202936579029	0,00202936579029	0,00202936579029	0,00202936579029	0,00204246891056	0,00204246891056	0,00204246891056	0,00204246891056
18000	-5,55702172884e-05	-5,55702172884e-05	-5,55702172884e-05	-5,55702172884e-05	-5,86877544568e-05	-5,86877544568e-05	-5,86877544568e-05	-4,72441781919e-05	-4,72441781919e-05	-4,72441781919e-05	-4,72441781919e-05	-4,72441781919e-05	-4,72441781919e-05	-2,07380239469e-05	-2,07380239469e-05	-2,07380239469e-05	-2,07380239469e-05
18900	-0,000985739139984	-0,000985739139984	-0,000985739139984	-0,000985739139984	-0,00100274827376	-0,00100274827376	-0,00100274827376	-0,00102950508447	-0,00102950508447	-0,00102950508447	-0,00102950508447	-0,00102950508447	-0,00102950508447	-0,00104204705825	-0,00104204705825	-0,00104204705825	-0,00104204705825
19800	0,00247420394456	0,00247420394456	0,00247420394456	0,00247420394456	0,0025146951915	0,0025146951915	0,0025146951915	0,00259506468962	0,00259506468962	0,00259506468962	0,00259506468962	0,00259506468962	0,00259506468962	0,00260805846153	0,00260805846153	0,00260805846153	0,00260805846153
20700	-0,0029011284609	-0,0029011284609	-0,0029011284609	-0,0029011284609	-0,00294803527792	-0,00294803527792	-0,00294803527792	-0,00304569978243	-0,00304569978243	-0,00304569978243	-0,00304569978243	-0,00304569978243	-0,00304569978243	-0,00307186102961	-0,00307186102961	-0,00307186102961	-0,00307186102961
21600	-0,00297919910457	-0,00297919910457	-0,00297919910457	-0,00297919910457	-0,00302559706646	-0,00302559706646	-0,00302559706646	-0,00313651659499	-0,00313651659499	-0,00313651659499	-0,00313651659499	-0,00313651659499	-0,00313651659499	-0,00317116998634	-0,00317116998634	-0,00317116998634	-0,00317116998634
22500	-0,00235988621638	-0,00235988621638	-0,00235988621638	-0,00235988621638	-0,00240308613875	-0,00240308613875	-0,00240308613875	-0,00245226509781	-0,00245226509781	-0,00245226509781	-0,00245226509781	-0,00245226509781	-0,00245226509781	-0,0024507646823	-0,0024507646823	-0,0024507646823	-0,0024507646823
23400	-0,00165096067907	-0,00165096067907	-0,00165096067907	-0,00165096067907	-0,00168035379647	-0,00168035379647	-0,00168035379647	-0,00171973463202	-0,00171973463202	-0,00171973463202	-0,00171973463202	-0,00171973463202	-0,00171973463202	-0,00172076948023	-0,00172076948023	-0,00172076948023	-0,00172076948023
24300	0,00141635969182	0,00141635969182	0,00141635969182	0,00141635969182	0,00143691001337	0,00143691001337	0,00143691001337	0,00149869110386	0,00149869110386	0,00149869110386	0,00149869110386	0,00149869110386	0,00149869110386	0,0015091737611	0,0015091737611	0,0015091737611	0,0015091737611
25200	-0,00509359075547	-0,00509359075547	-0,00509359075547	-0,00509359075547	-0,00517933843824	-0,00517933843824	-0,00517933843824	-0,0053304580947	-0,0053304580947	-0,0053304580947	-0,0053304580947	-0,0053304580947	-0,0053304580947	-0,00537803446326	-0,00537803446326	-0,00537803446326	-0,00537803446326
26100	-0,00114693816001	-0,00114693816001	-0,00114693816001	-0,00114693816001	-0,00115978004784	-0,00115978004784	-0,00115978004784	-0,00123260504085	-0,00123260504085	-0,00123260504085	-0,00123260504085	-0,00123260504085	-0,00123260504085	-0,00124899001027	-0,00124899001027	-0,00124899001027	-0,00124899001027
27000	0,000443264883628	0,000443264883628	0,000443264883628	0,000443264883628	0,000449877303708	0,000449877303708	0,000449877303708	0,000468126489856	0,000468126489856	0,000468126489856	0,000468126489856	0,000468126489856	0,000468126489856	0,000481328875261	0,000481328875261	0,000481328875261	0,000481328875261
27900	-0,00588590403998	-0,00588590403998	-0,00588590403998	-0,00588590403998	-0,00598210280071	-0,00598210280071	-0,00598210280071	-0,00617405164958	-0,00617405164958	-0,00617405164958	-0,00617405164958	-0,00617405164958	-0,00617405164958	-0,00622750143624	-0,00622750143624	-0,00622750143624	-0,00622750143624
28800	-0,0116475694146	-0,0116475694146	-0,0116475694146	-0,0116475694146	-0,0118427551602	-0,0118427551602	-0,0118427551602	-0,0121936886065	-0,0121936886065	-0,0121936886065	-0,0121936886065	-0,0121936886065	-0,0121936886065	-0,0122771819099	-0,0122771819099	-0,0122771819099	-0,0122771819099
29700	-0,0101060632591	-0,0101060632591	-0,0101060632591	-0,0101060632591	-0,0103070412885	-0,0103070412885	-0,0103070412885	-0,0104217844789	-0,0104217844789	-0,0104217844789	-0,0104217844789	-0,0104217844789	-0,0104217844789	-0,010430191805	-0,010430191805	-0,010430191805	-0,010430191805
30600	-0,0303327793909	-0,0303327793909	-0,0303327793909	-0,0303327793909	-0,0308023114962	-0,0308023114962	-0,0308023114962	-0,0319488594643	-0,0319488594643	-0,0319488594643	-0,0319488594643	-0,0319488594643	-0,0319488594643	-0,0322720266782	-0,0322720266782	-0,0322720266782	-0,0322720266782
31500	0,0123720572064	0,0123720572064	0,0123720572064	0,0123720572064	0,0125676526142	0,0125676526142	0,0125676526142	0,0130108006405	0,0130108006405	0,0130108006405	0,0130108006405	0,0130108006405	0,0130108006405	0,0131429228276	0,0131429228276	0,0131429228276	0,0131429228276
32400	0,0175662838746	0,0175662838746	0,0175662838746	0,0175662838746	0,0178717827107	0,0178717827107	0,0178717827107	0,0183342665338	0,0183342665338	0,0183342665338	0,0183342665338	0,0183342665338	0,0183342665338	0,0184441843508	0,0184441843508	0,0184441843508	0,0184441843508
33300	-0,0057167942073	-0,0057167942073	-0,0057167942073	-0,0057167942073	-0,0058145953051	-0,0058145953051	-0,0058145953051	-0,00597483167818	-0,00597483167818	-0,00597483167818	-0,00597483167818	-0,00597483167818	-0,00597483167818	-0,00602215384676	-0,00602215384676	-0,00602215384676	-0,00602215384676
34200	0,00819248953455	0,00819248953455	0,00819248953455	0,00819248953455	0,00826668904859	0,00826668904859	0,00826668904859	0,00869461812439	0,00869461812439	0,00869461812439	0,00869461812439	0,00869461812439	0,00869461812439	0,00880260291988	0,00880260291988	0,00880260291988	0,00880260291988
35100	-0,0321451336182	-0,0321451336182	-0,0321451336182	-0,0321451336182	-0,0326693728922	-0,0326693728922	-0,0326693728922	-0,033527078848	-0,033527078848	-0,033527078848	-0,033527078848	-0,033527078848	-0,033527078848	-0,0337448207637	-0,0337448207637	-0,0337448207637	-0,0337448207637
36000	0,0564655008082	0,0564655008082	0,0564655008082	0,0564655008082	0,057378704975	0,057378704975	0,057378704975	0,0588002219544	0,0588002219544	0,0588002219544	0,0588002219544	0,0588002219544	0,0588002219544	0,0590803241718	0,0590803241718	0,0590803241718	0,0590803241718
36900	-0,0104951412371	-0,0104951412371	-0,0104951412371	-0,0104951412371	-0,0106067212373	-0,0106067212373	-0,0106067212373	-0,011305588538	-0,011305588538	-0,011305588538	-0,011305588538	-0,011305588538	-0,011305588538	-0,0114448174227	-0,0114448174227	-0,0114448174227	-0,0114448174227
37800	-0,0205312175791	-0,0205312175791	-0,0205312175791	-0,0205312175791	-0,0208785807768	-0,0208785807768	-0,0208785807768	-0,0214493595975	-0,0214493595975	-0,0214493595975	-0,0214493595975	-0,0214493595975	-0,0214493595975	-0,0216272817187	-0,0216272817187	-0,0216272817187	-0,0216272817187
38700	0,0878975589546	0,0878975589546	0,0878975589546	0,0878975589546	0,0893351159449	0,0893351159449	0,0893351159449	0,0918534783363	0,0918534783363	0,0918534783363	0,0918534783363	0,0918534783363	0,0918534783363	0,0925259934574	0,0925259934574	0,0925259934574	0,0925259934574
39600	0,0197699207325	0,0197699207325	0,0197699207325	0,0197699207325	0,0201119747351	0,0201119747351	0,0201119747351	0,020283253922	0,020283253922	0,020283253922	0,020283253922	0,020283253922	0,020283253922	0,0202667515828	0,0202667515828	0,0202667515828	0,0202667515828
40500	0,0200321231073	0,0200321231073	0,0200321231073	0,0200321231073	0,0203073501584	0,0203073501584	0,0203073501584	0,0212533526111	0,0212533526111	0,0212533526111	0,0212533526111	0,0212533526111	0,0212533526111	0,0214966303575	0,0214966303575	0,0214966303575	0,0214966303575
41400	0,0186973787944	0,0186973787944	0,0186973787944	0,0186973787944	0,0190482645123	0,0190482645123	0,0190482645123	0,0193215532696	0,0193215532696	0,0193215532696	0,0193215532696	0,0193215532696	0,0193215532696	0,0193042531519	0,0193042531519	0,0193042531519	0,0193042531519
42300	0,25610858317	0,25610858317	0,25610858317	0,25610858317	0,260298486906	0,260298486906	0,260298486906	0,267021361498	0,267021361498	0,267021361498	0,267021361498	0,267021361498	0,267021361498	0,268495369426	0,268495369426	0,268495369426	0,268495369426
43200	-0,0332371219646	-0,0332371219646	-0,0332371219646	-0,0332371219646	-0,0337678246964	-0,0337678246964	-0,0337678246964	-0,0347985749475	-0,0347985749475	-0,0347985749475	-0,0347985749475	-0,0347985749475	-0,0347985749475	-0,0350265682171	-0,0350265682171	-0,0350265682171	-0,0350265682171
44100	-0,147356416103	-0,147356416103	-0,147356416103	-0,147356416103	-0,149850120242	-0,149850120242	-0,149850120242	-0,153281427784	-0,153281427784	-0,153281427784	-0,153281427784	-0,153281427784	-0,153281427784	-0,154066855344	-0,154066855344	-0,154066855344	-0,154066855344
45000	0,0915502732698	0,0915502732698	0,0915502732698	0,0915502732698	0,0929982962841	0,0929982962841	0,0929982962841	0,0952312116224	0,0952312116224	0,0952312116224	0,0952312116224	0,0952312116224	0,0952312116224	0,0958879069392	0,0958879069392	0,0958879069392	0,0958879069392
45900	-0,00558841407043	-0,00558841407043	-0,00558841407043	-0,00558841407043	-0,00573799958308	-0,00573799958308	-0,00573799958308	-0,00548087783788	-0,00548087783788	-0,00548087783788	-0,00548087783788	-0,00548087783788	-0,00548087783788	-0,00551907346095	-0,00551907346095	-0,00551907346095	-0,00551907346095
46800	-0,0634386261204	-0,0634386261204	-0,0634386261204	-0,0634386261204	-0,0644635578339	-0,0644635578339	-0,0644635578339	-0,0663712378144	-0,0663712378144	-0,0663712378144	-0,0663712378144	-0,0663712378144	-0,0663712378144	-0,0668055718056	-0,0668055718056	-0,0668055718056	-0,0668055718056
47700	0,190227865663	0,190227865663	0,190227865663	0,190227865663	0,193485632947	0,193485632947	0,193485632947	0,197764778137	0,197764778137	0,197764778137	0,197764778137	0,197764778137	0,197764778137	0,198747685089	0,198747685089	0,198747685089	0,198747685089
48600	-0,124218200754	-0,124218200754	-0,124218200754	-0,124218200754	-0,126246967168	-0,126246967168	-0,126246967168	-0,129599329275	-0,129599329275	-0,129599329275	-0,129599329275	-0,129599329275	-0,129599329275	-0,1302622794	-0,1302622794	-0,1302622794	-0,1302622794
49500	-0,0728419076345	-0,0728419076345	-0,0728419076345	-0,0728419076345	-0,0740247891374	-0,0740247891374	-0,0740247891374	-0,0754230929737	-0,0754230929737	-0,0754230929737	-0,0754230929737	-0,0754230929737	-0,0754230929737	-0,0757880051876	-0,0757880051876	-0,0757880051876	-0,0757880051876
50400	0,244997375677	0,244997375677	0,244997375677	0,244997375677	0,248996240111	0,248996240111	0,248996240111	0,255500697274	0,255500697274	0,255500697274	0,255500697274	0,255500697274	0,255500697274	0,256963157941	0,256963157941	0,256963157941	0,256963157941
51300	-0,243581996328	-0,243581996328	-0,243581996328	-0,243581996328	-0,247581806536	-0,247581806536	-0,247581806536	-0,253779368661	-0,253779368661	-0,253779368661	-0,253779368661	-0,253779368661	-0,253779368661	-0,255108820745	-0,255108820745	-0,255108820745	-0,255108820745
52200	-0,139515912924	-0,139515912924	-0,139515912924	-0,139515912924	-0,141808000535	-0,141808000535	-0,141808000535	-0,145514238502	-0,145514238502	-0,145514238502	-0,145514238502	-0,145514238502	-0,145514238502	-0,146396164801	-0,146396164801	-0,146396164801	-0,146396164801
53100	-0,0753200799882	-0,0753200799882	-0,0753200799882	-0,0753200799882	-0,0765343255318	-0,0765343255318	-0,0765343255318	-0,078499029277	-0,078499029277	-0,078499029277	-0,078499029277	-0,078499029277	-0,078499029277	-0,0789206360763	-0,0789206360763	-0,0789206360763	-0,0789206360763
54000	0,0019350798957	0,0019350798957	0,0019350798957	0,0019350798957	0,00195222833063	0,00195222833063	0,00195222833063	0,00200363147227	0,00200363147227	0,00200363147227	0,00200363147227	0,00200363147227	0,00200363147227	0,00203337415736	0,00203337415736	0,00203337415736	0,00203337415736
54900	0,139778441188	0,139778441188	0,139778441188	0,139778441188	0,14203850836	0,14203850836	0,14203850836	0,145817821682	0,145817821682	0,145817821682	0,145817821682	0,145817821682	0,145817821682	0,146722357289	0,146722357289	0,146722357289	0,146722357289
55800	-0,120246839092	-0,120246839092	-0,120246839092	-0,120246839092	-0,122149391376	-0,122149391376	-0,122149391376	-0,125418971599	-0,125418971599	-0,125418971599	-0,125418971599	-0,125418971599	-0,125418971599	-0,126256901213	-0,126256901213	-0,126256901213	-0,126256901213
56700	-0,0711127380148	-0,0711127380148	-0,0711127380148	-0,0711127380148	-0,0722713551165	-0,0722713551165	-0,0722713551165	-0,0742273486775	-0,0742273486775	-0,0742273486775	-0,0742273486775	-0,0742273486775	-0,0742273486775	-0,0747172321282	-0,0747172321282	-0,0747172321282	-0,0747172321282
57600	0,0378742911721	0,0378742911721	0,0378742911721	0,0378742911721	0,0384871523053	0,0384871523053	0,0384871523053	0,0396470838703	0,0396470838703	0,0396470838703	0,0396470838703	0,0396470838703	0,0396470838703	0,0399960416372	0,0399960416372	0,0399960416372	0,0399960416372
58500	-0,0469435612644	-0,0469435612644	-0,0469435612644	-0,0469435612644	-0,0477342677296	-0,0477342677296	-0,0477342677296	-0,0490122687913	-0,0490122687913	-0,0490122687913	-0,0490122687913	-0,0490122687913	-0,0490122687913	-0,0492455092729	-0,0492455092729	-0,0492455092729	-0,0492455092729
59400	-0,0124154836823	-0,0124154836823	-0,0124154836823	-0,0124154836823	-0,0126236655169	-0,0126236655169	-0,0126236655169	-0,0129969742001	-0,0129969742001	-0,0129969742001	-0,0129969742001	-0,0129969742001	-0,0129969742001	-0,0131289696974	-0,0131289696974	-0,0131289696974	-0,0131289696974
60300	0,00327805121387	0,00327805121387	0,00327805121387	0,00327805121387	0,00329686859607	0,00329686859607	0,00329686859607	0,00361232854548	0,00361232854548	0,00361232854548	0,00361232854548	0,00361232854548	0,00361232854548	0,00372010821281	0,00372010821281	0,00372010821281	0,00372010821281
61200	-0,0148374583964	-0,0148374583964	-0,0148374583964	-0,0148374583964	-0,015063973918	-0,015063973918	-0,015063973918	-0,0156437753282	-0,0156437753282	-0,0156437753282	-0,0156437753282	-0,0156437753282	-0,0156437753282	-0,0158045824998	-0,0158045824998	-0,0158045824998	-0,0158045824998
62100	0,0172292275133	0,0172292275133	0,0172292275133	0,0172292275133	0,0175134214663	0,0175134214663	0,0175134214663	0,0180596946241	0,0180596946241	0,0180596946241	0,0180596946241	0,0180596946241	0,0180596946241	0,0181550266142	0,0181550266142	0,0181550266142	0,0181550266142
63000	-0,00235510459003	-0,00235510459003	-0,00235510459003	-0,00235510459003	-0,00239731689602	-0,00239731689602	-0,00239731689602	-0,00245179713511	-0,00245179713511	-0,00245179713511	-0,00245179713511	-0,00245179713511	-0,00245179713511	-0,00245441563059	-0,00245441563059	-0,00245441563059	-0,00245441563059
63900	0,0064422650394	0,0064422650394	0,0064422650394	0,0064422650394	0,00657709278157	0,00657709278157	0,00657709278157	0,00660996995302	0,00660996995302	0,00660996995302	0,00660996995302	0,00660996995302	0,00660996995302	0,00660767213109	0,00660767213109	0,00660767213109	0,00660767213109
64800	0,0123431304763	0,0123431304763	0,0123431304763	0,0123431304763	0,0125541841832	0,0125541841832	0,0125541841832	0,0129008189264	0,0129008189264	0,0129008189264	0,0129008189264	0,0129008189264	0,0129008189264	0,0129993033763	0,0129993033763	0,0129993033763	0,0129993033763
65700	-0,0233245667045	-0,0233245667045	-0,0233245667045	-0,0233245667045	-0,0237180636551	-0,0237180636551	-0,0237180636551	-0,0244050421428	-0,0244050421428	-0,0244050421428	-0,0244050421428	-0,0244050421428	-0,0244050421428	-0,0245563719306	-0,0245563719306	-0,0245563719306	-0,0245563719306
66600	0,00193626164297	0,00193626164297	0,00193626164297	0,00193626164297	0,0019474458972	0,0019474458972	0,0019474458972	0,00213336428093	0,00213336428093	0,00213336428093	0,00213336428093	0,00213336428093	0,00213336428093	0,00220140172523	0,00220140172523	0,00220140172523	0,00220140172523
67500	0,011165397868	0,011165397868	0,011165397868	0,011165397868	0,0113466390216	0,0113466390216	0,0113466390216	0,0117182373242	0,0117182373242	0,0117182373242	0,0117182373242	0,0117182373242	0,0117182373242	0,0118449356294	0,0118449356294	0,0118449356294	0,0118449356294
68400	-0,0463587473939	-0,0463587473939	-0,0463587473939	-0,0463587473939	-0,0471770959573	-0,0471770959573	-0,0471770959573	-0,0483249492656	-0,0483249492656	-0,0483249492656	-0,0483249492656	-0,0483249492656	-0,0483249492656	-0,0486056926077	-0,0486056926077	-0,0486056926077	-0,0486056926077
69300	0,015704654106	0,015704654106	0,015704654106	0,015704654106	0,0159796230752	0,0159796230752	0,0159796230752	0,0163820199503	0,0163820199503	0,0163820199503	0,0163820199503	0,0163820199503	0,0163820199503	0,0164808955284	0,0164808955284	0,0164808955284	0,0164808955284
70200	-0,0191212278252	-0,0191212278252	-0,0191212278252	-0,0191212278252	-0,0194483055032	-0,0194483055032	-0,0194483055032	-0,0199845148786	-0,0199845148786	-0,0199845148786	-0,0199845148786	-0,0199845148786	-0,0199845148786	-0,0201463072138	-0,0201463072138	-0,0201463072138	-0,0201463072138
71100	-0,0148869359173	-0,0148869359173	-0,0148869359173	-0,0148869359173	-0,0150889405792	-0,0150889405792	-0,0150889405792	-0,0158222769725	-0,0158222769725	-0,0158222769725	-0,0158222769725	-0,0158222769725	-0,0158222769725	-0,0160219241444	-0,0160219241444	-0,0160219241444	-0,0160219241444
72000	-0,0072957306825	-0,0072957306825	-0,0072957306825	-0,0072957306825	-0,00742376736962	-0,00742376736962	-0,00742376736962	-0,00760891973417	-0,00760891973417	-0,00760891973417	-0,00760891973417	-0,00760891973417	-0,00760891973417	-0,00763087223331	-0,00763087223331	-0,00763087223331	-0,00763087223331
72900	0,0307764200916	0,0307764200916	0,0307764200916	0,0307764200916	0,0313008866672	0,0313008866672	0,0313008866672	0,0321758078283	0,0321758078283	0,0321758078283	0,0321758078283	0,0321758078283	0,0321758078283	0,0323210401891	0,0323210401891	0,0323210401891	0,0323210401891
73800	0,00347508751981	0,00347508751981	0,00347508751981	0,00347508751981	0,0035202028493	0,0035202028493	0,0035202028493	0,00370362409279	0,00370362409279	0,00370362409279	0,00370362409279	0,00370362409279	0,00370362409279	0,00382997986056	0,00382997986056	0,00382997986056	0,00382997986056
74700	0,00798822058932	0,00798822058932	0,00798822058932	0,00798822058932	0,00811800309969	0,00811800309969	0,00811800309969	0,00838317191886	0,00838317191886	0,00838317191886	0,00838317191886	0,00838317191886	0,00838317191886	0,00844703945995	0,00844703945995	0,00844703945995	0,00844703945995
75600	0,0231695572482	0,0231695572482	0,0231695572482	0,0231695572482	0,0235490574843	0,0235490574843	0,0235490574843	0,0242997499743	0,0242997499743	0,0242997499743	0,0242997499743	0,0242997499743	0,0242997499743	0,0244489068121	0,0244489068121	0,0244489068121	0,0244489068121
76500	-0,000302443164825	-0,000302443164825	-0,000302443164825	-0,000302443164825	-0,000293609124249	-0,000293609124249	-0,000293609124249	-0,00038613659511	-0,00038613659511	-0,00038613659511	-0,00038613659511	-0,00038613659511	-0,00038613659511	-0,000412762157945	-0,000412762157945	-0,000412762157945	-0,000412762157945
77400	0,0164470234496	0,0164470234496	0,0164470234496	0,0164470234496	0,0167468246988	0,0167468246988	0,0167468246988	0,0170972490266	0,0170972490266	0,0170972490266	0,0170972490266	0,0170972490266	0,0170972490266	0,0171681377419	0,0171681377419	0,0171681377419	0,0171681377419
78300	-0,00830418627217	-0,00830418627217	-0,00830418627217	-0,00830418627217	-0,00845504402763	-0,00845504402763	-0,00845504402763	-0,00863506243113	-0,00863506243113	-0,00863506243113	-0,00863506243113	-0,00863506243113	-0,00863506243113	-0,0087196264439	-0,0087196264439	-0,0087196264439	-0,0087196264439
79200	0,012925008703	0,012925008703	0,012925008703	0,012925008703	0,0131548514254	0,0131548514254	0,0131548514254	0,0134647867079	0,0134647867079	0,0134647867079	0,0134647867079	0,0134647867079	0,0134647867079	0,0135544008697	0,0135544008697	0,0135544008697	0,0135544008697
80100	0,00387629823639	0,00387629823639	0,00387629823639	0,00387629823639	0,00394710620897	0,00394710620897	0,00394710620897	0,00402879424003	0,00402879424003	0,00402879424003	0,00402879424003	0,00402879424003	0,00402879424003	0,00403958236093	0,00403958236093	0,00403958236093	0,00403958236093
81000	0,00740166763271	0,00740166763271	0,00740166763271	0,00740166763271	0,00752108288431	0,00752108288431	0,00752108288431	0,0077718054283	0,0077718054283	0,0077718054283	0,0077718054283	0,0077718054283	0,0077718054283	0,00784246396182	0,00784246396182	0,00784246396182	0,00784246396182
81900	-0,00442798015999	-0,00442798015999	-0,00442798015999	-0,00442798015999	-0,00450295086748	-0,00450295086748	-0,00450295086748	-0,00463175360953	-0,00463175360953	-0,00463175360953	-0,00463175360953	-0,00463175360953	-0,00463175360953	-0,0046562700556	-0,0046562700556	-0,0046562700556	-0,0046562700556
82800	0,0166068060391	0,0166068060391	0,0166068060391	0,0166068060391	0,0168933554831	0,0168933554831	0,0168933554831	0,0173441557459	0,0173441557459	0,0173441557459	0,0173441557459	0,0173441557459	0,0173441557459	0,0174328646402	0,0174328646402	0,0174328646402	0,0174328646402
83700	0,00300053236181	0,00300053236181	0,00300053236181	0,00300053236181	0,00304490423884	0,00304490423884	0,00304490423884	0,0031707680035	0,0031707680035	0,0031707680035	0,0031707680035	0,0031707680035	0,0031707680035	0,00321944442251	0,00321944442251	0,00321944442251	0,00321944442251
84600	0,00161062850275	0,00161062850275	0,00161062850275	0,00161062850275	0,00163775422131	0,00163775422131	0,00163775422131	0,00168546903642	0,00168546903642	0,00168546903642	0,00168546903642	0,00168546903642	0,00168546903642	0,00168809996409	0,00168809996409	0,00168809996409	0,00168809996409
85500	0,00754205213725	0,00754205213725	0,00754205213725	0,00754205213725	0,00766638968653	0,00766638968653	0,00766638968653	0,007905923211	0,007905923211	0,007905923211	0,007905923211	0,007905923211	0,007905923211	0,00797124401061	0,00797124401061	0,00797124401061	0,00797124401061
86400	0,0150484407745	0,0150484407745	0,0150484407745	0,0150484407745	0,0152895097048	0,0152895097048	0,0152895097048	0,0158095534301	0,0158095534301	0,0158095534301	0,0158095534301	0,0158095534301	0,0158095534301	0,0159305830494	0,0159305830494	0,0159305830494	0,0159305830494
87300	0,00244826685366	0,00244826685366	0,00244826685366	0,00244826685366	0,00249984143905	0,00249984143905	0,00249984143905	0,00251032157333	0,00251032157333	0,00251032157333	0,00251032157333	0,00251032157333	0,00251032157333	0,00248291182279	0,00248291182279	0,00248291182279	0,00248291182279
88200	1,75723790562e-05	1,75723790562e-05	1,75723790562e-05	1,75723790562e-05	1,32388911273e-05	1,32388911273e-05	1,32388911273e-05	4,1536092067e-05	4,1536092067e-05	4,1536092067e-05	4,1536092067e-05	4,1536092067e-05	4,1536092067e-05	6,24095556304e-05	6,24095556304e-05	6,24095556304e-05	6,24095556304e-05
89100	0,00647020185546	0,00647020185546	0,00647020185546	0,00647020185546	0,00658041379544	0,00658041379544	0,00658041379544	0,00676463677555	0,00676463677555	0,00676463677555	0,00676463677555	0,00676463677555	0,00676463677555	0,00682021264865	0,00682021264865	0,00682021264865	0,00682021264865
90000	0,00465272505277	0,00465272505277	0,00465272505277	0,00465272505277	0,00473258960992	0,00473258960992	0,00473258960992	0,00486139782703	0,00486139782703	0,00486139782703	0,00486139782703	0,00486139782703	0,00486139782703	0,00489891029047	0,00489891029047	0,00489891029047	0,00489891029047
90900	-0,0016918115973	-0,0016918115973	-0,0016918115973	-0,0016918115973	-0,0017133369297	-0,0017133369297	-0,0017133369297	-0,00180526267535	-0,00180526267535	-0,00180526267535	-0,00180526267535	-0,00180526267535	-0,00180526267535	-0,00184335924802	-0,00184335924802	-0,00184335924802	-0,00184335924802
91800	0,00570479830273	0,00570479830273	0,00570479830273	0,00570479830273	0,00580108452635	0,00580108452635	0,00580108452635	0,00596884257793	0,00596884257793	0,00596884257793	0,00596884257793	0,00596884257793	0,00596884257793	0,00600374356006	0,00600374356006	0,00600374356006	0,00600374356006
92700	-0,00328759111547	-0,00328759111547	-0,00328759111547	-0,00328759111547	-0,00334256349834	-0,00334256349834	-0,00334256349834	-0,00344233567418	-0,00344233567418	-0,00344233567418	-0,00344233567418	-0,00344233567418	-0,00344233567418	-0,00347259818418	-0,00347259818418	-0,00347259818418	-0,00347259818418
93600	-0,000873366693607	-0,000873366693607	-0,000873366693607	-0,000873366693607	-0,000885291375744	-0,000885291375744	-0,000885291375744	-0,000927870609879	-0,000927870609879	-0,000927870609879	-0,000927870609879	-0,000927870609879	-0,000927870609879	-0,000934093680038	-0,000934093680038	-0,000934093680038	-0,000934093680038
94500	0,00182447981727	0,00182447981727	0,00182447981727	0,00182447981727	0,00185158583793	0,00185158583793	0,00185158583793	0,00192736389396	0,00192736389396	0,00192736389396	0,00192736389396	0,00192736389396	0,00192736389396	0,00195947498869	0,00195947498869	0,00195947498869	0,00195947498869
95400	0,00145079117998	0,00145079117998	0,00145079117998	0,00145079117998	0,00147668065298	0,00147668065298	0,00147668065298	0,0015109261751	0,0015109261751	0,0015109261751	0,0015109261751	0,0015109261751	0,0015109261751	0,00151691788096	0,00151691788096	0,00151691788096	0,00151691788096
96300	0,00298263576912	0,00298263576912	0,00298263576912	0,00298263576912	0,00303537617995	0,00303537617995	0,00303537617995	0,00310869010142	0,00310869010142	0,00310869010142	0,00310869010142	0,00310869010142	0,00310869010142	0,00311974530177	0,00311974530177	0,00311974530177	0,00311974530177
97200	-0,00165290596093	-0,00165290596093	-0,00165290596093	-0,00165290596093	-0,00168162729621	-0,00168162729621	-0,00168162729621	-0,00172529302436	-0,00172529302436	-0,00172529302436	-0,00172529302436	-0,00172529302436	-0,00172529302436	-0,00173950166048	-0,00173950166048	-0,00173950166048	-0,00173950166048
98100	-0,00101628006454	-0,00101628006454	-0,00101628006454	-0,00101628006454	-0,00103313175326	-0,00103313175326	-0,00103313175326	-0,00106482417426	-0,00106482417426	-0,00106482417426	-0,00106482417426	-0,00106482417426	-0,00106482417426	-0,00107629723707	-0,00107629723707	-0,00107629723707	-0,00107629723707
99000	-0,000491053973625	-0,000491053973625	-0,000491053973625	-0,000491053973625	-0,000500380726013	-0,000500380726013	-0,000500380726013	-0,000508588765145	-0,000508588765145	-0,000508588765145	-0,000508588765145	-0,000508588765145	-0,000508588765145	-0,000497355667115	-0,000497355667115	-0,000497355667115	-0,000497355667115
99900	-0,000374531592752	-0,000374531592752	-0,000374531592752	-0,000374531592752	-0,000383404136725	-0,000383404136725	-0,000383404136725	-0,000379110846219	-0,000379110846219	-0,000379110846219	-0,000379110846219	-0,000379110846219	-0,000379110846219	-0,000374400308344	-0,000374400308344	-0,000374400308344	-0,000374400308344
100800	0,00495592964547	0,00495592964547	0,00495592964547	0,00495592964547	0,00503975495537	0,00503975495537	0,00503975495537	0,00518441996267	0,00518441996267	0,00518441996267	0,00518441996267	0,00518441996267	0,00518441996267	0,00520707604604	0,00520707604604	0,00520707604604	0,00520707604604
101700	-0,00334517145726	-0,00334517145726	-0,00334517145726	-0,00334517145726	-0,00339870713221	-0,00339870713221	-0,00339870713221	-0,00351462387592	-0,00351462387592	-0,00351462387592	-0,00351462387592	-0,00351462387592	-0,00351462387592	-0,00354132470502	-0,00354132470502	-0,00354132470502	-0,00354132470502
102600	-0,00176210111367	-0,00176210111367	-0,00176210111367	-0,00176210111367	-0,00179160548557	-0,00179160548557	-0,00179160548557	-0,0018448420873	-0,0018448420873	-0,0018448420873	-0,0018448420873	-0,0018448420873	-0,0018448420873	-0,00185084124966	-0,00185084124966	-0,00185084124966	-0,00185084124966
103500	0,00185229734728	0,00185229734728	0,00185229734728	0,00185229734728	0,00188385315435	0,00188385315435	0,00188385315435	0,00193656755176	0,00193656755176	0,00193656755176	0,00193656755176	0,00193656755176	0,00193656755176	0,0019417698395	0,0019417698395	0,0019417698395	0,0019417698395
104400	-0,00715662696633	-0,00715662696633	-0,00715662696633	-0,00715662696633	-0,00728263019109	-0,00728263019109	-0,00728263019109	-0,00746180416921	-0,00746180416921	-0,00746180416921	-0,00746180416921	-0,00746180416921	-0,00746180416921	-0,00747608224425	-0,00747608224425	-0,00747608224425	-0,00747608224425
105300	0,000876543987245	0,000876543987245	0,000876543987245	0,000876543987245	0,000887485540837	0,000887485540837	0,000887485540837	0,000936378739395	0,000936378739395	0,000936378739395	0,000936378739395	0,000936378739395	0,000936378739395	0,000930055005968	0,000930055005968	0,000930055005968	0,000930055005968
106200	-0,00088763209363	-0,00088763209363	-0,00088763209363	-0,00088763209363	-0,000899742775103	-0,000899742775103	-0,000899742775103	-0,000943070146241	-0,000943070146241	-0,000943070146241	-0,000943070146241	-0,000943070146241	-0,000943070146241	-0,000967558333802	-0,000967558333802	-0,000967558333802	-0,000967558333802
107100	-0,00805443936818	-0,00805443936818	-0,00805443936818	-0,00805443936818	-0,00817878292998	-0,00817878292998	-0,00817878292998	-0,00848523665933	-0,00848523665933	-0,00848523665933	-0,00848523665933	-0,00848523665933	-0,00848523665933	-0,00855969069541	-0,00855969069541	-0,00855969069541	-0,00855969069541
108000	-0,0148617585627	-0,0148617585627	-0,0148617585627	-0,0148617585627	-0,0151286403983	-0,0151286403983	-0,0151286403983	-0,0154694119647	-0,0154694119647	-0,0154694119647	-0,0154694119647	-0,0154694119647	-0,0154694119647	-0,0155081576371	-0,0155081576371	-0,0155081576371	-0,0155081576371
108900	-0,00166354016822	-0,00166354016822	-0,00166354016822	-0,00166354016822	-0,00168932099726	-0,00168932099726	-0,00168932099726	-0,00175201938952	-0,00175201938952	-0,00175201938952	-0,00175201938952	-0,00175201938952	-0,00175201938952	-0,00179139285119	-0,00179139285119	-0,00179139285119	-0,00179139285119
109800	-0,0111442601654	-0,0111442601654	-0,0111442601654	-0,0111442601654	-0,0113413183988	-0,0113413183988	-0,0113413183988	-0,0116152469054	-0,0116152469054	-0,0116152469054	-0,0116152469054	-0,0116152469054	-0,0116152469054	-0,0116606225798	-0,0116606225798	-0,0116606225798	-0,0116606225798
110700	-0,0035175882691	-0,0035175882691	-0,0035175882691	-0,0035175882691	-0,00359060618193	-0,00359060618193	-0,00359060618193	-0,00361216009157	-0,00361216009157	-0,00361216009157	-0,00361216009157	-0,00361216009157	-0,00361216009157	-0,00361309156509	-0,00361309156509	-0,00361309156509	-0,00361309156509
111600	-0,00721381825185	-0,00721381825185	-0,00721381825185	-0,00721381825185	-0,00731446189687	-0,00731446189687	-0,00731446189687	-0,0076532668334	-0,0076532668334	-0,0076532668334	-0,0076532668334	-0,0076532668334	-0,0076532668334	-0,00776226453121	-0,00776226453121	-0,00776226453121	-0,00776226453121
112500	0,00111873157366	0,00111873157366	0,00111873157366	0,00111873157366	0,00114642339322	0,00114642339322	0,00114642339322	0,00112646289569	0,00112646289569	0,00112646289569	0,00112646289569	0,00112646289569	0,00112646289569	0,00112356268555	0,00112356268555	0,00112356268555	0,00112356268555
113400	-0,0106290846973	-0,0106290846973	-0,0106290846973	-0,0106290846973	-0,0108208010234	-0,0108208010234	-0,0108208010234	-0,01105946034	-0,01105946034	-0,01105946034	-0,01105946034	-0,01105946034	-0,01105946034	-0,0111276227567	-0,0111276227567	-0,0111276227567	-0,0111276227567
114300	-0,000991574985437	-0,000991574985437	-0,000991574985437	-0,000991574985437	-0,000999316545252	-0,000999316545252	-0,000999316545252	-0,00108244139983	-0,00108244139983	-0,00108244139983	-0,00108244139983	-0,00108244139983	-0,00108244139983	-0,0011284665552	-0,0011284665552	-0,0011284665552	-0,0011284665552
115200	-0,0219785640258	-0,0219785640258	-0,0219785640258	-0,0219785640258	-0,0223537851146	-0,0223537851146	-0,0223537851146	-0,0229745275423	-0,0229745275423	-0,0229745275423	-0,0229745275423	-0,0229745275423	-0,0229745275423	-0,0231062867325	-0,0231062867325	-0,0231062867325	-0,0231062867325
116100	-0,00528288628135	-0,00528288628135	-0,00528288628135	-0,00528288628135	-0,00537108744423	-0,00537108744423	-0,00537108744423	-0,00553222176992	-0,00553222176992	-0,00553222176992	-0,00553222176992	-0,00553222176992	-0,00553222176992	-0,00551333343262	-0,00551333343262	-0,00551333343262	-0,00551333343262
117000	-0,0129391749512	-0,0129391749512	-0,0129391749512	-0,0129391749512	-0,0131721971447	-0,0131721971447	-0,0131721971447	-0,0134648972008	-0,0134648972008	-0,0134648972008	-0,0134648972008	-0,0134648972008	-0,0134648972008	-0,0136152924564	-0,0136152924564	-0,0136152924564	-0,0136152924564
117900	0,0384678979002	0,0384678979002	0,0384678979002	0,0384678979002	0,0391465670439	0,0391465670439	0,0391465670439	0,040101371249	0,040101371249	0,040101371249	0,040101371249	0,040101371249	0,040101371249	0,0403440318207	0,0403440318207	0,0403440318207	0,0403440318207
118800	-0,0213357688387	-0,0213357688387	-0,0213357688387	-0,0213357688387	-0,0216971085021	-0,0216971085021	-0,0216971085021	-0,0223705672721	-0,0223705672721	-0,0223705672721	-0,0223705672721	-0,0223705672721	-0,0223705672721	-0,0225822162137	-0,0225822162137	-0,0225822162137	-0,0225822162137
119700	0,0662977807723	0,0662977807723	0,0662977807723	0,0662977807723	0,0673431643751	0,0673431643751	0,0673431643751	0,069287850649	0,069287850649	0,069287850649	0,069287850649	0,069287850649	0,069287850649	0,0697093124999	0,0697093124999	0,0697093124999	0,0697093124999
120600	0,192237801389	0,192237801389	0,192237801389	0,192237801389	0,195395520738	0,195395520738	0,195395520738	0,200425414027	0,200425414027	0,200425414027	0,200425414027	0,200425414027	0,200425414027	0,201566875704	0,201566875704	0,201566875704	0,201566875704
121500	-0,206568757387	-0,206568757387	-0,206568757387	-0,206568757387	-0,209922723953	-0,209922723953	-0,209922723953	-0,21540125981	-0,21540125981	-0,21540125981	-0,21540125981	-0,21540125981	-0,21540125981	-0,216521137619	-0,216521137619	-0,216521137619	-0,216521137619
122400	0,190070390452	0,190070390452	0,190070390452	0,190070390452	0,193098806365	0,193098806365	0,193098806365	0,198173322442	0,198173322442	0,198173322442	0,198173322442	0,198173322442	0,198173322442	0,199389850864	0,199389850864	0,199389850864	0,199389850864
123300	0,0434556923354	0,0434556923354	0,0434556923354	0,0434556923354	0,0442767856058	0,0442767856058	0,0442767856058	0,0450433974029	0,0450433974029	0,0450433974029	0,0450433974029	0,0450433974029	0,0450433974029	0,044968746403	0,044968746403	0,044968746403	0,044968746403
124200	-0,000752334801291	-0,000752334801291	-0,000752334801291	-0,000752334801291	-0,000827134039143	-0,000827134039143	-0,000827134039143	-0,00061379272344	-0,00061379272344	-0,00061379272344	-0,00061379272344	-0,00061379272344	-0,00061379272344	-0,000503080834733	-0,000503080834733	-0,000503080834733	-0,000503080834733
125100	0,0800679433716	0,0800679433716	0,0800679433716	0,0800679433716	0,0814353686485	0,0814353686485	0,0814353686485	0,083299522684	0,083299522684	0,083299522684	0,083299522684	0,083299522684	0,083299522684	0,0837205062313	0,0837205062313	0,0837205062313	0,0837205062313
126000	-0,029999212134	-0,029999212134	-0,029999212134	-0,029999212134	-0,0304947288039	-0,0304947288039	-0,0304947288039	-0,0311601279812	-0,0311601279812	-0,0311601279812	-0,0311601279812	-0,0311601279812	-0,0311601279812	-0,0312064654688	-0,0312064654688	-0,0312064654688	-0,0312064654688
126900	0,0056422377305	0,0056422377305	0,0056422377305	0,0056422377305	0,00573093526961	0,00573093526961	0,00573093526961	0,0056997489042	0,0056997489042	0,0056997489042	0,0056997489042	0,0056997489042	0,0056997489042	0,00572234464513	0,00572234464513	0,00572234464513	0,00572234464513
127800	-0,0332408051669	-0,0332408051669	-0,0332408051669	-0,0332408051669	-0,0337882812283	-0,0337882812283	-0,0337882812283	-0,0344436292847	-0,0344436292847	-0,0344436292847	-0,0344436292847	-0,0344436292847	-0,0344436292847	-0,0346162582607	-0,0346162582607	-0,0346162582607	-0,0346162582607
128700	0,0528192622101	0,0528192622101	0,0528192622101	0,0528192622101	0,0536373555152	0,0536373555152	0,0536373555152	0,0552183706525	0,0552183706525	0,0552183706525	0,0552183706525	0,0552183706525	0,0552183706525	0,0555631219935	0,0555631219935	0,0555631219935	0,0555631219935
129600	-0,0101608924379	-0,0101608924379	-0,0101608924379	-0,0101608924379	-0,0103214277523	-0,0103214277523	-0,0103214277523	-0,0105394652693	-0,0105394652693	-0,0105394652693	-0,0105394652693	-0,0105394652693	-0,0105394652693	-0,0105543208995	-0,0105543208995	-0,0105543208995	-0,0105543208995
130500	-0,0408401993906	-0,0408401993906	-0,0408401993906	-0,0408401993906	-0,0415446262673	-0,0415446262673	-0,0415446262673	-0,0425493128837	-0,0425493128837	-0,0425493128837	-0,0425493128837	-0,0425493128837	-0,0425493128837	-0,042752123886	-0,042752123886	-0,042752123886	-0,042752123886
131400	0,00577874547492	0,00577874547492	0,00577874547492	0,00577874547492	0,00590321731976	0,00590321731976	0,00590321731976	0,00581032395758	0,00581032395758	0,00581032395758	0,00581032395758	0,00581032395758	0,00581032395758	0,00577233574698	0,00577233574698	0,00577233574698	0,00577233574698
132300	-0,00169655299709	-0,00169655299709	-0,00169655299709	-0,00169655299709	-0,00170427235113	-0,00170427235113	-0,00170427235113	-0,00178008893296	-0,00178008893296	-0,00178008893296	-0,00178008893296	-0,00178008893296	-0,00178008893296	-0,00183488010164	-0,00183488010164	-0,00183488010164	-0,00183488010164
133200	-0,0160040336782	-0,0160040336782	-0,0160040336782	-0,0160040336782	-0,016249663403	-0,016249663403	-0,016249663403	-0,0166921999491	-0,0166921999491	-0,0166921999491	-0,0166921999491	-0,0166921999491	-0,0166921999491	-0,0168246225542	-0,0168246225542	-0,0168246225542	-0,0168246225542
134100	-0,0717749097363	-0,0717749097363	-0,0717749097363	-0,0717749097363	-0,0729324492495	-0,0729324492495	-0,0729324492495	-0,0748238911826	-0,0748238911826	-0,0748238911826	-0,0748238911826	-0,0748238911826	-0,0748238911826	-0,0751946357762	-0,0751946357762	-0,0751946357762	-0,0751946357762
135000	0,0541947516636	0,0541947516636	0,0541947516636	0,0541947516636	0,0550858220774	0,0550858220774	0,0550858220774	0,0565012221792	0,0565012221792	0,0565012221792	0,0565012221792	0,0565012221792	0,0565012221792	0,0568194585922	0,0568194585922	0,0568194585922	0,0568194585922
135900	0,0313616425933	0,0313616425933	0,0313616425933	0,0313616425933	0,0318632629918	0,0318632629918	0,0318632629918	0,0327119571952	0,0327119571952	0,0327119571952	0,0327119571952	0,0327119571952	0,0327119571952	0,0328469467414	0,0328469467414	0,0328469467414	0,0328469467414
136800	-0,0633221569737	-0,0633221569737	-0,0633221569737	-0,0633221569737	-0,0643788562903	-0,0643788562903	-0,0643788562903	-0,0657972628691	-0,0657972628691	-0,0657972628691	-0,0657972628691	-0,0657972628691	-0,0657972628691	-0,0660657673969	-0,0660657673969	-0,0660657673969	-0,0660657673969
137700	0,110496399263	0,110496399263	0,110496399263	0,110496399263	0,112301918259	0,112301918259	0,112301918259	0,115155803544	0,115155803544	0,115155803544	0,115155803544	0,115155803544	0,115155803544	0,115808259562	0,115808259562	0,115808259562	0,115808259562
138600	0,0599826242566	0,0599826242566	0,0599826242566	0,0599826242566	0,060960914105	0,060960914105	0,060960914105	0,0624021067723	0,0624021067723	0,0624021067723	0,0624021067723	0,0624021067723	0,0624021067723	0,0627122887919	0,0627122887919	0,0627122887919	0,0627122887919
139500	-0,185311370986	-0,185311370986	-0,185311370986	-0,185311370986	-0,188343120377	-0,188343120377	-0,188343120377	-0,193116557179	-0,193116557179	-0,193116557179	-0,193116557179	-0,193116557179	-0,193116557179	-0,194123185826	-0,194123185826	-0,194123185826	-0,194123185826
140400	-0,0605935893962	-0,0605935893962	-0,0605935893962	-0,0605935893962	-0,0615932829819	-0,0615932829819	-0,0615932829819	-0,0630761064297	-0,0630761064297	-0,0630761064297	-0,0630761064297	-0,0630761064297	-0,0630761064297	-0,0634573771508	-0,0634573771508	-0,0634573771508	-0,0634573771508
141300	-0,0758661854377	-0,0758661854377	-0,0758661854377	-0,0758661854377	-0,0770617429863	-0,0770617429863	-0,0770617429863	-0,0791226617814	-0,0791226617814	-0,0791226617814	-0,0791226617814	-0,0791226617814	-0,0791226617814	-0,0795886970636	-0,0795886970636	-0,0795886970636	-0,0795886970636
142200	0,0171815719737	0,0171815719737	0,0171815719737	0,0171815719737	0,0174601095848	0,0174601095848	0,0174601095848	0,017850217138	0,017850217138	0,017850217138	0,017850217138	0,017850217138	0,017850217138	0,0179026183496	0,0179026183496	0,0179026183496	0,0179026183496
143100	-0,0217705350113	-0,0217705350113	-0,0217705350113	-0,0217705350113	-0,0221363178634	-0,0221363178634	-0,0221363178634	-0,0226879156418	-0,0226879156418	-0,0226879156418	-0,0226879156418	-0,0226879156418	-0,0226879156418	-0,0227523415867	-0,0227523415867	-0,0227523415867	-0,0227523415867
144000	-0,0630948699448	-0,0630948699448	-0,0630948699448	-0,0630948699448	-0,0641143321918	-0,0641143321918	-0,0641143321918	-0,0658439614076	-0,0658439614076	-0,0658439614076	-0,0658439614076	-0,0658439614076	-0,0658439614076	-0,0663489931022	-0,0663489931022	-0,0663489931022	-0,0663489931022
144900	0,0029148102764	0,0029148102764	0,0029148102764	0,0029148102764	0,00296555526411	0,00296555526411	0,00296555526411	0,00304197861763	0,00304197861763	0,00304197861763	0,00304197861763	0,00304197861763	0,00304197861763	0,00308725799262	0,00308725799262	0,00308725799262	0,00308725799262
145800	0,00942300996997	0,00942300996997	0,00942300996997	0,00942300996997	0,00957129369557	0,00957129369557	0,00957129369557	0,00991294461558	0,00991294461558	0,00991294461558	0,00991294461558	0,00991294461558	0,00991294461558	0,0100021809748	0,0100021809748	0,0100021809748	0,0100021809748
146700	-0,0241719421873	-0,0241719421873	-0,0241719421873	-0,0241719421873	-0,0245757348324	-0,0245757348324	-0,0245757348324	-0,0253116512149	-0,0253116512149	-0,0253116512149	-0,0253116512149	-0,0253116512149	-0,0253116512149	-0,0254796236939	-0,0254796236939	-0,0254796236939	-0,0254796236939
147600	0,000146155507264	0,000146155507264	0,000146155507264	0,000146155507264	0,000138048217347	0,000138048217347	0,000138048217347	0,000205790850153	0,000205790850153	0,000205790850153	0,000205790850153	0,000205790850153	0,000205790850153	0,000254602673097	0,000254602673097	0,000254602673097	0,000254602673097
148500	-0,0169475958279	-0,0169475958279	-0,0169475958279	-0,0169475958279	-0,0172533639051	-0,0172533639051	-0,0172533639051	-0,0176334000499	-0,0176334000499	-0,0176334000499	-0,0176334000499	-0,0176334000499	-0,0176334000499	-0,017712277234	-0,017712277234	-0,017712277234	-0,017712277234
149400	-0,0239554556211	-0,0239554556211	-0,0239554556211	-0,0239554556211	-0,0244342487529	-0,0244342487529	-0,0244342487529	-0,0246918718112	-0,0246918718112	-0,0246918718112	-0,0246918718112	-0,0246918718112	-0,0246918718112	-0,0247215346594	-0,0247215346594	-0,0247215346594	-0,0247215346594
150300	0,0190742315293	0,0190742315293	0,0190742315293	0,0190742315293	0,0194387714788	0,0194387714788	0,0194387714788	0,0197440613565	0,0197440613565	0,0197440613565	0,0197440613565	0,0197440613565	0,0197440613565	0,0197926680668	0,0197926680668	0,0197926680668	0,0197926680668
151200	-0,0206300925065	-0,0206300925065	-0,0206300925065	-0,0206300925065	-0,021011082341	-0,021011082341	-0,021011082341	-0,0214209870508	-0,0214209870508	-0,0214209870508	-0,0214209870508	-0,0214209870508	-0,0214209870508	-0,0215561015684	-0,0215561015684	-0,0215561015684	-0,0215561015684
152100	0,00114577543667	0,00114577543667	0,00114577543667	0,00114577543667	0,0011824529233	0,0011824529233	0,0011824529233	0,00111211163151	0,00111211163151	0,00111211163151	0,00111211163151	0,00111211163151	0,00111211163151	0,00114495233705	0,00114495233705	0,00114495233705	0,00114495233705
153000	-0,0011652498054	-0,0011652498054	-0,0011652498054	-0,0011652498054	-0,00112552666506	-0,00112552666506	-0,00112552666506	-0,0015161418222	-0,0015161418222	-0,0015161418222	-0,0015161418222	-0,0015161418222	-0,0015161418222	-0,0016804319593	-0,0016804319593	-0,0016804319593	-0,0016804319593
153900	-0,0112530617536	-0,0112530617536	-0,0112530617536	-0,0112530617536	-0,011435674259	-0,011435674259	-0,011435674259	-0,0118105012274	-0,0118105012274	-0,0118105012274	-0,0118105012274	-0,0118105012274	-0,0118105012274	-0,0119211878787	-0,0119211878787	-0,0119211878787	-0,0119211878787
154800	-0,00395038939693	-0,00395038939693	-0,00395038939693	-0,00395038939693	-0,00399911801718	-0,00399911801718	-0,00399911801718	-0,00422296973205	-0,00422296973205	-0,00422296973205	-0,00422296973205	-0,00422296973205	-0,00422296973205	-0,00431775812312	-0,00431775812312	-0,00431775812312	-0,00431775812312
155700	0,0025621010184	0,0025621010184	0,0025621010184	0,0025621010184	0,00259486408255	0,00259486408255	0,00259486408255	0,00273309058324	0,00273309058324	0,00273309058324	0,00273309058324	0,00273309058324	0,00273309058324	0,00275908228532	0,00275908228532	0,00275908228532	0,00275908228532
156600	0,010538589407	0,010538589407	0,010538589407	0,010538589407	0,0107336951742	0,0107336951742	0,0107336951742	0,0109401925133	0,0109401925133	0,0109401925133	0,0109401925133	0,0109401925133	0,0109401925133	0,0109830760813	0,0109830760813	0,0109830760813	0,0109830760813
157500	-0,0128658284965	-0,0128658284965	-0,0128658284965	-0,0128658284965	-0,0131296506209	-0,0131296506209	-0,0131296506209	-0,013227955813	-0,013227955813	-0,013227955813	-0,013227955813	-0,013227955813	-0,013227955813	-0,0131033831014	-0,0131033831014	-0,0131033831014	-0,0131033831014
158400	0,00888184616873	0,00888184616873	0,00888184616873	0,00888184616873	0,00902954391346	0,00902954391346	0,00902954391346	0,00930399978197	0,00930399978197	0,00930399978197	0,00930399978197	0,00930399978197	0,00930399978197	0,0093946346368	0,0093946346368	0,0093946346368	0,0093946346368
159300	0,00580133706211	0,00580133706211	0,00580133706211	0,00580133706211	0,00589106898591	0,00589106898591	0,00589106898591	0,00611076886917	0,00611076886917	0,00611076886917	0,00611076886917	0,00611076886917	0,00611076886917	0,00612381934561	0,00612381934561	0,00612381934561	0,00612381934561
160200	0,0270780193659	0,0270780193659	0,0270780193659	0,0270780193659	0,0275472292004	0,0275472292004	0,0275472292004	0,0282704006856	0,0282704006856	0,0282704006856	0,0282704006856	0,0282704006856	0,0282704006856	0,0283959952911	0,0283959952911	0,0283959952911	0,0283959952911
161100	-0,00200254281732	-0,00200254281732	-0,00200254281732	-0,00200254281732	-0,00201945796668	-0,00201945796668	-0,00201945796668	-0,00217965140185	-0,00217965140185	-0,00217965140185	-0,00217965140185	-0,00217965140185	-0,00217965140185	-0,00222464354019	-0,00222464354019	-0,00222464354019	-0,00222464354019
162000	0,00783552867075	0,00783552867075	0,00783552867075	0,00783552867075	0,00797302189294	0,00797302189294	0,00797302189294	0,0081719879433	0,0081719879433	0,0081719879433	0,0081719879433	0,0081719879433	0,0081719879433	0,00823612460023	0,00823612460023	0,00823612460023	0,00823612460023
162900	-0,00343603216406	-0,00343603216406	-0,00343603216406	-0,00343603216406	-0,00349045807798	-0,00349045807798	-0,00349045807798	-0,00361292215675	-0,00361292215675	-0,00361292215675	-0,00361292215675	-0,00361292215675	-0,00361292215675	-0,00364063108112	-0,00364063108112	-0,00364063108112	-0,00364063108112
163800	0,00230229910245	0,00230229910245	0,00230229910245	0,00230229910245	0,00232535017791	0,00232535017791	0,00232535017791	0,00248789811843	0,00248789811843	0,00248789811843	0,00248789811843	0,00248789811843	0,00248789811843	0,00250747235007	0,00250747235007	0,00250747235007	0,00250747235007
164700	0,011149146188	0,011149146188	0,011149146188	0,011149146188	0,0113294720756	0,0113294720756	0,0113294720756	0,0117044475656	0,0117044475656	0,0117044475656	0,0117044475656	0,0117044475656	0,0117044475656	0,0118160256014	0,0118160256014	0,0118160256014	0,0118160256014
165600	0,00221126668548	0,00221126668548	0,00221126668548	0,00221126668548	0,00224884107838	0,00224884107838	0,00224884107838	0,00231235233429	0,00231235233429	0,00231235233429	0,00231235233429	0,00231235233429	0,00231235233429	0,00233285682652	0,00233285682652	0,00233285682652	0,00233285682652
166500	-0,000481133036374	-0,000481133036374	-0,000481133036374	-0,000481133036374	-0,000482068745108	-0,000482068745108	-0,000482068745108	-0,000539326626131	-0,000539326626131	-0,000539326626131	-0,000539326626131	-0,000539326626131	-0,000539326626131	-0,000546915894241	-0,000546915894241	-0,000546915894241	-0,000546915894241
167400	0,00793558264907	0,00793558264907	0,00793558264907	0,00793558264907	0,00806993414608	0,00806993414608	0,00806993414608	0,00830080864428	0,00830080864428	0,00830080864428	0,00830080864428	0,00830080864428	0,00830080864428	0,00833568907856	0,00833568907856	0,00833568907856	0,00833568907856
168300	0,00820649556366	0,00820649556366	0,00820649556366	0,00820649556366	0,00834676953524	0,00834676953524	0,00834676953524	0,00857751077228	0,00857751077228	0,00857751077228	0,00857751077228	0,00857751077228	0,00857751077228	0,00863373231341	0,00863373231341	0,00863373231341	0,00863373231341
169200	-0,00342239914547	-0,00342239914547	-0,00342239914547	-0,00342239914547	-0,00348839861805	-0,00348839861805	-0,00348839861805	-0,00353962431594	-0,00353962431594	-0,00353962431594	-0,00353962431594	-0,00353962431594	-0,00353962431594	-0,00353447422391	-0,00353447422391	-0,00353447422391	-0,00353447422391
170100	0,000573987821826	0,000573987821826	0,000573987821826	0,000573987821826	0,00058191303912	0,00058191303912	0,00058191303912	0,000609367682015	0,000609367682015	0,000609367682015	0,000609367682015	0,000609367682015	0,000609367682015	0,00061628793804	0,00061628793804	0,00061628793804	0,00061628793804
171000	0,0129717227482	0,0129717227482	0,0129717227482	0,0129717227482	0,0132065964185	0,0132065964185	0,0132065964185	0,0134924362568	0,0134924362568	0,0134924362568	0,0134924362568	0,0134924362568	0,0134924362568	0,0135507958317	0,0135507958317	0,0135507958317	0,0135507958317
171900	-0,000162755245492	-0,000162755245492	-0,000162755245492	-0,000162755245492	-0,000157021022915	-0,000157021022915	-0,000157021022915	-0,000212694424893	-0,000212694424893	-0,000212694424893	-0,000212694424893	-0,000212694424893	-0,000212694424893	-0,000226924964591	-0,000226924964591	-0,000226924964591	-0,000226924964591
172800	0,00103845627727	0,00103845627727	0,00103845627727	0,00103845627727	0,001053409283	0,001053409283	0,001053409283	0,00109939168221	0,00109939168221	0,00109939168221	0,00109939168221	0,00109939168221	0,00109939168221	0,00109702406341	0,00109702406341	0,00109702406341	0,00109702406341
173700	0,0096463931655	0,0096463931655	0,0096463931655	0,0096463931655	0,00980705260827	0,00980705260827	0,00980705260827	0,0101036398579	0,0101036398579	0,0101036398579	0,0101036398579	0,0101036398579	0,0101036398579	0,0101549426714	0,0101549426714	0,0101549426714	0,0101549426714
174600	-0,00572956822455	-0,00572956822455	-0,00572956822455	-0,00572956822455	-0,00582661783607	-0,00582661783607	-0,00582661783607	-0,00599303237374	-0,00599303237374	-0,00599303237374	-0,00599303237374	-0,00599303237374	-0,00599303237374	-0,00601639458237	-0,00601639458237	-0,00601639458237	-0,00601639458237
175500	0,0130101096427	0,0130101096427	0,0130101096427	0,0130101096427	0,0132336925621	0,0132336925621	0,0132336925621	0,0135922931195	0,0135922931195	0,0135922931195	0,0135922931195	0,0135922931195	0,0135922931195	0,013693599149	0,013693599149	0,013693599149	0,013693599149
176400	0,00717387513181	0,00717387513181	0,00717387513181	0,00717387513181	0,00728213011713	0,00728213011713	0,00728213011713	0,00757004743846	0,00757004743846	0,00757004743846	0,00757004743846	0,00757004743846	0,00757004743846	0,00764049087638	0,00764049087638	0,00764049087638	0,00764049087638
177300	0,000535276713617	0,000535276713617	0,000535276713617	0,000535276713617	0,000562020533046	0,000562020533046	0,000562020533046	0,000471504983307	0,000471504983307	0,000471504983307	0,000471504983307	0,000471504983307	0,000471504983307	0,000452215058704	0,000452215058704	0,000452215058704	0,000452215058704
178200	0,00353639266001	0,00353639266001	0,00353639266001	0,00353639266001	0,00359055032222	0,00359055032222	0,00359055032222	0,00372772300234	0,00372772300234	0,00372772300234	0,00372772300234	0,00372772300234	0,00372772300234	0,00374002742625	0,00374002742625	0,00374002742625	0,00374002742625
179100	-0,00697746651091	-0,00697746651091	-0,00697746651091	-0,00697746651091	-0,00709513019983	-0,00709513019983	-0,00709513019983	-0,00730092957301	-0,00730092957301	-0,00730092957301	-0,00730092957301	-0,00730092957301	-0,00730092957301	-0,00734349671875	-0,00734349671875	-0,00734349671875	-0,00734349671875
180000	0,00821207203817	0,00821207203817	0,00821207203817	0,00821207203817	0,00835025166019	0,00835025166019	0,00835025166019	0,00859428770136	0,00859428770136	0,00859428770136	0,00859428770136	0,00859428770136	0,00859428770136	0,00864884537635	0,00864884537635	0,00864884537635	0,00864884537635
180900	0,00643998514458	0,00643998514458	0,00643998514458	0,00643998514458	0,0065416947418	0,0065416947418	0,0065416947418	0,00677298320519	0,00677298320519	0,00677298320519	0,00677298320519	0,00677298320519	0,00677298320519	0,0068464375574	0,0068464375574	0,0068464375574	0,0068464375574
181800	0,00105609349906	0,00105609349906	0,00105609349906	0,00105609349906	0,00107278519614	0,00107278519614	0,00107278519614	0,00111064019363	0,00111064019363	0,00111064019363	0,00111064019363	0,00111064019363	0,00111064019363	0,00110766164753	0,00110766164753	0,00110766164753	0,00110766164753
182700	1,47841418463e-05	1,47841418463e-05	1,47841418463e-05	1,47841418463e-05	2,28440451186e-05	2,28440451186e-05	2,28440451186e-05	-2,35834545795e-05	-2,35834545795e-05	-2,35834545795e-05	-2,35834545795e-05	-2,35834545795e-05	-2,35834545795e-05	-3,82081737068e-05	-3,82081737068e-05	-3,82081737068e-05	-3,82081737068e-05
183600	-0,000893208568201	-0,000893208568201	-0,000893208568201	-0,000893208568201	-0,000911621923084	-0,000911621923084	-0,000911621923084	-0,00091786196017	-0,00091786196017	-0,00091786196017	-0,00091786196017	-0,00091786196017	-0,00091786196017	-0,000928014538749	-0,000928014538749	-0,000928014538749	-0,000928014538749
184500	0,00291701492912	0,00291701492912	0,00291701492912	0,00291701492912	0,00297011586138	0,00297011586138	0,00297011586138	0,00303269164075	0,00303269164075	0,00303269164075	0,00303269164075	0,00303269164075	0,00303269164075	0,00304913168684	0,00304913168684	0,00304913168684	0,00304913168684
185400	-0,00360227287092	-0,00360227287092	-0,00360227287092	-0,00360227287092	-0,00366892383302	-0,00366892383302	-0,00366892383302	-0,00373974562026	-0,00373974562026	-0,00373974562026	-0,00373974562026	-0,00373974562026	-0,00373974562026	-0,00373478122137	-0,00373478122137	-0,00373478122137	-0,00373478122137
186300	0,00644595067542	0,00644595067542	0,00644595067542	0,00644595067542	0,00655598005566	0,00655598005566	0,00655598005566	0,00673812936757	0,00673812936757	0,00673812936757	0,00673812936757	0,00673812936757	0,00673812936757	0,0067633935006	0,0067633935006	0,0067633935006	0,0067633935006
187200	-0,00238446160999	-0,00238446160999	-0,00238446160999	-0,00238446160999	-0,002424450609	-0,002424450609	-0,002424450609	-0,00249610650156	-0,00249610650156	-0,00249610650156	-0,00249610650156	-0,00249610650156	-0,00249610650156	-0,00251374200789	-0,00251374200789	-0,00251374200789	-0,00251374200789
188100	0,00112281666543	0,00112281666543	0,00112281666543	0,00112281666543	0,00114324044625	0,00114324044625	0,00114324044625	0,00116742200162	0,00116742200162	0,00116742200162	0,00116742200162	0,00116742200162	0,00116742200162	0,00117355656791	0,00117355656791	0,00117355656791	0,00117355656791
189000	-0,000241604001803	-0,000241604001803	-0,000241604001803	-0,000241604001803	-0,000244245067794	-0,000244245067794	-0,000244245067794	-0,000259970312012	-0,000259970312012	-0,000259970312012	-0,000259970312012	-0,000259970312012	-0,000259970312012	-0,000251581288345	-0,000251581288345	-0,000251581288345	-0,000251581288345
189900	0,000874793233652	0,000874793233652	0,000874793233652	0,000874793233652	0,000890680304807	0,000890680304807	0,000890680304807	0,000909671617713	0,000909671617713	0,000909671617713	0,000909671617713	0,000909671617713	0,000909671617713	0,00090769847493	0,00090769847493	0,00090769847493	0,00090769847493
190800	5,40139918182e-05	5,40139918182e-05	5,40139918182e-05	5,40139918182e-05	5,07981480041e-05	5,07981480041e-05	5,07981480041e-05	7,71514976501e-05	7,71514976501e-05	7,71514976501e-05	7,71514976501e-05	7,71514976501e-05	7,71514976501e-05	8,1322199397e-05	8,1322199397e-05	8,1322199397e-05	8,1322199397e-05
191700	-0,00361446330362	-0,00361446330362	-0,00361446330362	-0,00361446330362	-0,00367887539957	-0,00367887539957	-0,00367887539957	-0,00376472337072	-0,00376472337072	-0,00376472337072	-0,00376472337072	-0,00376472337072	-0,00376472337072	-0,00378115066442	-0,00378115066442	-0,00378115066442	-0,00378115066442
192600	-0,00403950738091	-0,00403950738091	-0,00403950738091	-0,00403950738091	-0,00410522644446	-0,00410522644446	-0,00410522644446	-0,00423877530981	-0,00423877530981	-0,00423877530981	-0,00423877530981	-0,00423877530981	-0,00423877530981	-0,00428805748746	-0,00428805748746	-0,00428805748746	-0,00428805748746
193500	0,00423410040542	0,00423410040542	0,00423410040542	0,00423410040542	0,00430653655706	0,00430653655706	0,00430653655706	0,00442521136738	0,00442521136738	0,00442521136738	0,00442521136738	0,00442521136738	0,00442521136738	0,00447282950948	0,00447282950948	0,00447282950948	0,00447282950948
194400	-0,00245313005817	-0,00245313005817	-0,00245313005817	-0,00245313005817	-0,00249283035322	-0,00249283035322	-0,00249283035322	-0,00257519172953	-0,00257519172953	-0,00257519172953	-0,00257519172953	-0,00257519172953	-0,00257519172953	-0,00259279304598	-0,00259279304598	-0,00259279304598	-0,00259279304598
195300	-0,00221483303546	-0,00221483303546	-0,00221483303546	-0,00221483303546	-0,00225813383283	-0,00225813383283	-0,00225813383283	-0,0022877526954	-0,0022877526954	-0,0022877526954	-0,0022877526954	-0,0022877526954	-0,0022877526954	-0,00229679759741	-0,00229679759741	-0,00229679759741	-0,00229679759741
196200	-0,00347978495911	-0,00347978495911	-0,00347978495911	-0,00347978495911	-0,00353705871078	-0,00353705871078	-0,00353705871078	-0,00364813763402	-0,00364813763402	-0,00364813763402	-0,00364813763402	-0,00364813763402	-0,00364813763402	-0,00368005727375	-0,00368005727375	-0,00368005727375	-0,00368005727375
197100	-0,0021905170127	-0,0021905170127	-0,0021905170127	-0,0021905170127	-0,00222788799759	-0,00222788799759	-0,00222788799759	-0,00228990823501	-0,00228990823501	-0,00228990823501	-0,00228990823501	-0,00228990823501	-0,00228990823501	-0,00230651605313	-0,00230651605313	-0,00230651605313	-0,00230651605313
198000	-0,00166866274364	-0,00166866274364	-0,00166866274364	-0,00166866274364	-0,00169611156953	-0,00169611156953	-0,00169611156953	-0,00174947137417	-0,00174947137417	-0,00174947137417	-0,00174947137417	-0,00174947137417	-0,00174947137417	-0,00174582229083	-0,00174582229083	-0,00174582229083	-0,00174582229083
198900	-0,00131514019458	-0,00131514019458	-0,00131514019458	-0,00131514019458	-0,00133198150716	-0,00133198150716	-0,00133198150716	-0,00140278977824	-0,00140278977824	-0,00140278977824	-0,00140278977824	-0,00140278977824	-0,00140278977824	-0,00140937525284	-0,00140937525284	-0,00140937525284	-0,00140937525284
199800	-0,00163773276272	-0,00163773276272	-0,00163773276272	-0,00163773276272	-0,0016627008093	-0,0016627008093	-0,0016627008093	-0,00172690350983	-0,00172690350983	-0,00172690350983	-0,00172690350983	-0,00172690350983	-0,00172690350983	-0,00178209151609	-0,00178209151609	-0,00178209151609	-0,00178209151609
200700	-0,0128841202236	-0,0128841202236	-0,0128841202236	-0,0128841202236	-0,0131020913092	-0,0131020913092	-0,0131020913092	-0,0134778991826	-0,0134778991826	-0,0134778991826	-0,0134778991826	-0,0134778991826	-0,0134778991826	-0,0135821783777	-0,0135821783777	-0,0135821783777	-0,0135821783777
201600	-0,0220676011591	-0,0220676011591	-0,0220676011591	-0,0220676011591	-0,0224708578264	-0,0224708578264	-0,0224708578264	-0,022935004989	-0,022935004989	-0,022935004989	-0,022935004989	-0,022935004989	-0,022935004989	-0,0230057971893	-0,0230057971893	-0,0230057971893	-0,0230057971893
202500	0,0108275034427	0,0108275034427	0,0108275034427	0,0108275034427	0,0110375187155	0,0110375187155	0,0110375187155	0,0111923127523	0,0111923127523	0,0111923127523	0,0111923127523	0,0111923127523	0,0111923127523	0,0111917038162	0,0111917038162	0,0111917038162	0,0111917038162
203400	-0,0267049584855	-0,0267049584855	-0,0267049584855	-0,0267049584855	-0,0271667970362	-0,0271667970362	-0,0271667970362	-0,0278854402782	-0,0278854402782	-0,0278854402782	-0,0278854402782	-0,0278854402782	-0,0278854402782	-0,0280147974048	-0,0280147974048	-0,0280147974048	-0,0280147974048
204300	-0,00595282173454	-0,00595282173454	-0,00595282173454	-0,00595282173454	-0,00603340944438	-0,00603340944438	-0,00603340944438	-0,00632776907875	-0,00632776907875	-0,00632776907875	-0,00632776907875	-0,00632776907875	-0,00632776907875	-0,00640413550379	-0,00640413550379	-0,00640413550379	-0,00640413550379
205200	-0,0297287349906	-0,0297287349906	-0,0297287349906	-0,0297287349906	-0,030234954621	-0,030234954621	-0,030234954621	-0,0310824664576	-0,0310824664576	-0,0310824664576	-0,0310824664576	-0,0310824664576	-0,0310824664576	-0,0312525966476	-0,0312525966476	-0,0312525966476	-0,0312525966476
206100	0,00111525428729	0,00111525428729	0,00111525428729	0,00111525428729	0,00108394512936	0,00108394512936	0,00108394512936	0,00141753993163	0,00141753993163	0,00141753993163	0,00141753993163	0,00141753993163	0,00141753993163	0,00142199547906	0,00142199547906	0,00142199547906	0,00142199547906
207000	0,0580306591708	0,0580306591708	0,0580306591708	0,0580306591708	0,0590460608524	0,0590460608524	0,0590460608524	0,0602298177248	0,0602298177248	0,0602298177248	0,0602298177248	0,0602298177248	0,0602298177248	0,0605275458074	0,0605275458074	0,0605275458074	0,0605275458074
207900	-0,00170921106234	-0,00170921106234	-0,00170921106234	-0,00170921106234	-0,00180597573653	-0,00180597573653	-0,00180597573653	-0,00163374022016	-0,00163374022016	-0,00163374022016	-0,00163374022016	-0,00163374022016	-0,00163374022016	-0,00162303965702	-0,00162303965702	-0,00162303965702	-0,00162303965702
208800	0,0812680601319	0,0812680601319	0,0812680601319	0,0812680601319	0,0826435542723	0,0826435542723	0,0826435542723	0,0845979367656	0,0845979367656	0,0845979367656	0,0845979367656	0,0845979367656	0,0845979367656	0,0850373873741	0,0850373873741	0,0850373873741	0,0850373873741
209700	0,0674317676874	0,0674317676874	0,0674317676874	0,0674317676874	0,0684592846621	0,0684592846621	0,0684592846621	0,0704720340667	0,0704720340667	0,0704720340667	0,0704720340667	0,0704720340667	0,0704720340667	0,0710740580026	0,0710740580026	0,0710740580026	0,0710740580026
210600	-0,0695154671135	-0,0695154671135	-0,0695154671135	-0,0695154671135	-0,0705747725587	-0,0705747725587	-0,0705747725587	-0,0727009951052	-0,0727009951052	-0,0727009951052	-0,0727009951052	-0,0727009951052	-0,0727009951052	-0,0732277720846	-0,0732277720846	-0,0732277720846	-0,0732277720846
211500	0,143159167624	0,143159167624	0,143159167624	0,143159167624	0,145420026023	0,145420026023	0,145420026023	0,149698917713	0,149698917713	0,149698917713	0,149698917713	0,149698917713	0,149698917713	0,150717929535	0,150717929535	0,150717929535	0,150717929535
212400	-0,114900771921	-0,114900771921	-0,114900771921	-0,114900771921	-0,116753917069	-0,116753917069	-0,116753917069	-0,119905892077	-0,119905892077	-0,119905892077	-0,119905892077	-0,119905892077	-0,119905892077	-0,120714467945	-0,120714467945	-0,120714467945	-0,120714467945
213300	0,107722710604	0,107722710604	0,107722710604	0,107722710604	0,109540763741	0,109540763741	0,109540763741	0,112172936724	0,112172936724	0,112172936724	0,112172936724	0,112172936724	0,112172936724	0,112770286814	0,112770286814	0,112770286814	0,112770286814
214200	0,0721653816404	0,0721653816404	0,0721653816404	0,0721653816404	0,0733476481686	0,0733476481686	0,0733476481686	0,0751478505866	0,0751478505866	0,0751478505866	0,0751478505866	0,0751478505866	0,0751478505866	0,0755047977332	0,0755047977332	0,0755047977332	0,0755047977332
215100	-0,141571314302	-0,141571314302	-0,141571314302	-0,141571314302	-0,143943759033	-0,143943759033	-0,143943759033	-0,147570450314	-0,147570450314	-0,147570450314	-0,147570450314	-0,147570450314	-0,147570450314	-0,148428165815	-0,148428165815	-0,148428165815	-0,148428165815
216000	0,096679779221	0,096679779221	0,096679779221	0,096679779221	0,0983552465853	0,0983552465853	0,0983552465853	0,100531795915	0,100531795915	0,100531795915	0,100531795915	0,100531795915	0,100531795915	0,100980429934	0,100980429934	0,100980429934	0,100980429934
216900	0,0783963811312	0,0783963811312	0,0783963811312	0,0783963811312	0,0796562469688	0,0796562469688	0,0796562469688	0,0817205032631	0,0817205032631	0,0817205032631	0,0817205032631	0,0817205032631	0,0817205032631	0,0822574357167	0,0822574357167	0,0822574357167	0,0822574357167
217800	-0,184327574851	-0,184327574851	-0,184327574851	-0,184327574851	-0,18736814744	-0,18736814744	-0,18736814744	-0,192034491641	-0,192034491641	-0,192034491641	-0,192034491641	-0,192034491641	-0,192034491641	-0,192952479609	-0,192952479609	-0,192952479609	-0,192952479609
218700	0,0883273728347	0,0883273728347	0,0883273728347	0,0883273728347	0,0897466855735	0,0897466855735	0,0897466855735	0,0922676280566	0,0922676280566	0,0922676280566	0,0922676280566	0,0922676280566	0,0922676280566	0,0927357251619	0,0927357251619	0,0927357251619	0,0927357251619
219600	0,131595538809	0,131595538809	0,131595538809	0,131595538809	0,13377311247	0,13377311247	0,13377311247	0,136940175838	0,136940175838	0,136940175838	0,136940175838	0,136940175838	0,136940175838	0,137592457097	0,137592457097	0,137592457097	0,137592457097
220500	0,0744034082601	0,0744034082601	0,0744034082601	0,0744034082601	0,0755277258228	0,0755277258228	0,0755277258228	0,077953286912	0,077953286912	0,077953286912	0,077953286912	0,077953286912	0,077953286912	0,0785382493207	0,0785382493207	0,0785382493207	0,0785382493207
221400	0,0466946591281	0,0466946591281	0,0466946591281	0,0466946591281	0,0474801929291	0,0474801929291	0,0474801929291	0,0486925060401	0,0486925060401	0,0486925060401	0,0486925060401	0,0486925060401	0,0486925060401	0,0489780866889	0,0489780866889	0,0489780866889	0,0489780866889
222300	-0,330547343966	-0,330547343966	-0,330547343966	-0,330547343966	-0,335959358851	-0,335959358851	-0,335959358851	-0,344530123423	-0,344530123423	-0,344530123423	-0,344530123423	-0,344530123423	-0,344530123423	-0,346459896047	-0,346459896047	-0,346459896047	-0,346459896047
223200	-0,140879189711	-0,140879189711	-0,140879189711	-0,140879189711	-0,143188410154	-0,143188410154	-0,143188410154	-0,146948545892	-0,146948545892	-0,146948545892	-0,146948545892	-0,146948545892	-0,146948545892	-0,147842422991	-0,147842422991	-0,147842422991	-0,147842422991
224100	0,113481689285	0,113481689285	0,113481689285	0,113481689285	0,115372901393	0,115372901393	0,115372901393	0,118112319457	0,118112319457	0,118112319457	0,118112319457	0,118112319457	0,118112319457	0,118907316202	0,118907316202	0,118907316202	0,118907316202
225000	0,0103133438435	0,0103133438435	0,0103133438435	0,0103133438435	0,0105622321338	0,0105622321338	0,0105622321338	0,010486646403	0,010486646403	0,010486646403	0,010486646403	0,010486646403	0,010486646403	0,010335989915	0,010335989915	0,010335989915	0,010335989915
225900	-0,0432952944718	-0,0432952944718	-0,0432952944718	-0,0432952944718	-0,0440180923104	-0,0440180923104	-0,0440180923104	-0,044955929859	-0,044955929859	-0,044955929859	-0,044955929859	-0,044955929859	-0,044955929859	-0,0450508134832	-0,0450508134832	-0,0450508134832	-0,0450508134832
226800	-0,0917889439321	-0,0917889439321	-0,0917889439321	-0,0917889439321	-0,0933084689211	-0,0933084689211	-0,0933084689211	-0,0955543075382	-0,0955543075382	-0,0955543075382	-0,0955543075382	-0,0955543075382	-0,0955543075382	-0,0960354040998	-0,0960354040998	-0,0960354040998	-0,0960354040998
227700	0,0345869161991	0,0345869161991	0,0345869161991	0,0345869161991	0,0351430599882	0,0351430599882	0,0351430599882	0,0362131525001	0,0362131525001	0,0362131525001	0,0362131525001	0,0362131525001	0,0362131525001	0,0364568405252	0,0364568405252	0,0364568405252	0,0364568405252
228600	-0,0100535838786	-0,0100535838786	-0,0100535838786	-0,0100535838786	-0,010187101595	-0,010187101595	-0,010187101595	-0,0106088018011	-0,0106088018011	-0,0106088018011	-0,0106088018011	-0,0106088018011	-0,0106088018011	-0,0107551251818	-0,0107551251818	-0,0107551251818	-0,0107551251818
229500	-0,0351342752742	-0,0351342752742	-0,0351342752742	-0,0351342752742	-0,035708060565	-0,035708060565	-0,035708060565	-0,0366839520755	-0,0366839520755	-0,0366839520755	-0,0366839520755	-0,0366839520755	-0,0366839520755	-0,0369295658209	-0,0369295658209	-0,0369295658209	-0,0369295658209
230400	-0,0311560867602	-0,0311560867602	-0,0311560867602	-0,0311560867602	-0,0316803082364	-0,0316803082364	-0,0316803082364	-0,0325100102315	-0,0325100102315	-0,0325100102315	-0,0325100102315	-0,0325100102315	-0,0325100102315	-0,0327354327199	-0,0327354327199	-0,0327354327199	-0,0327354327199
231300	0,0244023060442	0,0244023060442	0,0244023060442	0,0244023060442	0,0248258905774	0,0248258905774	0,0248258905774	0,0254731764547	0,0254731764547	0,0254731764547	0,0254731764547	0,0254731764547	0,0254731764547	0,0256185111712	0,0256185111712	0,0256185111712	0,0256185111712
232200	-0,0169764288984	-0,0169764288984	-0,0169764288984	-0,0169764288984	-0,0172636227996	-0,0172636227996	-0,0172636227996	-0,0177588739904	-0,0177588739904	-0,0177588739904	-0,0177588739904	-0,0177588739904	-0,0177588739904	-0,0178783016016	-0,0178783016016	-0,0178783016016	-0,0178783016016
233100	-0,0137357731603	-0,0137357731603	-0,0137357731603	-0,0137357731603	-0,0139978281475	-0,0139978281475	-0,0139978281475	-0,0142204236825	-0,0142204236825	-0,0142204236825	-0,0142204236825	-0,0142204236825	-0,0142204236825	-0,0142542094056	-0,0142542094056	-0,0142542094056	-0,0142542094056
234000	0,0207157230087	0,0207157230087	0,0207157230087	0,0207157230087	0,0210684473112	0,0210684473112	0,0210684473112	0,0216591501196	0,0216591501196	0,0216591501196	0,0216591501196	0,0216591501196	0,0216591501196	0,0217668569512	0,0217668569512	0,0217668569512	0,0217668569512
234900	-0,0176876305202	-0,0176876305202	-0,0176876305202	-0,0176876305202	-0,0180224871524	-0,0180224871524	-0,0180224871524	-0,0183246954807	-0,0183246954807	-0,0183246954807	-0,0183246954807	-0,0183246954807	-0,0183246954807	-0,0183781879626	-0,0183781879626	-0,0183781879626	-0,0183781879626
235800	-0,00947484387467	-0,00947484387467	-0,00947484387467	-0,00947484387467	-0,00965121739758	-0,00965121739758	-0,00965121739758	-0,00983110172853	-0,00983110172853	-0,00983110172853	-0,00983110172853	-0,00983110172853	-0,00983110172853	-0,00978676274984	-0,00978676274984	-0,00978676274984	-0,00978676274984
236700	0,0122015015253	0,0122015015253	0,0122015015253	0,0122015015253	0,0124325077944	0,0124325077944	0,0124325077944	0,0126409026634	0,0126409026634	0,0126409026634	0,0126409026634	0,0126409026634	0,0126409026634	0,0126284692944	0,0126284692944	0,0126284692944	0,0126284692944
237600	0,00204987141011	0,00204987141011	0,00204987141011	0,00204987141011	0,00209789356304	0,00209789356304	0,00209789356304	0,00207762658247	0,00207762658247	0,00207762658247	0,00207762658247	0,00207762658247	0,00207762658247	0,00206528031698	0,00206528031698	0,00206528031698	0,00206528031698
238500	-0,00689547880347	-0,00689547880347	-0,00689547880347	-0,00689547880347	-0,00703610769682	-0,00703610769682	-0,00703610769682	-0,00709340042122	-0,00709340042122	-0,00709340042122	-0,00709340042122	-0,00709340042122	-0,00709340042122	-0,0070695307063	-0,0070695307063	-0,0070695307063	-0,0070695307063
239400	-0,0134850924884	-0,0134850924884	-0,0134850924884	-0,0134850924884	-0,0136913732516	-0,0136913732516	-0,0136913732516	-0,0142158614434	-0,0142158614434	-0,0142158614434	-0,0142158614434	-0,0142158614434	-0,0142158614434	-0,0143655909141	-0,0143655909141	-0,0143655909141	-0,0143655909141
240300	-0,0103145853701	-0,0103145853701	-0,0103145853701	-0,0103145853701	-0,0104567742746	-0,0104567742746	-0,0104567742746	-0,0109515053554	-0,0109515053554	-0,0109515053554	-0,0109515053554	-0,0109515053554	-0,0109515053554	-0,0110562910007	-0,0110562910007	-0,0110562910007	-0,0110562910007
241200	-0,00363451730194	-0,00363451730194	-0,00363451730194	-0,00363451730194	-0,00370384949386	-0,00370384949386	-0,00370384949386	-0,00376279975547	-0,00376279975547	-0,00376279975547	-0,00376279975547	-0,00376279975547	-0,00376279975547	-0,00376309588819	-0,00376309588819	-0,00376309588819	-0,00376309588819
242100	0,00557206704034	0,00557206704034	0,00557206704034	0,00557206704034	0,00567419392482	0,00567419392482	0,00567419392482	0,00578956403087	0,00578956403087	0,00578956403087	0,00578956403087	0,00578956403087	0,00578956403087	0,00578016998594	0,00578016998594	0,00578016998594	0,00578016998594
243000	-0,00724529205448	-0,00724529205448	-0,00724529205448	-0,00724529205448	-0,00737093463895	-0,00737093463895	-0,00737093463895	-0,00756385961883	-0,00756385961883	-0,00756385961883	-0,00756385961883	-0,00756385961883	-0,00756385961883	-0,00754675800454	-0,00754675800454	-0,00754675800454	-0,00754675800454
243900	-0,0241077415963	-0,0241077415963	-0,0241077415963	-0,0241077415963	-0,0245242446002	-0,0245242446002	-0,0245242446002	-0,0251755160682	-0,0251755160682	-0,0251755160682	-0,0251755160682	-0,0251755160682	-0,0251755160682	-0,0253560810354	-0,0253560810354	-0,0253560810354	-0,0253560810354
244800	0,010121599601	0,010121599601	0,010121599601	0,010121599601	0,0102741493387	0,0102741493387	0,0102741493387	0,0106814977516	0,0106814977516	0,0106814977516	0,0106814977516	0,0106814977516	0,0106814977516	0,0108582146244	0,0108582146244	0,0108582146244	0,0108582146244
245700	0,0179164237599	0,0179164237599	0,0179164237599	0,0179164237599	0,018160774258	0,018160774258	0,018160774258	0,0190359115262	0,0190359115262	0,0190359115262	0,0190359115262	0,0190359115262	0,0190359115262	0,0191692975105	0,0191692975105	0,0191692975105	0,0191692975105
246600	0,0266915768091	0,0266915768091	0,0266915768091	0,0266915768091	0,0271690038625	0,0271690038625	0,0271690038625	0,0277923729443	0,0277923729443	0,0277923729443	0,0277923729443	0,0277923729443	0,0277923729443	0,0278933225032	0,0278933225032	0,0278933225032	0,0278933225032
247500	-0,00708053938609	-0,00708053938609	-0,00708053938609	-0,00708053938609	-0,00721649758564	-0,00721649758564	-0,00721649758564	-0,0073259993051	-0,0073259993051	-0,0073259993051	-0,0073259993051	-0,0073259993051	-0,0073259993051	-0,00735293789909	-0,00735293789909	-0,00735293789909	-0,00735293789909
248400	-0,00167657505447	-0,00167657505447	-0,00167657505447	-0,00167657505447	-0,00169373662739	-0,00169373662739	-0,00169373662739	-0,0018098544015	-0,0018098544015	-0,0018098544015	-0,0018098544015	-0,0018098544015	-0,0018098544015	-0,00179926941006	-0,00179926941006	-0,00179926941006	-0,00179926941006
249300	0,00751306411415	0,00751306411415	0,00751306411415	0,00751306411415	0,00764834139624	0,00764834139624	0,00764834139624	0,00781844893757	0,00781844893757	0,00781844893757	0,00781844893757	0,00781844893757	0,00781844893757	0,0078293016868	0,0078293016868	0,0078293016868	0,0078293016868
250200	0,00466575803454	0,00466575803454	0,00466575803454	0,00466575803454	0,00474705777848	0,00474705777848	0,00474705777848	0,00486895888541	0,00486895888541	0,00486895888541	0,00486895888541	0,00486895888541	0,00486895888541	0,0048974068296	0,0048974068296	0,0048974068296	0,0048974068296
251100	0,0169350914347	0,0169350914347	0,0169350914347	0,0169350914347	0,017278963153	0,017278963153	0,017278963153	0,017428741587	0,017428741587	0,017428741587	0,017428741587	0,017428741587	0,017428741587	0,017435461042	0,017435461042	0,017435461042	0,017435461042
252000	0,0121442647055	0,0121442647055	0,0121442647055	0,0121442647055	0,0123530633493	0,0123530633493	0,0123530633493	0,0126872251394	0,0126872251394	0,0126872251394	0,0126872251394	0,0126872251394	0,0126872251394	0,0127957057097	0,0127957057097	0,0127957057097	0,0127957057097
252900	5,62186445071e-05	5,62186445071e-05	5,62186445071e-05	5,62186445071e-05	6,38632458201e-05	6,38632458201e-05	6,38632458201e-05	2,5342018004e-05	2,5342018004e-05	2,5342018004e-05	2,5342018004e-05	2,5342018004e-05	2,5342018004e-05	4,17084390089e-06	4,17084390089e-06	4,17084390089e-06	4,17084390089e-06
253800	-0,00575667248449	-0,00575667248449	-0,00575667248449	-0,00575667248449	-0,00585488750182	-0,00585488750182	-0,00585488750182	-0,00601785145806	-0,00601785145806	-0,00601785145806	-0,00601785145806	-0,00601785145806	-0,00601785145806	-0,00609207751913	-0,00609207751913	-0,00609207751913	-0,00609207751913
254700	-0,000176177690052	-0,000176177690052	-0,000176177690052	-0,000176177690052	-0,000188137352901	-0,000188137352901	-0,000188137352901	-0,000139401422196	-0,000139401422196	-0,000139401422196	-0,000139401422196	-0,000139401422196	-0,000139401422196	-0,000118476271352	-0,000118476271352	-0,000118476271352	-0,000118476271352
255600	0,0122059301391	0,0122059301391	0,0122059301391	0,0122059301391	0,0124110092915	0,0124110092915	0,0124110092915	0,0127755461703	0,0127755461703	0,0127755461703	0,0127755461703	0,0127755461703	0,0127755461703	0,0128518198547	0,0128518198547	0,0128518198547	0,0128518198547
256500	0,01147294795	0,01147294795	0,01147294795	0,01147294795	0,0116596488369	0,0116596488369	0,0116596488369	0,0120386727487	0,0120386727487	0,0120386727487	0,0120386727487	0,0120386727487	0,0120386727487	0,012164616986	0,012164616986	0,012164616986	0,012164616986
257400	0,000263261472689	0,000263261472689	0,000263261472689	0,000263261472689	0,000277987547452	0,000277987547452	0,000277987547452	0,000224032832436	0,000224032832436	0,000224032832436	0,000224032832436	0,000224032832436	0,000224032832436	0,000207956927837	0,000207956927837	0,000207956927837	0,000207956927837
258300	0,00403386606364	0,00403386606364	0,00403386606364	0,00403386606364	0,00409657058275	0,00409657058275	0,00409657058275	0,00424746953465	0,00424746953465	0,00424746953465	0,00424746953465	0,00424746953465	0,00424746953465	0,004277154587	0,004277154587	0,004277154587	0,004277154587
259200	0,00514228764365	0,00514228764365	0,00514228764365	0,00514228764365	0,00522299993551	0,00522299993551	0,00522299993551	0,00541069541108	0,00541069541108	0,00541069541108	0,00541069541108	0,00541069541108	0,00541069541108	0,00545642827886	0,00545642827886	0,00545642827886	0,00545642827886
260100	0,00837281715906	0,00837281715906	0,00837281715906	0,00837281715906	0,00853491175476	0,00853491175476	0,00853491175476	0,00865646334745	0,00865646334745	0,00865646334745	0,00865646334745	0,00865646334745	0,00865646334745	0,00866536356734	0,00866536356734	0,00866536356734	0,00866536356734
261000	-0,00311394229178	-0,00311394229178	-0,00311394229178	-0,00311394229178	-0,00316639950585	-0,00316639950585	-0,00316639950585	-0,00325857110847	-0,00325857110847	-0,00325857110847	-0,00325857110847	-0,00325857110847	-0,00325857110847	-0,00327263862124	-0,00327263862124	-0,00327263862124	-0,00327263862124
261900	0,000934189171797	0,000934189171797	0,000934189171797	0,000934189171797	0,00094845807195	0,00094845807195	0,00094845807195	0,000984919984755	0,000984919984755	0,000984919984755	0,000984919984755	0,000984919984755	0,000984919984755	0,00099692839273	0,00099692839273	0,00099692839273	0,00099692839273
262800	0,0179814070145	0,0179814070145	0,0179814070145	0,0179814070145	0,0182825365655	0,0182825365655	0,0182825365655	0,0188254823798	0,0188254823798	0,0188254823798	0,0188254823798	0,0188254823798	0,0188254823798	0,0189435966217	0,0189435966217	0,0189435966217	0,0189435966217
263700	-0,00470168131181	-0,00470168131181	-0,00470168131181	-0,00470168131181	-0,00477751241933	-0,00477751241933	-0,00477751241933	-0,00493691870082	-0,00493691870082	-0,00493691870082	-0,00493691870082	-0,00493691870082	-0,00493691870082	-0,00498381216106	-0,00498381216106	-0,00498381216106	-0,00498381216106
264600	0,00585302877726	0,00585302877726	0,00585302877726	0,00585302877726	0,00595362769427	0,00595362769427	0,00595362769427	0,00611487962554	0,00611487962554	0,00611487962554	0,00611487962554	0,00611487962554	0,00611487962554	0,00614905257883	0,00614905257883	0,00614905257883	0,00614905257883
265500	-0,00186357998179	-0,00186357998179	-0,00186357998179	-0,00186357998179	-0,00189616831891	-0,00189616831891	-0,00189616831891	-0,0019441618964	-0,0019441618964	-0,0019441618964	-0,0019441618964	-0,0019441618964	-0,0019441618964	-0,00195727577781	-0,00195727577781	-0,00195727577781	-0,00195727577781
266400	0,00526094983452	0,00526094983452	0,00526094983452	0,00526094983452	0,00534209563633	0,00534209563633	0,00534209563633	0,00554269625242	0,00554269625242	0,00554269625242	0,00554269625242	0,00554269625242	0,00554269625242	0,00561547214487	0,00561547214487	0,00561547214487	0,00561547214487
267300	0,00415168529911	0,00415168529911	0,00415168529911	0,00415168529911	0,00421813562389	0,00421813562389	0,00421813562389	0,00436195578844	0,00436195578844	0,00436195578844	0,00436195578844	0,00436195578844	0,00436195578844	0,00438820083685	0,00438820083685	0,00438820083685	0,00438820083685
