time	sensor_1	sensor_2	sensor_3	sensor_4	sensor_5	sensor_6	sensor_7	sensor_8	sensor_9	sensor_10	sensor_11	sensor_12	sensor_13	sensor_14	sensor_15	sensor_16	sensor_17
0	0	0	0	0	0	0	0	0	0	0	0	0	0	0	0	0	0
900	3,35701273746e-07	1,17254551234e-07	0,0	2,26553808497e-07	2,26553808497e-07	1,46225752776e-07	8,16249793816e-08	1,17254551234e-07	0,0	6,86650579308e-08	3,62117602228e-08	1,60677687711e-07	6,22881104079e-08	1,60677687711e-07	1,00252461327e-08	7,85696566859e-08	7,24011633818e-08
1800	-4,22765182928e-07	-1,48790077416e-07	0,0	-2,84245543337e-07	-2,84245543337e-07	-1,79020291804e-07	-1,06843496355e-07	-1,48790077416e-07	0,0	-8,39983833767e-08	-3,07858408481e-08	-1,77920026578e-07	-8,63790452502e-08	-1,77920026578e-07	1,99082065157e-08	-7,39607063753e-08	-5,63151165752e-08
2700	6,61427355946e-07	2,34968895107e-07	0,0	4,42644393854e-07	4,42644393854e-07	2,69530729186e-07	1,75610638276e-07	2,34968895107e-07	0,0	1,4674331293e-07	3,56567469291e-08	2,85775526295e-07	1,32829159667e-07	2,85775526295e-07	-1,4990541259e-08	1,29447618577e-07	1,03973349917e-07
3600	-1,14130192438e-08	-1,18251121836e-08	0,0	-2,73287725705e-10	-2,73287725705e-10	-1,15376249307e-08	1,12969753877e-08	-1,18251121836e-08	0,0	-7,66982396422e-09	1,19682145501e-09	-1,632669981e-08	-2,08996039994e-09	-1,632669981e-08	3,73874290924e-09	-1,83248805898e-08	-1,8059594657e-09
4500	-1,92259784428e-07	-6,21927905579e-08	0,0	-1,34454974159e-07	-1,34454974159e-07	-9,73658651996e-08	-3,78585402101e-08	-6,21927905579e-08	0,0	-2,40419255863e-08	-2,08446931245e-08	-7,96908721578e-08	-2,77118432721e-08	-7,96908721578e-08	-2,0264998268e-10	-4,70426500825e-08	-3,25914203996e-08
5400	-1,97167679793e-07	-6,7351588214e-08	0,0	-1,34496702136e-07	-1,34496702136e-07	-6,70302385144e-08	-6,82527824113e-08	-6,7351588214e-08	0,0	-5,21278727572e-08	5,1701329264e-09	-7,43414018972e-08	-4,02254649246e-08	-7,43414018972e-08	-9,25082286153e-09	-2,69527829269e-08	-3,82294146286e-08
6300	-8,80062339504e-08	-2,99695883174e-08	0,0	-6,01176852978e-08	-6,01176852978e-08	-2,7278996208e-08	-3,3186644965e-08	-2,99695883174e-08	0,0	-2,29669396343e-08	3,76719375822e-09	-3,5892599972e-08	-1,33927372231e-08	-3,5892599972e-08	5,08385030501e-09	-2,11482765924e-08	-1,99165253094e-08
7200	1,2226926161e-07	4,38123002801e-08	0,0	8,14684922055e-08	8,14684922055e-08	4,99999880451e-08	3,19260345226e-08	4,38123002801e-08	0,0	1,90575970739e-08	-4,38204633842e-10	4,65758387479e-08	1,59572364206e-08	4,65758387479e-08	-1,1967569035e-08	2,66577069132e-08	3,20247087358e-08
8100	-1,86907572733e-07	-7,0789992206e-08	0,0	-1,20931660433e-07	-1,20931660433e-07	-6,87352185872e-08	-5,28523359292e-08	-7,0789992206e-08	0,0	-4,68601903333e-08	-2,47483693976e-08	-1,01866599565e-07	-4,11550873416e-08	-1,01866599565e-07	-5,52451214545e-09	-4,26724219078e-08	-5,39167805161e-08
9000	-3,45606605946e-08	-1,31607514113e-08	0,0	-2,22932523455e-08	-2,22932523455e-08	-1,432635239e-08	-8,08891045037e-09	-1,31607514113e-08	0,0	-1,00515483579e-08	-9,78185126216e-09	-2,81972453331e-08	-5,01311948749e-09	-2,81972453331e-08	5,51597829957e-09	-1,93393245865e-08	-1,44913298805e-08
9900	1,05262815641e-08	6,84388531269e-09	0,0	4,10914690541e-09	4,10914690541e-09	-5,34384885805e-09	9,45871238136e-09	6,84388531269e-09	0,0	1,30676133011e-08	1,61662050863e-10	1,5020360942e-08	5,19806229367e-09	1,5020360942e-08	4,84815938199e-09	2,63455133801e-09	7,57688325844e-09
10800	-5,79846856537e-08	-2,26017332377e-08	0,0	-3,69121613441e-08	-3,69121613441e-08	-2,13331506706e-08	-1,5776996584e-08	-2,26017332377e-08	0,0	-1,75203958234e-08	5,96603267e-11	-2,68697091625e-08	-1,33246095562e-08	-2,68697091625e-08	-2,33837922554e-09	-1,17910595263e-08	-1,27895758868e-08
11700	2,86682600499e-08	9,70120321408e-09	0,0	1,96425383811e-08	1,96425383811e-08	1,56201815514e-08	4,13485106803e-09	9,70120321408e-09	0,0	-1,68096373259e-09	9,95616896153e-09	1,46031971397e-08	3,45022870419e-09	1,46031971397e-08	-8,46467076494e-09	1,81264166835e-08	5,43301868084e-09
12600	4,42668975384e-08	1,64434011141e-08	0,0	2,89459180708e-08	2,89459180708e-08	2,03703429822e-08	8,73706710716e-09	1,64434011141e-08	0,0	1,27996865349e-08	1,29336434359e-09	2,25541328116e-08	8,10317499384e-09	2,25541328116e-08	7,85869072369e-10	1,14492946715e-08	1,19506407078e-08
13500	4,78929954896e-08	1,70387486676e-08	0,0	3,20278499512e-08	3,20278499512e-08	2,14905500545e-08	1,07208308894e-08	1,70387486676e-08	0,0	7,20979613587e-09	3,68733482679e-09	1,7624909432e-08	1,03699832977e-08	1,7624909432e-08	5,92786033662e-09	-7,21643778779e-11	9,77075910182e-09
14400	-8,47026835889e-08	-3,06995029116e-08	0,0	-5,61093566449e-08	-5,61093566449e-08	-3,73408998207e-08	-1,90859988039e-08	-3,06995029116e-08	0,0	-1,65269943133e-08	-1,03657386995e-08	-4,43077786015e-08	-1,35256214489e-08	-4,43077786015e-08	6,03652056202e-09	-2,74885199485e-08	-2,29882839085e-08
15300	-6,16894485523e-08	-2,16131340999e-08	0,0	-4,15700373312e-08	-4,15700373312e-08	-2,89827321113e-08	-1,28236490626e-08	-2,16131340999e-08	0,0	-9,32332798378e-09	-4,98118769767e-09	-2,41028247555e-08	-1,1903302982e-08	-2,41028247555e-08	-1,29060757112e-09	-1,08680111074e-08	-1,19827552026e-08
16200	8,94618911065e-08	3,42774328568e-08	0,0	5,75115970198e-08	5,75115970198e-08	3,54889775541e-08	2,2333542982e-08	3,42774328568e-08	0,0	2,5161773352e-08	1,83457893513e-08	5,17885783138e-08	2,63685209185e-08	5,17885783138e-08	-9,82001073574e-09	4,49886963846e-08	1,67926028616e-08
17100	-3,37630466919e-08	-1,41596434086e-08	0,0	-2,05492234609e-08	-2,05492234609e-08	-9,95933534971e-09	-1,06940953234e-08	-1,41596434086e-08	0,0	-1,5663013844e-08	-5,79896936973e-09	-1,85377504759e-08	-1,7241931471e-08	-1,85377504759e-08	-1,27577218143e-09	-1,48259010423e-08	-1,3183429697e-09
18000	9,52029337094e-10	-4,3128224391e-10	0,0	1,36498115646e-09	1,36498115646e-09	9,94935574132e-10	3,81736348451e-10	-4,3128224391e-10	0,0	-3,45525989218e-09	-1,85376084818e-08	-1,81381504246e-08	-4,53175677892e-09	-1,81381504246e-08	1,72430191876e-09	-1,17962863578e-08	-9,31662372077e-09
18900	1,71516880856e-08	6,13169173254e-09	0,0	1,14419159073e-08	1,14419159073e-08	5,76907485433e-09	5,73655544502e-09	6,13169173254e-09	0,0	7,79993859821e-09	5,0932144424e-09	1,29353786216e-08	6,20024141894e-09	1,29353786216e-08	4,61734570329e-09	-6,81741983036e-11	8,41053707113e-09
19800	-4,2104491952e-08	-1,58079261493e-08	0,0	-2,73727828217e-08	-2,73727828217e-08	-1,78832895578e-08	-9,63949342056e-09	-1,58079261493e-08	0,0	-1,08925935588e-08	-2,51498505229e-10	-1,93243990827e-08	-7,71608946854e-09	-1,93243990827e-08	4,70947213465e-09	-1,25150996781e-08	-1,15799247751e-08
20700	4,96878328109e-08	1,88733762188e-08	0,0	3,20963310979e-08	3,20963310979e-08	1,94048715653e-08	1,28659205091e-08	1,88733762188e-08	0,0	1,59130333473e-08	5,33001046269e-09	3,06872906482e-08	9,63106174073e-09	3,06872906482e-08	-7,72333976864e-09	2,4117465283e-08	1,44075093366e-08
21600	5,55258122852e-08	2,18998380589e-08	0,0	3,51037683134e-08	3,51037683134e-08	2,48547951993e-08	1,04379092001e-08	2,18998380589e-08	0,0	1,9281523225e-08	1,16879084204e-08	4,09450900883e-08	1,22422924372e-08	4,09450900883e-08	-1,93247652581e-10	3,60282341522e-08	1,2694626184e-08
22500	4,72202894561e-08	1,59448542897e-08	0,0	3,23853178659e-08	3,23853178659e-08	1,62523409477e-08	1,63175775245e-08	1,59448542897e-08	0,0	6,86428238208e-09	2,78181156334e-11	1,11911879243e-08	1,16326491117e-08	1,11911879243e-08	6,7842728789e-09	-1,33177421414e-08	1,0235397481e-08
23400	3,47362548921e-08	1,20554225264e-08	0,0	2,35155520973e-08	2,35155520973e-08	1,07133226283e-08	1,29357366186e-08	1,20554225264e-08	0,0	4,29931606318e-09	-2,8789182959e-09	9,57024641783e-09	3,89391352493e-09	9,57024641783e-09	3,96250272039e-09	-5,14238190226e-09	1,07514293057e-08
24300	-2,98855908879e-08	-1,2390634274e-08	0,0	-1,83217545776e-08	-1,83217545776e-08	-1,19660785759e-08	-6,44939294819e-09	-1,2390634274e-08	0,0	-4,94430412045e-09	-1,59313772276e-09	-1,63603125373e-08	-2,64384731179e-09	-1,63603125373e-08	3,98179891096e-09	-9,90034228923e-09	-1,04997822971e-08
25200	1,12288513994e-07	4,10434199806e-08	0,0	7,40552665825e-08	7,40552665825e-08	5,00696578318e-08	2,43975177373e-08	4,10434199806e-08	0,0	2,66189225136e-08	2,39688197752e-08	7,07122798759e-08	2,14011108894e-08	7,07122798759e-08	-1,33037503822e-08	4,27276664395e-08	4,15508837805e-08
26100	2,71232112743e-08	1,31598413554e-08	0,0	1,48188537666e-08	1,48188537666e-08	7,86004459652e-09	7,0237862982e-09	1,31598413554e-08	0,0	1,93185311026e-08	-1,46601495715e-09	2,29887513829e-08	8,21260583734e-09	2,29887513829e-08	-1,39780729431e-09	1,33622086051e-08	1,11093464398e-08
27000	-1,05626168711e-08	-4,3179467073e-09	0,0	-6,53429913949e-09	-6,53429913949e-09	-6,9626562432e-09	3,93733325087e-10	-4,3179467073e-09	0,0	-3,79446955528e-09	-7,74080013934e-09	-1,55131181312e-08	-4,89541116019e-10	-1,55131181312e-08	2,75536935319e-09	-6,6543669696e-09	-1,16973065729e-08
27900	1,48486730657e-07	5,63659179053e-08	0,0	9,59532062698e-08	9,59532062698e-08	5,38528209038e-08	4,2622597916e-08	5,63659179053e-08	0,0	4,82341408516e-08	2,1018431222e-08	9,38700278147e-08	3,24053511174e-08	9,38700278147e-08	-4,38571153568e-09	4,28907156513e-08	5,56792189122e-08
28800	3,4630901641e-07	1,28841919271e-07	0,0	2,26260185641e-07	2,26260185641e-07	1,32437658894e-07	9,50667669466e-08	1,28841919271e-07	0,0	1,07582114089e-07	4,24262299634e-08	1,94512723409e-07	8,56240718814e-08	1,94512723409e-07	5,82741927796e-08	5,467049306e-08	8,1836175592e-08
29700	3,56960310819e-07	1,0794748297e-07	0,0	2,56734323431e-07	2,56734323431e-07	1,36429034151e-07	1,21853005693e-07	1,0794748297e-07	0,0	3,5731773735e-08	-6,15328876885e-09	1,01814604697e-07	3,56749449651e-08	1,01814604697e-07	-1,45874662034e-08	8,05486873808e-08	3,59537544601e-08
30600	1,38655530848e-06	5,5045161827e-07	0,0	8,73192341105e-07	8,73192341105e-07	5,58037805237e-07	3,19780904305e-07	5,5045161827e-07	0,0	5,30770461809e-07	3,13870064901e-07	9,76337502597e-07	4,26769523643e-07	9,76337502597e-07	1,43948505296e-07	3,9325554839e-07	4,4153716938e-07
31500	-6,22638477583e-07	-2,44989759779e-07	0,0	-3,94208271483e-07	-3,94208271483e-07	-2,69430990781e-07	-1,26887416186e-07	-2,44989759779e-07	0,0	-2,14522358859e-07	-2,48557282783e-07	-4,4794623068e-07	-2,64323270471e-07	-4,4794623068e-07	-1,06038069864e-07	-1,21360945373e-07	-5,30224120598e-08
32400	-7,48920551619e-07	-2,69610037505e-07	0,0	-4,97810396113e-07	-4,97810396113e-07	-2,86072070349e-07	-2,14521359549e-07	-2,69610037505e-07	0,0	-2,14959947306e-07	1,00986149433e-08	-3,98065270895e-07	-7,83625006993e-08	-3,98065270895e-07	1,29521347386e-08	-2,41595289725e-07	-3,38969329887e-07
33300	2,26324798093e-07	8,30650113551e-08	0,0	1,4894006397e-07	1,4894006397e-07	8,37534074513e-08	6,60120604273e-08	8,30650113551e-08	0,0	6,33338035869e-08	5,95354175091e-08	1,40110105244e-07	6,69199297773e-08	1,40110105244e-07	1,74930533154e-08	6,87563956737e-08	5,41720395006e-08
34200	-3,19125141162e-07	-1,37548225245e-07	0,0	-1,61957999466e-07	-1,61957999466e-07	-1,43658988831e-07	9,83908748501e-09	-1,37548225245e-07	0,0	-2,18873585656e-07	-7,53784807496e-08	-2,58414924956e-07	-1,4687592305e-07	-2,58414924956e-07	-6,91839318419e-08	-8,60875312627e-08	-7,43581545485e-08
35100	1,44999029817e-06	5,06546880964e-07	0,0	9,49707419375e-07	9,49707419375e-07	7,42246455837e-07	1,84153742496e-07	5,06546880964e-07	0,0	3,43706265543e-07	2,3069393467e-07	7,7311764715e-07	2,83473226488e-07	7,7311764715e-07	-3,53439159854e-08	4,59018350468e-07	3,41559740954e-07
36000	-2,19419113718e-06	-7,59404976142e-07	0,0	-1,44134222964e-06	-1,44134222964e-06	-8,93897053482e-07	-5,09561238252e-07	-7,59404976142e-07	0,0	-4,73372285597e-07	-2,99201452905e-07	-1,06496734271e-06	-4,26045830694e-07	-1,06496734271e-06	5,29050881491e-08	-5,93191289842e-07	-4,99497157094e-07
36900	2,83870907791e-07	1,47549014996e-07	0,0	1,55941133247e-07	1,55941133247e-07	2,40291916477e-08	1,42058928686e-07	1,47549014996e-07	0,0	1,92134528256e-07	1,17268502898e-08	2,58137720887e-07	1,06100271553e-07	2,58137720887e-07	3,33212742757e-08	9,24671507934e-08	1,43665801135e-07
37800	7,18989752985e-07	2,78414619954e-07	0,0	4,74726901097e-07	4,74726901097e-07	2,98773824623e-07	1,93818487017e-07	2,78414619954e-07	0,0	1,37955944729e-07	1,92315433164e-07	5,19523145523e-07	1,08651406834e-07	5,19523145523e-07	-4,77731233031e-08	2,66119005875e-07	4,16171071107e-07
38700	-1,6013147688e-06	-6,48190023621e-07	0,0	-1,05646785114e-06	-1,05646785114e-06	-6,5014653288e-07	-4,82362731575e-07	-6,48190023621e-07	0,0	-4,90172395219e-07	-3,14247519173e-07	-1,18095574569e-06	-3,50848018158e-07	-1,18095574569e-06	-5,76985800102e-08	-5,67115367186e-07	-7,45175894325e-07
39600	-1,82613865951e-07	-2,61547528627e-08	0,0	-1,17014061654e-07	-1,17014061654e-07	-3,58356458655e-08	-1,68836491536e-08	-2,61547528627e-08	0,0	-4,24862654344e-09	5,85010932951e-09	-2,81681663893e-08	8,77456637197e-10	-2,81681663893e-08	-4,4271467691e-08	-1,67007130369e-08	-1,9150997578e-08
40500	-3,75198732638e-07	-1,3614775051e-07	0,0	-2,19206642893e-07	-2,19206642893e-07	-1,02152191972e-07	-7,25797080001e-08	-1,3614775051e-07	0,0	-2,30238886438e-07	-4,41045117544e-08	-1,42983649051e-07	-1,58712932272e-07	-1,42983649051e-07	4,86275244566e-08	1,84796290095e-08	-2,70071374414e-08
41400	-5,22908487599e-07	-1,44886357227e-07	0,0	-3,64529631729e-07	-3,64529631729e-07	-2,40541055172e-07	-7,7940721206e-08	-1,44886357227e-07	0,0	8,42781949709e-08	-7,53835260953e-08	-4,43249715062e-08	-4,22396595406e-08	-4,43249715062e-08	-3,14139709674e-08	-2,19779531413e-08	-1,10286875907e-08
42300	-3,47759711094e-08	2,8162863128e-07	0,0	2,73097442223e-07	2,73097442223e-07	1,74742388859e-07	2,97721884787e-08	2,8162863128e-07	0,0	9,6281212078e-08	8,79078005078e-08	1,93618189697e-07	1,86509418114e-07	1,93618189697e-07	4,63632875383e-08	2,09518299956e-08	4,6919626246e-08
43200	2,50286509404e-07	7,35046569178e-09	0,0	1,02410406468e-07	1,02410406468e-07	4,90897665333e-08	3,54860282125e-08	7,35046569178e-09	0,0	1,22512136818e-08	7,81749595553e-09	5,9700998391e-09	4,04922688387e-09	5,9700998391e-09	-2,22108094374e-09	3,35010315618e-09	2,16282482616e-10
44100	6,79541646227e-07	1,59794842322e-08	0,0	2,54987071123e-07	2,54987071123e-07	1,18977464938e-07	8,08184076529e-08	1,59794842322e-08	0,0	3,69758463752e-08	2,47596690317e-08	2,2701348958e-08	1,16811978437e-08	2,2701348958e-08	-6,75849199908e-09	8,80628965815e-09	9,84310725932e-09
45000	-3,86133163129e-07	-2,02792076192e-08	0,0	-1,53596389809e-07	-1,53596389809e-07	-7,64326194499e-08	-5,30639455357e-08	-2,02792076192e-08	0,0	-2,39481725918e-08	-1,95320708239e-08	-2,23467593207e-08	-9,53201096839e-09	-2,23467593207e-08	-8,34093227349e-09	-8,10139018517e-09	-1,06521060322e-08
45900	2,85255071478e-09	2,47211472382e-09	0,0	-6,83064761463e-09	-6,83064761463e-09	-6,17444941036e-09	-3,75804444545e-09	2,47211472382e-09	0,0	4,98045816008e-09	3,84402834921e-09	8,8205898992e-09	1,97608745732e-09	8,8205898992e-09	1,26364588052e-08	2,87447711349e-09	4,92489854233e-09
46800	3,07017343565e-07	1,18632701447e-08	0,0	1,26791704322e-07	1,26791704322e-07	6,45576109504e-08	4,34115245517e-08	1,18632701447e-08	0,0	1,37267307627e-08	1,19163012006e-08	7,35681326747e-09	4,7999301309e-09	7,35681326747e-09	-7,50255223509e-09	2,94322225463e-09	1,20935224042e-09
47700	-1,0338009406e-06	-2,46581288654e-08	0,0	-3,83425673994e-07	-3,83425673994e-07	-1,78920467688e-07	-1,20186177826e-07	-2,46581288654e-08	0,0	-5,88526547232e-08	-3,80340358299e-08	-3,59090746663e-08	-1,83772677051e-08	-3,59090746663e-08	-1,11031967226e-08	-1,65681728579e-08	-1,32048338048e-08
48600	8,03481087571e-07	2,09863988119e-08	0,0	3,10513754886e-07	3,10513754886e-07	1,47451510653e-07	1,02309283681e-07	2,09863988119e-08	0,0	4,07398754893e-08	2,98928035844e-08	2,43629877319e-08	1,35387796251e-08	2,43629877319e-08	7,92396329598e-09	1,22253900616e-08	1,05137281291e-08
49500	2,66308163901e-07	7,91907549041e-09	0,0	9,54694010281e-08	9,54694010281e-08	4,46340445237e-08	3,00471981494e-08	7,91907549041e-09	0,0	1,82290375908e-08	9,43670861946e-09	1,48273494643e-08	6,14552845887e-09	1,48273494643e-08	7,30573630734e-09	5,36978086188e-09	6,08060202962e-09
50400	-1,59515817665e-06	-5,57509912523e-08	0,0	-6,32133775115e-07	-6,32133775115e-07	-3,04976598138e-07	-2,09939732244e-07	-5,57509912523e-08	0,0	-9,23922692393e-08	-6,25798224649e-08	-6,27016246058e-08	-3,24527686375e-08	-6,27016246058e-08	-2,20981272502e-08	-2,75948975771e-08	-2,37017170578e-08
51300	1,56376863925e-06	5,09098300077e-08	0,0	6,13868745225e-07	6,13868745225e-07	2,94383046912e-07	2,02965173583e-07	5,09098300077e-08	0,0	8,75264209562e-08	6,0995739326e-08	5,83124543362e-08	3,04631413078e-08	5,83124543362e-08	1,75346791517e-08	2,5719312949e-08	2,18447947401e-08
52200	1,72738382123e-07	-1,02627152161e-08	0,0	5,5322035322e-08	5,5322035322e-08	3,66560902503e-08	3,35879367654e-08	-1,02627152161e-08	0,0	-2,16820757684e-08	-1,3661050688e-08	3,33553405361e-09	-3,00567008093e-08	3,33553405361e-09	-9,01025836678e-09	-1,43705323804e-08	-2,62296449773e-08
53100	8,61743179495e-07	3,21625219462e-07	0,0	5,70574834805e-07	5,70574834805e-07	3,46688519658e-07	2,35159598248e-07	3,21625219462e-07	0,0	1,97060960584e-07	1,19781614859e-07	4,64401456293e-07	1,79878687912e-07	4,64401456293e-07	1,92425324158e-08	2,84110110015e-07	2,74792542211e-07
54000	-5,29650072303e-08	-1,80110188882e-08	0,0	-2,72383678902e-08	-2,72383678902e-08	-1,07293530624e-08	-7,67717225048e-09	-1,80110188882e-08	0,0	-2,59175218667e-09	-4,26959302764e-08	-4,85181543901e-08	-6,14022935835e-09	-4,85181543901e-08	1,3054710444e-08	-1,15681414373e-07	4,86588473615e-08
54900	-2,52786369848e-06	-8,67079391469e-07	0,0	-1,62190940116e-06	-1,62190940116e-06	-9,09447532196e-07	-5,38749165513e-07	-8,67079391469e-07	0,0	-8,02257260056e-07	-3,53388240501e-07	-1,34713173725e-06	-5,08348211603e-07	-1,34713173725e-06	-2,28933786087e-07	-6,6511726634e-07	-6,77453371355e-07
55800	2,10098696116e-06	7,02882744305e-07	0,0	1,32195630007e-06	1,32195630007e-06	7,00242398293e-07	4,20200704926e-07	7,02882744305e-07	0,0	7,53227620595e-07	3,36544287288e-07	1,14989698157e-06	4,48447579746e-07	1,14989698157e-06	2,22401002793e-07	5,85190258183e-07	5,39603623238e-07
56700	2,49664701859e-06	9,22274165054e-07	0,0	1,61167145413e-06	1,61167145413e-06	9,50618168843e-07	6,44257065857e-07	9,22274165054e-07	0,0	7,64517291832e-07	4,13536701744e-07	1,50866110176e-06	5,76125575524e-07	1,50866110176e-06	5,79768529318e-09	6,44082915965e-07	8,76352958662e-07
57600	-1,65314478032e-06	-6,20445114173e-07	0,0	-1,05995149425e-06	-1,05995149425e-06	-6,24331980152e-07	-4,26394178792e-07	-6,20445114173e-07	0,0	-5,35464376151e-07	-3,41681411319e-07	-1,10437452389e-06	-3,86511346533e-07	-1,10437452389e-06	7,2157203732e-08	-4,29158491036e-07	-7,75793592826e-07
58500	-6,98025908648e-07	-3,54260506629e-07	0,0	-6,22473135044e-07	-6,22473135044e-07	-3,90934388752e-07	-2,90269095744e-07	-3,54260506629e-07	0,0	-3,17734297943e-07	-9,97193473722e-08	-5,94863227055e-07	-2,60573351231e-07	-5,94863227055e-07	-9,46780677953e-08	-2,77075729987e-07	-2,4983203835e-07
59400	1,03928123346e-07	1,79848677882e-08	0,0	3,1426962663e-08	3,1426962663e-08	1,33105945087e-08	9,03498577123e-09	1,79848677882e-08	0,0	6,31330557444e-09	3,99849397913e-09	1,00565446603e-08	2,78558422645e-09	1,00565446603e-08	-1,3213738445e-09	3,96712249312e-09	3,12840193791e-09
60300	-4,3985870462e-08	-1,21841081896e-08	0,0	-1,6855704337e-08	-1,6855704337e-08	-8,91996908489e-09	-7,07584822118e-09	-1,21841081896e-08	0,0	-6,50716887394e-09	-2,35997637552e-09	-7,03282402139e-09	-2,39522575926e-09	-7,03282402139e-09	6,80806112642e-10	-2,87191951162e-09	-1,2888837492e-09
61200	1,42901321534e-07	2,71675848165e-08	0,0	4,49180756491e-08	4,49180756491e-08	2,10828223104e-08	1,29822113407e-08	2,71675848165e-08	0,0	9,90568024531e-09	5,15351201392e-09	1,51684157889e-08	4,06446736246e-09	1,51684157889e-08	-2,67125049227e-09	6,44579402575e-09	5,90697341166e-09
62100	-1,47872370241e-07	-2,41221615648e-08	0,0	-4,22789528295e-08	-4,22789528295e-08	-1,78962769164e-08	-1,09436764392e-08	-2,41221615648e-08	0,0	-5,75088755143e-09	-2,97622128189e-09	-7,87833183077e-09	-2,67180299396e-09	-7,87833183077e-09	1,14419029912e-08	-3,24189666359e-09	-2,26592514604e-09
63000	1,79541269953e-08	2,48377827179e-09	0,0	4,97978147789e-09	4,97978147789e-09	2,05697623507e-09	1,03728586769e-09	2,48377827179e-09	0,0	-1,91686690746e-10	3,30683853289e-10	8,31803817048e-10	9,55613394629e-11	8,31803817048e-10	1,29825473959e-10	-1,70393861034e-10	1,04339530993e-09
63900	-4,09807010384e-08	-3,44021038463e-09	0,0	-9,3300491373e-09	-9,3300491373e-09	-9,40802770429e-11	-3,34778215029e-09	-3,44021038463e-09	0,0	-1,22927593679e-10	-4,17775459946e-10	-4,64170727413e-10	9,90931959422e-11	-4,64170727413e-10	-1,37066134108e-10	2,03104754196e-10	-8,7099787402e-10
64800	2,28647588761e-06	9,36551541902e-07	0,0	1,66521834626e-06	1,66521834626e-06	9,97102059072e-07	7,19320620187e-07	9,36551541902e-07	0,0	7,0264729742e-07	2,75319217232e-07	1,42032756625e-06	5,70001734485e-07	1,42032756625e-06	6,25270838911e-10	6,99122073169e-07	7,38766879901e-07
65700	-2,20020496461e-06	-9,22963595513e-07	0,0	-1,64154141197e-06	-1,64154141197e-06	-9,89739848285e-07	-7,11068106192e-07	-9,22963595513e-07	0,0	-6,99270032594e-07	-2,74331182315e-07	-1,4182748046e-06	-5,68798293398e-07	-1,4182748046e-06	-1,09532202647e-08	-6,98893117439e-07	-7,38874730208e-07
66600	-2,63446401735e-08	-7,27103722106e-09	0,0	-1,01100381604e-08	-1,01100381604e-08	-4,4830787588e-09	-5,11151848554e-09	-7,27103722106e-09	0,0	-3,65829394106e-09	-2,15337261424e-09	-3,83115571769e-09	-1,69474917237e-09	-3,83115571769e-09	9,94944982923e-09	-1,71549181616e-09	-5,62716544428e-11
67500	-9,85633190916e-08	-1,84034145486e-08	0,0	-3,11685991888e-08	-3,11685991888e-08	-1,58159999709e-08	-7,38524301913e-09	-1,84034145486e-08	0,0	-6,41903627968e-09	-4,52195769242e-09	-1,33039604039e-08	-2,99815969563e-09	-1,33039604039e-08	-6,84547954169e-09	-5,76486180821e-09	-6,51747530414e-09
68400	3,95191679077e-07	5,68945891223e-08	0,0	1,04784384689e-07	1,04784384689e-07	3,79191995732e-08	2,5257920677e-08	5,68945891223e-08	0,0	1,49014194013e-08	6,7456056474e-09	1,54338561204e-08	5,96936189468e-09	1,54338561204e-08	-8,56380567892e-10	3,29715276292e-09	3,55292075755e-09
69300	-1,46776150874e-07	-2,07841356223e-08	0,0	-3,8004104771e-08	-3,8004104771e-08	-1,36265042234e-08	-8,78281884449e-09	-2,07841356223e-08	0,0	-5,20269365374e-09	-2,33460271357e-09	-3,53487906328e-09	-2,41164975962e-09	-3,53487906328e-09	-7,22845964342e-10	3,39066115792e-10	5,61536715095e-10
70200	1,9363044678e-07	3,07142628628e-08	0,0	5,45808719817e-08	5,45808719817e-08	2,2773801499e-08	1,30725904561e-08	3,07142628628e-08	0,0	9,19960687624e-09	5,77208075552e-09	1,37539218198e-08	4,18748994621e-09	1,37539218198e-08	-1,92549609979e-09	5,35167693106e-09	4,0322422618e-09
71100	1,99236896058e-07	4,07356507329e-08	0,0	6,48129412546e-08	6,48129412546e-08	2,96461136224e-08	2,24398704048e-08	4,07356507329e-08	0,0	1,32963267567e-08	7,84199089779e-09	1,87121876268e-08	5,95758354293e-09	1,87121876268e-08	-2,19675501481e-09	5,02447132381e-09	6,55740218785e-09
72000	8,30650680976e-08	1,17315788186e-08	0,0	2,24303665114e-08	2,24303665114e-08	8,57341604765e-09	5,33404326342e-09	1,17315788186e-08	0,0	1,43423413734e-09	-3,3570904601e-11	2,8891816966e-09	-3,90195101742e-10	2,8891816966e-09	1,67167542527e-08	2,53402686726e-09	5,05948601117e-10
72900	-3,29826012696e-07	-4,86475823563e-08	0,0	-8,82262307877e-08	-8,82262307877e-08	-3,30106622778e-08	-2,25515745879e-08	-4,86475823563e-08	0,0	-7,62171952181e-09	-1,93305893698e-09	-6,39379019952e-09	-1,98737993601e-09	-6,39379019952e-09	-1,78972158824e-08	-1,15072844906e-09	1,75240930083e-09
73800	-5,56651079084e-08	-1,40572060727e-08	0,0	-2,20186503308e-08	-2,20186503308e-08	-1,09882757022e-08	-8,4979868866e-09	-1,40572060727e-08	0,0	-9,02091189304e-09	-6,0585102966e-09	-1,53117599062e-08	-3,62619934565e-09	-1,53117599062e-08	2,88925099258e-09	-6,26896131393e-09	-6,50458617427e-09
74700	-7,57605872073e-08	-1,20057634998e-08	0,0	-2,04129749885e-08	-2,04129749885e-08	-8,08353169772e-09	-5,29091046419e-09	-1,20057634998e-08	0,0	-2,23634713001e-09	-2,0720181265e-09	-1,28112629423e-09	-1,79072047847e-09	-1,28112629423e-09	1,28551197737e-08	1,22893081251e-09	7,97338475274e-10
75600	-2,11277074333e-07	-3,61315263563e-08	0,0	-6,275406899e-08	-6,275406899e-08	-2,49510014411e-08	-1,93101176195e-08	-3,61315263563e-08	0,0	-1,20109406913e-08	-4,66942994305e-09	-1,6413795089e-08	-4,2593840698e-09	-1,6413795089e-08	-1,06561073887e-08	-6,78918257776e-09	-7,53713309712e-09
76500	8,88041597105e-09	3,17768981836e-09	0,0	4,36324481397e-09	4,36324481397e-09	2,9840748439e-09	1,77293297752e-09	3,17768981836e-09	0,0	1,18430669361e-09	4,95292660223e-10	2,37512740144e-09	3,21452847568e-10	2,37512740144e-09	8,1109123537e-09	1,25751388647e-09	7,59621421619e-10
77400	2,29778660655e-06	9,45455448051e-07	0,0	1,68881752223e-06	1,68881752223e-06	1,0353688554e-06	7,09273552133e-07	9,45455448051e-07	0,0	7,43689475094e-07	2,27242004914e-07	1,41856592552e-06	5,74617637345e-07	1,41856592552e-06	4,83298989934e-08	7,32799345146e-07	6,44158880591e-07
78300	-2,35296858467e-06	-9,51915050929e-07	0,0	-1,70265237135e-06	-1,70265237135e-06	-1,04038251116e-06	-7,11715699207e-07	-9,51915050929e-07	0,0	-7,42204140177e-07	-2,27138792784e-07	-1,41826951045e-06	-5,74136192018e-07	-1,41826951045e-06	-5,66720249125e-08	-7,33096648703e-07	-6,44261314948e-07
79200	2,11177005378e-06	8,63977148614e-07	0,0	1,54337145831e-06	1,54337145831e-06	9,55770314529e-07	6,36169827509e-07	8,63977148614e-07	0,0	6,76239481816e-07	3,06708599001e-07	1,343972846e-06	5,74299906606e-07	1,343972846e-06	7,5199567041e-08	6,46713997718e-07	6,37708907705e-07
80100	-1,93872880013e-07	-6,60473095696e-08	0,0	-1,32404705645e-07	-1,32404705645e-07	-7,72607952332e-08	-5,59007747807e-08	-6,60473095696e-08	0,0	-3,34977980788e-08	-3,42819176438e-08	-7,4284366073e-08	-5,99070497646e-08	-7,4284366073e-08	-2,94909669397e-08	1,03913258562e-08	-5,51956230491e-08
81000	-3,48746075719e-07	-1,34356232952e-07	0,0	-2,23499256741e-07	-2,23499256741e-07	-1,36067191626e-07	-8,8639959752e-08	-1,34356232952e-07	0,0	-1,32852743268e-07	-4,44779168333e-08	-2,29640943597e-07	-8,37432999362e-08	-2,29640943597e-07	-2,32928037084e-08	-1,69644578961e-07	-3,71707348134e-08
81900	2,05250997367e-07	7,55113307505e-08	0,0	1,34901321078e-07	1,34901321078e-07	8,02454967815e-08	5,54016423462e-08	7,55113307505e-08	0,0	1,6108126124e-08	5,60421221163e-08	1,00462161392e-07	4,77705146323e-08	1,00462161392e-07	3,18828801798e-08	5,16220935473e-08	1,69900540284e-08
82800	-7,17813147025e-07	-2,59695747289e-07	0,0	-4,75924548877e-07	-4,75924548877e-07	-3,05555163933e-07	-1,73034249248e-07	-2,59695747289e-07	0,0	-1,50122207642e-07	-8,6652445814e-08	-3,48315756258e-07	-1,5001018162e-07	-3,48315756258e-07	-4,20259577105e-08	-1,55469404938e-07	-1,51400311633e-07
83700	-1,14579141867e-07	-4,7357587076e-08	0,0	-7,03950756193e-08	-7,03950756193e-08	-3,47729635068e-08	-3,59842126136e-08	-4,7357587076e-08	0,0	-6,10638593633e-08	-5,75148766096e-08	-1,06222582288e-07	-6,08219399784e-08	-1,06222582288e-07	1,85884021917e-09	-4,31034002027e-08	-6,53969818188e-08
84600	-5,95957081973e-08	-2,20159667103e-08	0,0	-3,90838910502e-08	-3,90838910502e-08	-1,60461330783e-08	-2,32497146472e-08	-2,20159667103e-08	0,0	1,07634380471e-08	-3,57825550669e-09	-1,95988683678e-08	4,8137614218e-09	-1,95988683678e-08	-1,72217527632e-09	1,60037526162e-08	-3,39243406759e-08
85500	-2,6133165789e-07	-9,83356499429e-08	0,0	-1,69690861397e-07	-1,69690861397e-07	-1,10903354995e-07	-5,97193919361e-08	-9,83356499429e-08	0,0	-7,50177367291e-08	-5,91165882555e-08	-1,59665869611e-07	-7,39762540293e-08	-1,59665869611e-07	-2,29032142409e-09	-8,17771465125e-08	-7,60397754997e-08
86400	-4,34084838502e-07	-1,66091798557e-07	0,0	-2,79251594277e-07	-2,79251594277e-07	-1,62826970106e-07	-1,17935623658e-07	-1,66091798557e-07	0,0	-1,23738296934e-07	-5,07109232027e-08	-2,48400968202e-07	-9,36970882205e-08	-2,48400968202e-07	4,4380033509e-09	-1,39279014988e-07	-1,14236102078e-07
87300	-5,96165447227e-08	-1,64406190288e-08	0,0	-4,43860680953e-08	-4,43860680953e-08	-2,71848996561e-08	-1,74758078591e-08	-1,64406190288e-08	0,0	-2,13403115238e-09	3,22297047851e-08	1,2155227332e-08	1,8935295828e-09	1,2155227332e-08	3,63962471196e-09	6,22458056388e-09	2,3933212467e-09
88200	-4,16751043647e-10	-2,44300581372e-09	0,0	1,89400925625e-09	1,89400925625e-09	8,86350490795e-09	-6,94177591173e-09	-2,44300581372e-09	0,0	-1,92256812102e-08	-6,67317736163e-09	-2,02348826711e-08	-8,38868090401e-09	-2,02348826711e-08	-8,17577439406e-09	-1,08426421133e-08	-1,26648801837e-09
89100	-1,42668774913e-07	-5,13046518345e-08	0,0	-9,48892043891e-08	-9,48892043891e-08	-6,17491330415e-08	-3,36758297521e-08	-5,13046518345e-08	0,0	-2,33434499147e-08	-3,93438369626e-08	-8,45990550521e-08	-2,99580491754e-08	-8,45990550521e-08	9,76036032915e-10	-4,27278740792e-08	-4,30858950024e-08
90000	-8,92970207784e-08	-3,18283392625e-08	0,0	-5,96604615606e-08	-5,96604615606e-08	-3,83727385321e-08	-2,16234415353e-08	-3,18283392625e-08	0,0	-2,26939733775e-08	-1,36612273187e-08	-4,98595887274e-08	-1,86345150545e-08	-4,98595887274e-08	-3,15341864411e-09	-2,69679292774e-08	-1,9849209782e-08
90900	3,11829566316e-08	1,40709806841e-08	0,0	1,8035021761e-08	1,8035021761e-08	1,06055132534e-08	7,515729879e-09	1,40709806841e-08	0,0	1,42982240917e-08	2,05792955373e-08	3,60772293863e-08	1,32203266392e-08	3,60772293863e-08	1,62943528922e-09	9,25075927372e-09	2,53355780159e-08
91800	-9,92673655603e-08	-3,63686023036e-08	0,0	-6,53885498352e-08	-6,53885498352e-08	-4,16811524898e-08	-2,40671370162e-08	-3,63686023036e-08	0,0	-2,51291423418e-08	-8,5262733289e-09	-5,03430718035e-08	-1,99607666228e-08	-5,03430718035e-08	2,03645738554e-09	-1,95783718852e-08	-3,29482275883e-08
92700	5,51646526227e-08	2,03928071225e-08	0,0	3,61654039936e-08	3,61654039936e-08	2,36820632583e-08	1,2680377407e-08	2,03928071225e-08	0,0	9,64767558298e-09	1,42670674237e-08	3,52478794128e-08	9,30135574333e-09	3,52478794128e-08	-2,79803548108e-09	2,44720226529e-08	2,30902628458e-08
93600	1,55884200533e-08	6,78110745921e-09	0,0	9,25710754528e-09	9,25710754528e-09	1,10925384999e-08	-1,78794144111e-09	6,78110745921e-09	0,0	5,77353534522e-09	-7,80035271455e-10	8,79255853122e-09	3,03126405191e-09	8,79255853122e-09	8,53507381679e-10	9,17260861232e-09	4,96165836163e-10
94500	-3,21187508963e-08	-1,3154459924e-08	0,0	-1,98457992206e-08	-1,98457992206e-08	-1,28020343531e-08	-7,14775677819e-09	-1,3154459924e-08	0,0	-9,65351834235e-09	-1,43521950169e-08	-3,12855787357e-08	-6,14751339032e-09	-3,12855787357e-08	-1,26480303415e-09	-2,44046660426e-08	-1,68330615314e-08
95400	-2,43193652687e-08	-8,42059421776e-09	0,0	-1,64822363269e-08	-1,64822363269e-08	-1,20924813801e-08	-4,48456099971e-09	-8,42059421776e-09	0,0	-4,00707974403e-09	-2,74206077105e-10	-1,01133816793e-08	-2,62153099751e-09	-1,01133816793e-08	4,34742433334e-09	-1,26132033495e-08	-1,87779361278e-09
96300	-4,6600166794e-08	-1,63413752213e-08	0,0	-3,13875096012e-08	-3,13875096012e-08	-2,22350154884e-08	-9,32825164883e-09	-1,63413752213e-08	0,0	-8,62355264345e-09	-2,65866903206e-09	-1,89236519365e-08	-8,77423728163e-09	-1,89236519365e-08	1,10979960616e-09	-9,52587044879e-09	-1,05483349803e-08
97200	2,52600415783e-08	9,03201935226e-09	0,0	1,68493186236e-08	1,68493186236e-08	1,26280268093e-08	4,31401294844e-09	9,03201935226e-09	0,0	2,02529486625e-09	7,87674953781e-09	1,54591097119e-08	3,57595343879e-09	1,54591097119e-08	-9,02433723858e-09	1,80734978293e-08	6,4884460258e-09
98100	1,62278549135e-08	6,07068540802e-09	0,0	1,05712045617e-08	1,05712045617e-08	1,08597156524e-08	-2,28504133099e-10	6,07068540802e-09	0,0	3,09634455762e-09	5,35718943172e-09	1,17985757409e-08	2,81533369169e-09	1,17985757409e-08	2,55763009022e-09	1,08352557677e-08	4,96715427153e-09
99000	8,03132946715e-09	2,59812252603e-09	0,0	5,61564203524e-09	5,61564203524e-09	1,33561887644e-09	4,31122372235e-09	2,59812252603e-09	0,0	2,80009589334e-10	-7,2215648527e-09	-5,32467353055e-09	8,81594371684e-10	-5,32467353055e-09	-2,137515584e-09	-9,72451679172e-09	-2,27077327525e-11
99900	6,20882435514e-09	1,39262440385e-09	0,0	4,92398499671e-09	4,92398499671e-09	2,24547460885e-10	4,73074155598e-09	1,39262440385e-09	0,0	3,14112474031e-09	-4,23137455974e-09	-1,64704116992e-09	1,91485452263e-09	-1,64704116992e-09	6,66186949883e-09	-5,50154917965e-09	-2,85222045336e-09
100800	-7,63240571885e-08	-2,78367954915e-08	0,0	-5,0394578779e-08	-5,0394578779e-08	-3,00351175415e-08	-2,06393528525e-08	-2,78367954915e-08	0,0	-1,80722544291e-08	-1,31921761276e-09	-3,32839299024e-08	-1,40874885939e-08	-3,32839299024e-08	1,80015673433e-09	-1,87690261537e-08	-1,638911317e-08
101700	5,01331492768e-08	1,92868933868e-08	0,0	3,21536149933e-08	3,21536149933e-08	1,98152729218e-08	1,25117034396e-08	1,92868933868e-08	0,0	1,03554677511e-08	9,32975729772e-09	2,93189256861e-08	9,83908299855e-09	2,93189256861e-08	-5,97178015947e-09	1,92915419068e-08	1,61042122522e-08
102600	2,8720282698e-08	1,06438076126e-08	0,0	1,88035321029e-08	1,88035321029e-08	1,47106638302e-08	4,19834417474e-09	1,06438076126e-08	0,0	6,21247482802e-09	-3,46586938257e-10	1,14472605578e-08	5,1003709419e-09	1,14472605578e-08	2,87482230345e-10	8,92703655881e-09	2,24593883582e-09
103500	-3,01474824534e-08	-1,09937695689e-08	0,0	-1,99070032556e-08	-1,99070032556e-08	-1,26461844844e-08	-7,37216600585e-09	-1,09937695689e-08	0,0	-5,71109697436e-09	-3,44090732939e-10	-1,13056021711e-08	-5,77694252235e-09	-1,13056021711e-08	-2,85240368606e-09	1,22661409306e-10	-6,4911596646e-09
104400	1,26232062646e-07	4,43611605885e-08	0,0	8,49340421513e-08	8,49340421513e-08	4,29594205636e-08	4,2456281322e-08	4,43611605885e-08	0,0	3,32789316991e-08	-1,55522937439e-08	4,12079641442e-08	2,09459962646e-08	4,12079641442e-08	1,10823003882e-08	5,27873836952e-09	2,27688377201e-08
105300	-1,68752264685e-08	-7,6972487377e-09	0,0	-9,68164691859e-09	-9,68164691859e-09	-3,37747821381e-09	-6,35172025684e-09	-7,6972487377e-09	0,0	-3,38001822176e-09	7,50858999032e-09	8,25003263634e-10	-4,32895035984e-09	8,25003263634e-10	-3,86187903305e-09	1,10106737898e-09	3,62446584202e-09
106200	1,70912259233e-08	7,37681833761e-09	0,0	1,02020485281e-08	1,02020485281e-08	1,45336872463e-08	-4,27678514592e-09	7,37681833761e-09	0,0	1,67589049365e-09	2,56734714725e-08	2,34269184009e-08	1,15662294729e-08	2,34269184009e-08	4,13124906899e-09	1,55773005086e-08	3,77883214949e-09
107100	1,73590936428e-07	6,91756002324e-08	0,0	1,09077583142e-07	1,09077583142e-07	6,63062381911e-08	4,33491076367e-08	6,91756002324e-08	0,0	6,01128752846e-08	2,79629136117e-08	1,1268445711e-07	4,5403587634e-08	1,1268445711e-07	9,95824889818e-09	5,29857435215e-08	5,00238260446e-08
108000	4,07805257547e-07	1,40833022728e-07	0,0	2,76725679838e-07	2,76725679838e-07	1,59754570155e-07	1,18544490425e-07	1,40833022728e-07	0,0	6,07310832462e-08	-9,06276580035e-11	1,47252086054e-07	5,45420033289e-08	1,47252086054e-07	-5,9225973638e-10	7,08514554573e-08	7,72279695362e-08
108900	5,27103819525e-08	2,08052039961e-08	0,0	3,33073483101e-08	3,33073483101e-08	1,04180214481e-08	2,3064829892e-08	2,08052039961e-08	0,0	4,64439274286e-08	2,45666821766e-08	6,35066996814e-08	2,8973759298e-08	6,35066996814e-08	1,35858534251e-08	2,39707446752e-08	2,61212059886e-08
109800	3,89785615182e-07	1,35828471265e-07	0,0	2,63352671416e-07	2,63352671416e-07	1,54240254815e-07	1,10607856531e-07	1,35828471265e-07	0,0	8,30966339816e-08	-6,07545124073e-09	1,60902075622e-07	5,25119709521e-08	1,60902075622e-07	2,96947721632e-09	9,53284320217e-08	6,2885229733e-08
110700	1,36283446486e-07	3,8392275283e-08	0,0	1,00701512514e-07	1,00701512514e-07	8,08380770047e-08	2,04901963489e-08	3,8392275283e-08	0,0	-1,65103668953e-09	7,89886811427e-09	3,32127873997e-08	1,13861281893e-08	3,32127873997e-08	-2,23036529379e-08	2,32679098713e-08	3,2366753736e-08
111600	2,99378201371e-07	1,27276024788e-07	0,0	1,80537929817e-07	1,80537929817e-07	1,18853423816e-07	6,26058509271e-08	1,27276024788e-07	0,0	1,20660087201e-07	9,35045175817e-08	2,58032500373e-07	8,55627838168e-08	2,58032500373e-07	-9,15615247452e-09	1,86768783078e-07	9,5079551921e-08
112500	-4,8180067701e-08	-9,80149340534e-09	0,0	-3,91530843529e-08	-3,91530843529e-08	-4,07935554582e-08	1,36669272565e-09	-9,80149340534e-09	0,0	3,7517558735e-08	1,25124141352e-08	-7,3041631723e-09	4,78555884184e-08	-7,3041631723e-09	3,27517404665e-08	-4,78502279777e-08	-6,12713727147e-09
113400	4,83731996594e-07	1,66168806039e-07	0,0	3,29079051752e-07	3,29079051752e-07	1,59665103893e-07	1,71295384461e-07	1,66168806039e-07	0,0	1,3380650789e-07	2,16877696289e-08	2,54350947038e-07	6,86860453194e-08	2,54350947038e-07	-1,28548701249e-08	7,00262427045e-08	1,97991275199e-07
114300	4,80874128873e-08	2,67878846607e-08	0,0	2,30082083669e-08	2,30082083669e-08	6,83596111801e-08	-4,52560051141e-08	2,67878846607e-08	0,0	-1,50785283061e-09	9,74475488246e-08	1,04076682893e-07	1,98668055968e-08	1,04076682893e-07	-1,90555099427e-08	1,85345728997e-07	-6,17656724552e-08
115200	-1,85035755379e-06	-7,72061368096e-07	0,0	-1,38783466556e-06	-1,38783466556e-06	-8,7409571523e-07	-5,64653419223e-07	-7,72061368096e-07	0,0	-6,10021128036e-07	-3,11354452644e-07	-1,28771042622e-06	-4,8369173033e-07	-1,28771042622e-06	-2,27738755063e-09	-7,40147598327e-07	-5,52043908891e-07
116100	3,31242115117e-08	3,41567204432e-09	0,0	6,44578333676e-09	6,44578333676e-09	3,27895979681e-09	-6,93878457115e-10	3,41567204432e-09	0,0	-2,74917035271e-09	-1,53663410294e-09	-5,24878207239e-09	-4,73923325025e-10	-5,24878207239e-09	-9,205542716e-09	-4,78893927944e-09	-1,41882442556e-09
117000	1,14057078589e-07	1,87351831864e-08	0,0	3,39966934912e-08	3,39966934912e-08	1,13330557112e-08	1,16562646432e-08	1,87351831864e-08	0,0	9,10278193986e-09	6,02512949648e-09	1,27867423522e-08	3,54793208604e-09	1,27867423522e-08	-2,05190108939e-09	4,95655183764e-09	4,27894514907e-09
117900	1,78841942713e-06	7,93236353633e-07	0,0	1,39212432244e-06	1,39212432244e-06	8,72872544655e-07	5,8520885707e-07	7,93236353633e-07	0,0	6,83161270193e-07	3,38417073595e-07	1,34632281441e-06	5,69701164875e-07	1,34632281441e-06	1,17163979663e-07	6,40209921073e-07	6,11203177969e-07
118800	-1,90352658344e-06	-8,04345692129e-07	0,0	-1,41624874869e-06	-1,41624874869e-06	-8,76781528883e-07	-5,90723285741e-07	-8,04345692129e-07	0,0	-6,82970419944e-07	-3,37161695519e-07	-1,33987916027e-06	-5,68953891763e-07	-1,33987916027e-06	-1,03350680817e-07	-6,34385380915e-07	-6,07238535201e-07
119700	1,90971016655e-07	1,82496946625e-07	0,0	3,35409055354e-07	3,35409055354e-07	2,86819153113e-07	1,46449958084e-07	1,82496946625e-07	0,0	1,88227059405e-07	8,40494728212e-08	4,72277877617e-07	1,14911514382e-07	4,72277877617e-07	4,22662695238e-08	2,85111713674e-07	3,03626776697e-07
120600	-8,8799021759e-07	-2,73287631163e-07	0,0	-5,63773793934e-07	-5,63773793934e-07	-3,87913456852e-07	-2,16549714626e-07	-2,73287631163e-07	0,0	-2,2813189108e-07	-1,07920100008e-07	-5,23630674938e-07	-1,30738327318e-07	-5,23630674938e-07	-4,92187478005e-08	-3,05541759226e-07	-3,23595860237e-07
121500	1,32105617954e-06	4,35459190079e-07	0,0	8,27196921529e-07	8,27196921529e-07	4,64025400196e-07	3,86654190423e-07	4,35459190079e-07	0,0	3,89337315451e-07	2,17091911334e-08	6,36585295778e-07	2,35678775053e-07	6,36585295778e-07	5,0369483747e-08	3,50421565931e-07	2,69821005229e-07
122400	-1,2843445677e-06	-4,40775518271e-07	0,0	-8,1616852136e-07	-8,1616852136e-07	-4,62215800816e-07	-3,82831661506e-07	-4,40775518271e-07	0,0	-3,91227323118e-07	-2,23911201174e-08	-6,39851232512e-07	-2,36909837702e-07	-6,39851232512e-07	-5,34582426663e-08	-3,51379112562e-07	-2,71497201982e-07
123300	-1,02907424957e-07	6,91052734121e-09	0,0	-3,00773959618e-08	-3,00773959618e-08	-9,06213412851e-09	-8,42608246967e-09	6,91052734121e-09	0,0	2,93070497447e-10	-1,42103809371e-09	2,80581142807e-09	8,90757299232e-10	2,80581142807e-09	3,09922543478e-09	4,08174744101e-10	1,40333674587e-09
124200	-1,42443615189e-08	-3,74985687455e-09	0,0	-1,08733100837e-08	-1,08733100837e-08	-7,97819339525e-09	-4,89009220488e-09	-3,74985687455e-09	0,0	-4,16163552694e-10	-2,37597874474e-09	-1,72026915404e-09	-7,71013036736e-10	-1,72026915404e-09	-2,81577201225e-09	-9,54601207338e-11	-7,6353580293e-10
125100	-3,52839098344e-07	-8,17290829638e-09	0,0	-1,3205564109e-07	-1,3205564109e-07	-6,0770985956e-08	-4,19118726651e-08	-8,17290829638e-09	0,0	-2,05402318818e-08	-1,22777709855e-08	-1,25742812652e-08	-6,17975162237e-09	-1,25742812652e-08	-3,90762020368e-09	-4,91293884227e-09	-5,12615440583e-09
126000	1,27210480591e-07	-2,83915247323e-09	0,0	4,35651379199e-08	4,35651379199e-08	1,84769661324e-08	1,36881110161e-08	-2,83915247323e-09	0,0	1,28555297021e-09	1,68911408807e-09	-4,45893221929e-09	-7,73264208858e-10	-4,45893221929e-09	-9,87243548552e-10	-3,18923155712e-09	-1,51388406516e-09
126900	-1,40749432802e-08	-1,63007251769e-09	0,0	-3,50514228542e-09	-3,50514228542e-09	-9,80239892459e-10	-1,56023131257e-09	-1,63007251769e-09	0,0	-2,35564615779e-09	-2,19696530869e-09	-4,14643968648e-09	-2,00976764175e-09	-4,14643968648e-09	-8,88540751939e-10	-2,25031698767e-09	-2,87282100056e-09
127800	1,36559086475e-07	4,67457684301e-09	0,0	5,0422694962e-08	5,0422694962e-08	2,26987045979e-08	1,72114695191e-08	4,67457684301e-09	0,0	8,21305166877e-09	7,67161923659e-09	8,13366137508e-09	4,11060490483e-09	8,13366137508e-09	2,19883377589e-09	4,54605541523e-09	2,90548875451e-09
128700	-2,81063691902e-07	-1,25576347094e-08	0,0	-1,1705491097e-07	-1,1705491097e-07	-5,85957976417e-08	-4,11149900657e-08	-1,25576347094e-08	0,0	-1,46168002899e-08	-1,33477391149e-08	-1,38619186486e-08	-6,44390310433e-09	-1,38619186486e-08	-4,04672807805e-09	-6,17241662128e-09	-4,73407256413e-09
129600	4,99061080901e-08	1,42456246543e-09	0,0	1,94692667959e-08	1,94692667959e-08	9,38867548971e-09	6,57774257429e-09	1,42456246543e-09	0,0	3,48383079245e-09	1,34295158164e-09	5,2110984953e-09	1,26478432916e-09	5,2110984953e-09	1,28528373662e-09	1,74004148341e-09	3,12541888627e-09
130500	1,96667295414e-07	5,60053733097e-09	0,0	7,59400149294e-08	7,59400149294e-08	3,68267044968e-08	2,37513207352e-08	5,60053733097e-09	0,0	9,06366833058e-09	8,82102138186e-09	6,10262339309e-09	3,04542277897e-09	6,10262339309e-09	1,91773878711e-09	2,60026128073e-09	2,58575358186e-09
131400	5,5313023359e-09	5,23844126221e-09	0,0	9,57181015357e-09	9,57181015357e-09	6,81734523448e-09	4,95438278354e-09	5,23844126221e-09	0,0	2,66982670575e-09	2,33821645261e-09	7,2732553595e-09	1,90101502218e-09	7,2732553595e-09	2,05075371678e-09	3,45136647002e-09	3,19897956406e-09
132300	7,67811333629e-09	4,60386856449e-10	0,0	3,86776930934e-09	3,86776930934e-09	1,9774999627e-09	1,90432179918e-09	4,60386856449e-10	0,0	6,85493162159e-10	-4,78052165256e-10	-2,08294631964e-09	1,95186831071e-10	-2,08294631964e-09	-5,69954620992e-10	-1,14778823012e-09	-1,97258186312e-09
133200	7,37434652571e-08	4,91299085435e-09	0,0	3,08070521246e-08	3,08070521246e-08	1,50230301154e-08	1,14751332813e-08	4,91299085435e-09	0,0	5,47705254152e-09	4,8611691543e-09	6,80244794636e-09	2,83060116741e-09	6,80244794636e-09	7,42437266844e-09	3,61290198094e-09	2,75905363964e-09
134100	-2,41665795633e-06	-8,51910068458e-07	0,0	-1,67727191287e-06	-1,67727191287e-06	-9,12877459867e-07	-5,28449103924e-07	-8,51910068458e-07	0,0	-5,65576092572e-07	-4,62277116528e-07	-1,17945193671e-06	-4,65337352989e-07	-1,17945193671e-06	-1,65483119709e-07	-4,91148421389e-07	-5,60878692012e-07
135000	2,47594787241e-06	8,51842606764e-07	0,0	1,6992599957e-06	1,6992599957e-06	9,23644081157e-07	5,35471278119e-07	8,51842606764e-07	0,0	5,66914053623e-07	4,62668118773e-07	1,17678335162e-06	4,64979909892e-07	1,17678335162e-06	1,5939266606e-07	4,89928784926e-07	5,60121168386e-07
135900	-1,21911656135e-07	-2,43596688496e-09	0,0	-4,7479857143e-08	-4,7479857143e-08	-2,20863796218e-08	-1,63864686505e-08	-2,43596688496e-09	0,0	-5,18448187185e-09	-3,77333397428e-09	-2,8844614761e-09	-1,40186272126e-09	-2,8844614761e-09	-1,0103644122e-09	-9,94810762304e-10	-1,22009790238e-09
136800	2,08377132873e-07	3,28704960247e-09	0,0	7,69725793951e-08	7,69725793951e-08	3,54368577135e-08	2,48502571008e-08	3,28704960247e-09	0,0	9,19193580647e-09	7,13206504385e-09	4,52508093877e-09	2,80981894272e-09	4,52508093877e-09	1,60446456068e-09	1,33044476029e-09	1,67965043906e-09
137700	-4,77392191384e-07	-1,91285242194e-08	0,0	-1,90886223126e-07	-1,90886223126e-07	-9,32884901714e-08	-6,37610079012e-08	-1,91285242194e-08	0,0	-2,96652585177e-08	-1,99316962115e-08	-2,18726819121e-08	-1,05967473671e-08	-2,18726819121e-08	-6,75282030539e-09	-9,78936392194e-09	-8,8616208823e-09
138600	-3,60210104899e-07	-1,22704316988e-08	0,0	-1,40498646501e-07	-1,40498646501e-07	-6,71546082079e-08	-4,70422023522e-08	-1,22704316988e-08	0,0	-1,98928425968e-08	-1,55865330129e-08	-1,56829090027e-08	-7,34524311605e-09	-1,56829090027e-08	-4,80028077064e-09	-7,27107153957e-09	-5,45830790052e-09
139500	8,83200067997e-07	3,24318634441e-08	0,0	3,50282083353e-07	3,50282083353e-07	1,69007893184e-07	1,17575029888e-07	3,24318634441e-08	0,0	5,195781317e-08	3,6602309643e-08	3,98246606741e-08	1,85513200685e-08	3,98246606741e-08	1,21566061753e-08	1,78587197339e-08	1,52570316182e-08
140400	-5,58059784167e-07	-2,12674229181e-07	0,0	-3,70493110111e-07	-3,70493110111e-07	-2,09710236549e-07	-6,94685172699e-08	-2,12674229181e-07	0,0	-2,19621862906e-07	-1,49321146783e-07	-3,27112623432e-07	-1,67825487702e-07	-3,27112623432e-07	-1,86978860204e-08	-1,63967647883e-07	-7,70508438231e-08
141300	8,21201648904e-07	2,72658576728e-07	0,0	5,11355631911e-07	5,11355631911e-07	2,89917845957e-07	1,35261921257e-07	2,72658576728e-07	0,0	2,76159233652e-07	1,66084667531e-07	4,0781324414e-07	2,02244153552e-07	4,0781324414e-07	3,46445125891e-08	1,95030530069e-07	1,26154798025e-07
142200	-1,15454084684e-07	-4,81996813668e-08	0,0	-7,95997107831e-08	-7,95997107831e-08	-4,76698731037e-08	-4,15261830562e-08	-4,81996813668e-08	0,0	-4,17319239346e-08	-6,77145159512e-09	-6,23305834574e-08	-3,02169331567e-08	-6,23305834574e-08	-1,2290711837e-08	-1,73482587281e-08	-3,89372356452e-08
143100	1,71957065765e-07	7,30173795722e-08	0,0	1,20430026916e-07	1,20430026916e-07	7,65185018243e-08	6,12017087137e-08	7,30173795722e-08	0,0	6,10007859072e-08	2,97474937062e-08	8,43595812513e-08	3,70270124437e-08	8,43595812513e-08	-5,97974727288e-10	5,8784546489e-08	4,01583481266e-08
144000	1,8740622995e-06	6,90712952953e-07	0,0	1,20922981136e-06	1,20922981136e-06	7,24339015103e-07	4,70269634e-07	6,90712952953e-07	0,0	5,61847028601e-07	2,5005758803e-07	1,15997669139e-06	3,95919019846e-07	1,15997669139e-06	6,73567683044e-08	6,93491112666e-07	5,17492878841e-07
144900	-1,31645256582e-07	-4,76034145104e-08	0,0	-8,73039313184e-08	-8,73039313184e-08	-6,7298012969e-08	-2,05014760831e-08	-4,76034145104e-08	0,0	-3,71602381929e-08	-1,08991315994e-08	-1,22039595331e-07	2,54936199251e-08	-1,22039595331e-07	3,70547277579e-08	-1,55764690522e-07	-1,41230227128e-07
145800	-3,95712448667e-07	-1,56563678985e-07	0,0	-2,49727150145e-07	-2,49727150145e-07	-1,42577726427e-07	-1,08473714532e-07	-1,56563678985e-07	0,0	-1,49740984046e-07	-6,74805059326e-08	-2,6632222952e-07	-1,09558591517e-07	-2,6632222952e-07	-2,99243387607e-08	-1,42095961046e-07	-9,49600186818e-08
146700	1,10668294047e-06	4,14415666144e-07	0,0	7,20508586008e-07	7,20508586008e-07	4,34659743186e-07	2,89800301571e-07	4,14415666144e-07	0,0	2,76539997063e-07	1,17268031046e-07	6,2333618886e-07	1,88589749996e-07	6,2333618886e-07	-5,95442774803e-08	3,48202714048e-07	3,68434128304e-07
147600	-7,59381980948e-09	-1,43048134721e-08	0,0	5,87236546885e-09	5,87236546885e-09	-2,93549438533e-08	3,53116779052e-08	-1,43048134721e-08	0,0	2,80346050368e-08	-1,22916600624e-07	-1,05353312403e-07	-5,17504701809e-09	-1,05353312403e-07	4,56287645261e-08	-1,17369516602e-07	-6,61412333829e-08
148500	-2,16163060456e-06	-8,91242654693e-07	0,0	-1,59276681315e-06	-1,59276681315e-06	-9,49561253215e-07	-6,96618495705e-07	-8,91242654693e-07	0,0	-7,23912602847e-07	-1,88588644859e-07	-1,35525009152e-06	-5,24266960972e-07	-1,35525009152e-06	-5,68103524512e-08	-6,84988169041e-07	-6,1930187077e-07
149400	1,69483629293e-07	1,62901283175e-08	0,0	3,84530525354e-08	3,84530525354e-08	1,13494717069e-08	3,78889539362e-09	1,62901283175e-08	0,0	2,01266328377e-09	1,50437008771e-10	6,22546041735e-10	4,89024868151e-10	6,22546041735e-10	-9,1747181477e-09	7,89421110947e-10	-1,19900346498e-09
150300	-1,48001850652e-07	-1,76272963101e-08	0,0	-3,72966374429e-08	-3,72966374429e-08	-1,18431424825e-08	-7,25245622963e-09	-1,76272963101e-08	0,0	-4,14557297151e-09	-1,17032865839e-09	-5,13288203634e-09	-1,09358026471e-09	-5,13288203634e-09	1,03996375456e-09	-2,5283184045e-09	-2,07318228893e-09
151200	1,68821972023e-07	2,29640979942e-08	0,0	4,45956724211e-08	4,45956724211e-08	1,70219798303e-08	8,48338260895e-09	2,29640979942e-08	0,0	7,15329411058e-09	4,1243972494e-09	9,46469955469e-09	3,01441027389e-09	9,46469955469e-09	-1,24344684429e-09	3,52067070365e-09	2,56916545473e-09
152100	-5,181947786e-09	5,68803023975e-10	0,0	2,85314823737e-10	2,85314823737e-10	1,11683891004e-09	1,14254121126e-09	5,68803023975e-10	0,0	-1,64149399702e-09	-8,76558705411e-10	-1,15662141827e-09	-4,8666813058e-10	-1,15662141827e-09	4,99031313049e-11	-4,25816343459e-10	4,14573464856e-10
153000	4,36484117633e-08	1,67225472409e-08	0,0	2,07879756078e-08	2,07879756078e-08	1,08767153905e-08	1,20159911676e-08	1,67225472409e-08	0,0	7,9446936997e-09	5,89546178356e-09	1,26586177626e-08	3,45484809682e-09	1,26586177626e-08	-1,82660712618e-09	3,4817071234e-09	4,5615746457e-09
153900	1,24280540942e-07	2,33602544314e-08	0,0	3,9057937283e-08	3,9057937283e-08	1,81095840685e-08	1,09864385603e-08	2,33602544314e-08	0,0	9,44918313409e-09	5,43213074954e-09	1,50380931578e-08	4,10682137224e-09	1,50380931578e-08	-2,56791853017e-09	7,08676986183e-09	5,51942483667e-09
154800	6,13228269958e-08	1,53907573668e-08	0,0	2,31073739281e-08	2,31073739281e-08	1,25888533593e-08	7,7382509423e-09	1,53907573668e-08	0,0	9,22297128075e-09	4,69647672541e-09	1,34163326646e-08	3,74480546677e-09	1,34163326646e-08	2,05983240117e-08	6,06191757875e-09	5,03388611622e-09
155700	-3,21632502731e-08	-6,81764718585e-09	0,0	-1,04764200986e-08	-1,04764200986e-08	-5,06569116783e-09	-3,5354976881e-09	-6,81764718585e-09	0,0	-2,49692052386e-09	-6,95426416554e-10	-2,36895148778e-09	-9,09526326376e-10	-2,36895148778e-09	-2,94690732622e-10	-9,08412137784e-10	-4,32025308454e-10
156600	-9,04967060061e-08	-1,07906069647e-08	0,0	-2,10917487704e-08	-2,10917487704e-08	-7,01337529415e-09	-3,39480217451e-09	-1,07906069647e-08	0,0	5,33527052343e-11	-6,75942160274e-10	1,21118396693e-09	-1,64691457086e-10	1,21118396693e-09	1,0015122888e-09	4,11204156148e-09	1,7132473047e-10
157500	8,20063457099e-08	-9,77056604097e-11	0,0	9,9923353444e-09	9,9923353444e-09	-1,532288853e-09	-3,11728462369e-09	-9,77056604097e-11	0,0	-1,20772335399e-08	-7,26265115628e-09	-1,95565787619e-08	-4,84313433624e-09	-1,95565787619e-08	-3,8088206668e-09	-9,12848215847e-09	-8,44327207598e-09
158400	-1,0315904686e-07	-1,94161814645e-08	0,0	-3,33092844685e-08	-3,33092844685e-08	-1,63417350583e-08	-8,58469354273e-09	-1,94161814645e-08	0,0	-8,2361782034e-09	-5,19909808392e-09	-1,53654923933e-08	-3,62010906082e-09	-1,53654923933e-08	-1,33770884014e-08	-9,50744298946e-09	-5,51657391627e-09
159300	-5,25195029423e-08	-7,78694493961e-09	0,0	-1,33625660727e-08	-1,33625660727e-08	-4,12214332089e-09	-4,37763900639e-09	-7,78694493961e-09	0,0	-5,19689400354e-10	8,90370417471e-10	2,85211585016e-09	-1,90696078135e-10	2,85211585016e-09	1,12747746205e-08	2,70444843832e-09	1,95539412566e-09
160200	-2,27356581527e-07	-3,40692587532e-08	0,0	-6,32922079197e-08	-6,32922079197e-08	-2,618830773e-08	-1,45116292655e-08	-3,40692587532e-08	0,0	-6,82183634235e-09	-4,00918396953e-09	-1,13580872322e-08	-3,02950911393e-09	-1,13580872322e-08	-1,07202931209e-08	-4,14971130064e-09	-4,52376593183e-09
161100	2,17925300703e-08	5,38196350169e-09	0,0	7,72333230679e-09	7,72333230679e-09	5,00851309954e-09	1,98294451466e-09	5,38196350169e-09	0,0	1,90597754226e-09	7,28823507517e-10	2,45257088785e-09	6,49754816156e-10	2,45257088785e-09	9,18720543568e-09	3,97004309375e-10	8,32967999738e-10
162000	2,68564620333e-06	1,08708794051e-06	0,0	1,93779852714e-06	1,93779852714e-06	1,18019511347e-06	8,12786189858e-07	1,08708794051e-06	0,0	8,86287641948e-07	3,44318057199e-07	1,69423734477e-06	7,06008364183e-07	1,69423734477e-06	4,65756573486e-08	9,05312641047e-07	7,51479099282e-07
162900	-2,71861422839e-06	-1,09194976593e-06	0,0	-1,9470132712e-06	-1,9470132712e-06	-1,18379529826e-06	-8,14866472809e-07	-1,09194976593e-06	0,0	-8,88174029535e-07	-3,45406202249e-07	-1,69761384263e-06	-7,06593345059e-07	-1,69761384263e-06	-5,54208801226e-08	-9,06857098387e-07	-7,52718494321e-07
163800	-2,03733649248e-08	-4,28288761578e-09	0,0	-6,48919594696e-09	-6,48919594696e-09	-3,12310669463e-09	-2,41165778638e-09	-4,28288761578e-09	0,0	-5,87721785465e-10	1,22874039346e-10	3,36285965392e-10	-1,84259897032e-10	3,36285965392e-10	-3,27435932811e-10	8,02170043486e-10	5,13849263138e-10
164700	2,1940580181e-06	8,73186379239e-07	0,0	1,61668084218e-06	1,61668084218e-06	9,77798123763e-07	6,87826675327e-07	8,73186379239e-07	0,0	6,40858019899e-07	2,90074231165e-07	1,32416652424e-06	5,50859691777e-07	1,32416652424e-06	5,46021791927e-09	7,21175393193e-07	6,15503277766e-07
165600	-1,13366321954e-07	-4,11251223264e-08	0,0	-7,50596977608e-08	-7,50596977608e-08	-4,03079715859e-08	-3,51684180008e-08	-4,11251223264e-08	0,0	-4,56139706975e-08	-5,07712213614e-08	-7,1472249456e-08	-6,6745207585e-08	-7,1472249456e-08	3,29322280114e-08	1,23873337457e-09	-3,98141777464e-08
166500	2,4452655969e-08	1,65719337129e-08	0,0	8,90505690863e-09	8,90505690863e-09	6,75199454698e-10	8,23887157735e-09	1,65719337129e-08	0,0	2,95700140304e-08	-1,14648881185e-08	2,22770825162e-08	1,25847089505e-08	2,22770825162e-08	-2,99384348341e-08	-1,04099408002e-07	8,83381032165e-08
167400	-3,88111331576e-07	-1,41841394269e-07	0,0	-2,55976958103e-07	-2,55976958103e-07	-1,73278581375e-07	-8,41136417195e-08	-1,41841394269e-07	0,0	-7,8330752664e-08	-2,45606512721e-08	-1,69861894524e-07	-7,56156235753e-08	-1,69861894524e-07	5,62557215429e-09	-4,69980485703e-08	-1,28934517758e-07
168300	-3,67324835923e-07	-1,32968186014e-07	0,0	-2,43475370865e-07	-2,43475370865e-07	-1,50994869341e-07	-9,38289028547e-08	-1,32968186014e-07	0,0	-1,11150943467e-07	-3,87526782759e-08	-1,98324973778e-07	-8,57917917732e-08	-1,98324973778e-07	-6,06453993139e-09	-1,44304108164e-07	-4,11084067704e-08
169200	1,48980655611e-07	4,6978566715e-08	0,0	1,05325996353e-07	1,05325996353e-07	6,59409700196e-08	4,00026276262e-08	4,6978566715e-08	0,0	2,86302297652e-08	-3,11796227868e-08	2,87112664623e-08	1,55219449345e-08	2,87112664623e-08	1,48592403253e-08	5,94682973267e-08	-1,59357320395e-08
170100	-2,54063772879e-08	-1,08870742318e-08	0,0	-1,52401099209e-08	-1,52401099209e-08	1,43820508944e-08	-2,97068962168e-08	-1,08870742318e-08	0,0	5,68046164135e-09	5,75605088579e-09	-1,87887414411e-08	1,93113253644e-08	-1,87887414411e-08	1,3629745528e-08	-4,19003647331e-08	-2,77486547038e-08
171000	-5,29020251334e-07	-1,79953634154e-07	0,0	-3,61577042415e-07	-3,61577042415e-07	-1,91461760328e-07	-1,72174717561e-07	-1,79953634154e-07	0,0	-1,10676631918e-07	-1,37375907374e-08	-2,29807003177e-07	-7,54893717098e-08	-2,29807003177e-07	-1,33466994266e-08	-1,10068935505e-07	-1,06799176689e-07
171900	6,10194183061e-09	8,90019225411e-09	0,0	-2,27435003417e-09	-2,27435003417e-09	-1,54935833249e-08	1,31599385917e-08	8,90019225411e-09	0,0	1,85282954971e-08	5,83918552088e-10	2,35817069965e-08	4,69193453824e-09	2,35817069965e-08	1,2190592783e-08	2,56700315098e-09	8,87385519263e-09
172800	-3,86996943545e-08	-1,63169673976e-08	0,0	-2,34728226407e-08	-2,34728226407e-08	-1,82500649274e-08	-5,34376410259e-09	-1,63169673976e-08	0,0	9,349017569e-09	5,87575874538e-09	-7,03091401026e-09	6,07631761449e-09	-7,03091401026e-09	1,68929683293e-09	2,02402730843e-08	-2,89890015149e-08
173700	-3,33006086518e-07	-1,24436328061e-07	0,0	-2,17054020503e-07	-2,17054020503e-07	-1,19030071452e-07	-9,92087687213e-08	-1,24436328061e-07	0,0	-1,23514409154e-07	-1,13244262621e-08	-1,64200096965e-07	-9,60688991804e-08	-1,64200096965e-07	-2,66186115833e-08	-6,90631746238e-08	-6,87580867314e-08
174600	1,92026257381e-07	7,05333983393e-08	0,0	1,26317353743e-07	1,26317353743e-07	9,61412797141e-08	3,09085632994e-08	7,05333983393e-08	0,0	4,15535693035e-08	3,5903153877e-08	8,49314636879e-08	6,3560785187e-08	8,49314636879e-08	4,30093297878e-08	1,78759451763e-08	2,40007064356e-08
175500	-4,11697070856e-07	-1,49310719801e-07	0,0	-2,726237333e-07	-2,726237333e-07	-1,81508756667e-07	-9,26646918336e-08	-1,49310719801e-07	0,0	-1,13672301511e-07	-8,11318188094e-08	-2,40036963709e-07	-1,05768760711e-07	-2,40036963709e-07	5,27218979461e-09	-1,27276046073e-07	-1,18687660375e-07
176400	-1,89810814849e-07	-7,67674618633e-08	0,0	-1,18198039803e-07	-1,18198039803e-07	-7,18429009841e-08	-4,69745742505e-08	-7,67674618633e-08	0,0	-6,13853863247e-08	-3,07979358914e-08	-1,24031493565e-07	-4,58004364315e-08	-1,24031493565e-07	-2,47388362206e-08	-6,34626509238e-08	-3,6070603767e-08
177300	-1,31024379712e-08	4,23967734166e-09	0,0	-1,71726346628e-08	-1,71726346628e-08	-2,17265018993e-08	4,40517179787e-09	4,23967734166e-09	0,0	2,32453156274e-08	1,70753564982e-08	1,62711518675e-08	2,86698821089e-08	1,62711518675e-08	2,45363337761e-08	1,07348226968e-09	-9,34143202447e-09
178200	-8,2864209009e-08	-3,34210470372e-08	0,0	-5,16940217921e-08	-5,16940217921e-08	-3,16199707872e-08	-2,0344930324e-08	-3,34210470372e-08	0,0	-3,00877309783e-08	-1,61650073725e-08	-3,40585629407e-08	-4,59001555499e-08	-3,40585629407e-08	-4,41350923115e-08	1,68872982001e-08	-6,71830163508e-09
179100	1,69663624357e-07	6,27235263551e-08	0,0	1,11226292356e-07	1,11226292356e-07	8,39744702658e-08	2,78812679674e-08	6,27235263551e-08	0,0	2,89608811401e-08	3,62685966361e-08	8,78892246346e-08	4,05995175484e-08	8,78892246346e-08	5,70730129859e-09	4,07858486589e-08	4,1584874655e-08
180000	-1,97079374278e-07	-7,29950415664e-08	0,0	-1,29070774944e-07	-1,29070774944e-07	-8,59943218355e-08	-4,38008333721e-08	-7,29950415664e-08	0,0	-4,87065544389e-08	-4,1077160939e-08	-1,06119874948e-07	-5,73817380347e-08	-1,06119874948e-07	-1,49925550838e-08	-5,4787767111e-08	-3,51946447589e-08
180900	-1,3030863945e-07	-5,0798298452e-08	0,0	-8,29456731861e-08	-8,29456731861e-08	-5,31924002773e-08	-3,02005694977e-08	-5,0798298452e-08	0,0	-4,05205315757e-08	-3,1733355752e-08	-9,34392303591e-08	-3,03245696034e-08	-9,34392303591e-08	8,78513571531e-09	-5,78662456032e-08	-4,60153224554e-08
181800	-1,93354320776e-08	-7,48001176971e-09	0,0	-1,23612695051e-08	-1,23612695051e-08	-6,45364267693e-09	-5,97362736778e-09	-7,48001176971e-09	0,0	-9,56558342309e-09	9,43498342391e-09	-2,51245760832e-09	-5,06814856435e-09	-2,51245760832e-09	-2,72094819388e-09	-8,0251358701e-10	1,03361478047e-09
182700	-2,66605914223e-10	2,84403443e-09	0,0	-2,95761497844e-09	-2,95761497844e-09	-5,93856926406e-09	2,94892179359e-09	2,84403443e-09	0,0	1,46396759042e-08	-1,30173532946e-09	1,0754075007e-08	5,57166660475e-09	1,0754075007e-08	-8,69930910585e-10	9,75997957532e-09	1,91266920178e-09
183600	1,63090764358e-08	4,72373365319e-09	0,0	1,19255320675e-08	1,19255320675e-08	7,39879089144e-09	4,59928703116e-09	4,72373365319e-09	0,0	2,36627596845e-09	5,22530115409e-09	1,17674782404e-08	6,3313911515e-10	1,17674782404e-08	-2,81138001058e-09	1,15621284083e-08	9,19013602687e-09
184500	-5,17449639885e-08	-1,75991637251e-08	0,0	-3,53688438218e-08	-3,53688438218e-08	-1,65729014361e-08	-1,8998115103e-08	-1,75991637251e-08	0,0	-1,49740322876e-08	-1,40868103194e-09	-2,57283678301e-08	-8,38804482931e-09	-2,57283678301e-08	2,76944564159e-10	-1,27128248474e-08	-1,27985768494e-08
185400	6,45349546137e-08	2,15101188982e-08	0,0	4,45266584945e-08	4,45266584945e-08	2,71680592754e-08	1,76167792059e-08	2,15101188982e-08	0,0	-7,28165855905e-10	1,8427814883e-09	1,28124703211e-08	9,74471557632e-09	1,28124703211e-08	6,99633958614e-09	-3,9842108429e-09	3,07858280376e-09
186300	-1,10770273032e-07	-4,00637533529e-08	0,0	-7,34566288872e-08	-7,34566288872e-08	-4,84795201622e-08	-2,53883114928e-08	-4,00637533529e-08	0,0	-1,16893775081e-08	-1,31339297582e-08	-4,50844534987e-08	-1,99761966078e-08	-4,50844534987e-08	-2,91236753616e-09	-2,03943417275e-08	-2,18524477174e-08
187200	3,84875972844e-08	1,41683658325e-08	0,0	2,52882425224e-08	2,52882425224e-08	1,78069407828e-08	7,62122711801e-09	1,41683658325e-08	0,0	7,99253272894e-09	7,96148964557e-09	2,15195183065e-08	8,74203851768e-09	2,15195183065e-08	-2,10020397089e-09	1,38052551204e-08	9,87889686604e-09
188100	-1,84873431373e-08	-6,26971974838e-09	0,0	-1,26539432946e-08	-1,26539432946e-08	-5,11174924572e-09	-7,61307016558e-09	-6,26971974838e-09	0,0	-3,2422348501e-09	-3,25321120884e-09	-8,89984257837e-09	-3,91544157678e-09	-8,89984257837e-09	-1,71977678123e-09	-3,62495772888e-09	-3,5671334753e-09
189000	3,92335954132e-09	1,92914602003e-09	0,0	2,11966926804e-09	2,11966926804e-09	-5,16633107808e-10	2,64380076321e-09	1,92914602003e-09	0,0	-2,94476133604e-09	-1,7277276854e-09	-4,46631127559e-09	1,65642650741e-09	-4,46631127559e-09	4,26301901081e-09	-5,31909993468e-09	-3,4556004809e-09
189900	-1,40632384919e-08	-4,80198088618e-09	0,0	-9,59470340136e-09	-9,59470340136e-09	-7,69936059552e-09	-1,95077487123e-09	-4,80198088618e-09	0,0	1,183528576e-11	2,46443983708e-09	-2,28723838348e-09	-5,49253560354e-12	-2,28723838348e-09	5,34607798072e-09	-5,33464009428e-09	-2,31359528716e-09
190800	-8,55425063955e-10	-1,67997408295e-09	0,0	7,28249577233e-10	7,28249577233e-10	-9,9111818278e-10	1,73066007175e-09	-1,67997408295e-09	0,0	-1,65121249957e-09	-4,31906449079e-09	-2,96936532759e-09	-4,73211988083e-09	-2,96936532759e-09	-4,36085100476e-09	1,17676497871e-09	2,19859207469e-10
191700	6,05501437981e-08	2,09077103725e-08	0,0	4,10924862189e-08	4,10924862189e-08	2,74374602777e-08	1,38897244664e-08	2,09077103725e-08	0,0	1,23410989685e-08	1,89783407652e-09	2,62473950571e-08	9,00735943235e-09	2,62473950571e-08	-5,91486423982e-09	1,91534182243e-08	1,30866862338e-08
192600	7,56140808052e-08	2,85790840972e-08	0,0	4,89781880443e-08	4,89781880443e-08	3,17863446316e-08	1,74608448724e-08	2,85790840972e-08	0,0	2,82885684309e-08	1,60364923119e-08	5,7027422978e-08	1,63261791173e-08	5,7027422978e-08	4,23051709637e-09	2,29273591495e-08	4,44355830017e-08
193500	-7,90449287731e-08	-2,85687472237e-08	0,0	-5,24373504581e-08	-5,24373504581e-08	-3,59677305477e-08	-1,67649051498e-08	-2,85687472237e-08	0,0	-2,23818497008e-08	-1,92660669749e-08	-5,66262612821e-08	-1,4017645893e-08	-5,66262612821e-08	-1,56386918402e-09	-2,43179785626e-08	-4,53179996385e-08
194400	4,46741579647e-08	1,70397106522e-08	0,0	2,87916033083e-08	2,87916033083e-08	1,51024709663e-08	1,38458973638e-08	1,70397106522e-08	0,0	1,35857192383e-08	8,79806706797e-09	2,424223795e-08	1,53555754637e-08	2,424223795e-08	1,57182752071e-08	1,8812452498e-09	6,64345245019e-09
195300	4,29907221932e-08	1,3333370712e-08	0,0	3,06047925201e-08	3,06047925201e-08	1,225634217e-08	1,85358696409e-08	1,3333370712e-08	0,0	8,13046915203e-09	-5,89070956772e-09	1,7722452439e-08	-2,11912218703e-09	1,7722452439e-08	-1,30168912167e-08	1,94647280732e-08	1,13563844217e-08
196200	7,26350380478e-08	2,71542561341e-08	0,0	4,73311767425e-08	4,73311767425e-08	3,53626703109e-08	1,22223374398e-08	2,71542561341e-08	0,0	1,15246514213e-08	2,24562531055e-08	4,5317289246e-08	1,61349753428e-08	4,5317289246e-08	-5,08636557372e-09	2,56539064289e-08	2,4904849219e-08
197100	4,89147791669e-08	1,77012398456e-08	0,0	3,24283178661e-08	3,24283178661e-08	2,51410219965e-08	7,47075309716e-09	1,77012398456e-08	0,0	1,8811594893e-08	2,60222185635e-09	2,76288732126e-08	1,16674826955e-08	2,76288732126e-08	-1,63802537602e-09	1,20221905756e-08	1,73323944332e-08
198000	3,8916165519e-08	1,4589527627e-08	0,0	2,53203468188e-08	2,53203468188e-08	1,20538707779e-08	1,34033194493e-08	1,4589527627e-08	0,0	1,45809402275e-08	-1,11561284446e-09	6,45337996106e-09	2,16140894695e-08	6,45337996106e-09	2,16403301401e-08	-9,04717339202e-09	-6,25404403953e-09
198900	3,16796036162e-08	1,43361370328e-08	0,0	1,82876292378e-08	1,82876292378e-08	3,49963087163e-09	1,48758543436e-08	1,43361370328e-08	0,0	1,75619848226e-08	1,30133989306e-09	1,43742064047e-08	1,89484267386e-08	1,43742064047e-08	1,5258721274e-08	-7,54832422738e-09	6,65244913655e-09
199800	4,06928006944e-08	1,64156113455e-08	0,0	2,53817854208e-08	2,53817854208e-08	1,40565646999e-08	1,14586339417e-08	1,64156113455e-08	0,0	2,08849081838e-08	2,68675165026e-08	6,62898838434e-08	-1,48441413043e-09	6,62898838434e-08	-2,28386268663e-08	6,31087808969e-08	2,63494842802e-08
200700	3,68202958424e-07	1,35851347857e-07	0,0	2,41637216403e-07	2,41637216403e-07	1,43174065527e-07	9,97967474073e-08	1,35851347857e-07	0,0	1,02494493988e-07	7,75667944333e-08	2,26410319338e-07	9,11553832947e-08	2,26410319338e-07	-1,26604504944e-08	1,02288058178e-07	1,43517004508e-07
201600	8,28817554081e-07	2,7870507665e-07	0,0	5,69544346698e-07	5,69544346698e-07	4,19031775994e-07	1,53938275773e-07	2,7870507665e-07	0,0	1,33998678135e-07	9,73131922333e-08	3,26760047966e-07	1,84601962768e-07	3,26760047966e-07	1,39518746116e-07	1,08484183418e-07	7,2764760115e-08
202500	-4,37929620174e-07	-1,36942527914e-07	0,0	-3,10699929659e-07	-3,10699929659e-07	-2,64205591697e-07	-4,84787506496e-08	-1,36942527914e-07	0,0	-3,44186324504e-08	-6,32218006462e-08	-1,13884324642e-07	-1,20834560697e-07	-1,13884324642e-07	-1,39567622076e-07	-1,41347047253e-08	4,62975168013e-08
203400	1,18905153018e-06	4,26849607486e-07	0,0	7,91521438861e-07	7,91521438861e-07	4,03234369013e-07	3,9277414357e-07	4,26849607486e-07	0,0	3,42634727611e-07	-2,30486522823e-08	5,54552365537e-07	1,94378506619e-07	5,54552365537e-07	1,6914005378e-08	3,40369139381e-07	2,32321975249e-07
204300	3,15002181572e-07	1,38228232004e-07	0,0	1,85938139372e-07	1,85938139372e-07	1,44264593617e-07	4,25405960676e-08	1,38228232004e-07	0,0	1,39042858449e-07	2,05670291112e-08	2,49132897496e-07	5,05634422732e-08	2,49132897496e-07	7,02104549517e-08	1,77286723419e-07	1,43317028665e-07
205200	-2,26027845423e-06	-9,68671600101e-07	0,0	-1,70391770185e-06	-1,70391770185e-06	-1,00500692392e-06	-7,65894509211e-07	-9,68671600101e-07	0,0	-8,40413971352e-07	-1,69678718948e-07	-1,55309995481e-06	-5,28885600457e-07	-1,55309995481e-06	-8,32167953133e-08	-8,78273222622e-07	-7,80271847278e-07
206100	-2,78283156161e-08	-9,75270035244e-09	0,0	-1,25221365976e-08	-1,25221365976e-08	-8,87932101964e-09	-5,20051358113e-09	-9,75270035244e-09	0,0	-1,90426967765e-09	1,02927560079e-09	-1,25492518716e-09	-6,98524296788e-10	-1,25492518716e-09	-1,18510890602e-10	-2,86789867624e-10	-9,68451236302e-10
207000	9,08805623188e-07	5,0188550821e-07	0,0	8,28521297974e-07	8,28521297974e-07	5,66628617324e-07	3,73077017687e-07	5,0188550821e-07	0,0	4,6184490073e-07	2,22506292516e-07	9,05787094389e-07	4,21060776009e-07	9,05787094389e-07	1,83053415543e-07	4,25253297086e-07	3,52348157975e-07
207900	6,7972737357e-08	-8,65977741298e-11	0,0	9,8768632838e-08	9,8768632838e-08	1,35724700181e-07	-5,5370730767e-09	-8,65977741298e-11	0,0	-5,06419334257e-08	-3,7722125186e-08	1,69242531837e-09	-6,00482275345e-08	1,69242531837e-09	-3,8026610815e-08	-8,08498525984e-08	1,5194768407e-07
208800	-1,57525828725e-06	-5,9753028463e-07	0,0	-1,09701264439e-06	-1,09701264439e-06	-7,70302372377e-07	-4,16259710122e-07	-5,9753028463e-07	0,0	-4,40659180003e-07	-2,03664179485e-07	-9,57056022834e-07	-3,75441135844e-07	-9,57056022834e-07	-1,55233825492e-07	-3,63659909734e-07	-5,30634945719e-07
209700	-1,18158597768e-06	-3,65945641826e-07	0,0	-6,8874198614e-07	-6,8874198614e-07	-2,2916890525e-07	-2,49288398873e-07	-3,65945641826e-07	0,0	-5,82070118684e-07	-1,95366241501e-07	-6,43706423739e-07	-2,95518916586e-07	-6,43706423739e-07	-4,22268500037e-08	-2,45668709517e-07	-2,19544042163e-07
210600	1,18355105509e-06	3,67457904205e-07	0,0	6,89048013705e-07	6,89048013705e-07	2,30114182678e-07	2,52389825725e-07	3,67457904205e-07	0,0	5,82370458353e-07	1,97093204354e-07	6,50431329307e-07	2,97714123769e-07	6,50431329307e-07	4,54389662422e-08	2,48800408975e-07	2,29757649942e-07
211500	-2,57921805359e-07	-1,69176629177e-08	0,0	-1,09962885462e-07	-1,09962885462e-07	-5,41785695201e-08	-3,98156039395e-08	-1,69176629177e-08	0,0	-2,03252848053e-08	-1,13152151142e-08	-1,91600209776e-08	-7,81534128157e-09	-1,91600209776e-08	-4,97766668545e-09	-8,39094078028e-09	-6,85216917486e-09
212400	5,48627436163e-08	-4,0861402949e-08	0,0	1,09686698907e-08	1,09686698907e-08	-2,98033686898e-08	-5,03993782731e-09	-4,0861402949e-08	0,0	-5,92476900556e-08	-6,68671603022e-08	-6,20811623238e-08	-6,78204396717e-08	-6,20811623238e-08	-1,81426889818e-09	-2,5798994211e-08	-3,91834682513e-08
213300	5,39165429698e-09	5,15490963415e-08	0,0	2,32155336832e-08	2,32155336832e-08	4,84391600341e-08	1,95331622782e-08	5,15490963415e-08	0,0	6,90782476794e-08	7,10467375122e-08	7,49224493504e-08	7,23535087329e-08	7,49224493504e-08	4,85695741061e-09	3,14445240793e-08	4,39772110688e-08
214200	-2,71116290237e-07	-7,00354874384e-09	0,0	-1,04585804098e-07	-1,04585804098e-07	-5,03892768672e-08	-3,38371947062e-08	-7,00354874384e-09	0,0	-1,49170287265e-08	-8,78876607056e-09	-8,72392519451e-09	-4,49573298748e-09	-8,72392519451e-09	-2,79564375992e-09	-3,41734920247e-09	-3,23459720606e-09
215100	-6,1801972122e-07	-3,1019921853e-07	0,0	-4,64218867906e-07	-4,64218867906e-07	-1,95657497321e-07	-1,1223108224e-07	-3,1019921853e-07	0,0	-1,97945309542e-07	-1,54768615132e-07	-3,06130939808e-07	-1,98533790251e-07	-3,06130939808e-07	-7,24422887719e-08	-9,59938088697e-09	-1,73762084134e-07
216000	8,31765922567e-07	3,2121322379e-07	0,0	5,53760981719e-07	5,53760981719e-07	2,41467386768e-07	1,42439739131e-07	3,2121322379e-07	0,0	2,12988195805e-07	1,63515178925e-07	3,16609055593e-07	2,03882077281e-07	3,16609055593e-07	7,57372188058e-08	1,32442193236e-08	1,78094482765e-07
216900	-3,52371650433e-07	-1,2179846774e-08	0,0	-1,37265426332e-07	-1,37265426332e-07	-6,62064714551e-08	-4,55206231615e-08	-1,2179846774e-08	0,0	-2,10372439649e-08	-1,37848047033e-08	-1,36858331115e-08	-7,13190267457e-09	-1,36858331115e-08	-4,23769300346e-09	-5,60243431683e-09	-5,50750018169e-09
217800	-2,0188584657e-07	-2,04207548384e-07	0,0	-2,68052197825e-07	-2,68052197825e-07	-1,7820486786e-07	1,15398182603e-08	-2,04207548384e-07	0,0	-1,16681109922e-07	-2,09567698863e-07	-3,3760062002e-07	-8,39385267168e-08	-3,3760062002e-07	-2,08252389164e-07	-2,91777005486e-07	-1,07573186071e-07
218700	5,80363584899e-07	2,10207126395e-07	0,0	4,06792915558e-07	4,06792915558e-07	2,4147062275e-07	3,25392184776e-08	2,10207126395e-07	0,0	1,36136329606e-07	2,21304558598e-07	3,46161792608e-07	8,94451961878e-08	3,46161792608e-07	2,11109129629e-07	2,9493060355e-07	1,10755581155e-07
219600	-6,01075306844e-07	-1,64617512644e-08	0,0	-2,30035766885e-07	-2,30035766885e-07	-1,08259357059e-07	-7,63156961265e-08	-1,64617512644e-08	0,0	-3,16081613199e-08	-2,2972515477e-08	-2,18022974935e-08	-1,04026187228e-08	-2,18022974935e-08	-6,83385169437e-09	-1,03573630384e-08	-8,90556592326e-09
220500	-6,17730220504e-07	-3,23350350414e-08	0,0	-2,65689360411e-07	-2,65689360411e-07	-1,34897634112e-07	-9,51937691502e-08	-3,23350350414e-08	0,0	-3,67873362124e-08	-2,55633707312e-08	-2,80657881396e-08	-1,43904362367e-08	-2,80657881396e-08	-8,85101691711e-09	-1,21391622804e-08	-8,88194020665e-09
221400	-4,28985568056e-07	-1,90552292395e-08	0,0	-1,73665916689e-07	-1,73665916689e-07	-8,53161203831e-08	-5,76892570287e-08	-1,90552292395e-08	0,0	-2,43958354672e-08	-2,20200518331e-08	-2,26583193164e-08	-1,05790604578e-08	-2,26583193164e-08	-6,61329151772e-09	-9,17255734393e-09	-1,06413366292e-08
222300	7,50203866845e-07	-2,95864612303e-07	0,0	1,09539696056e-07	1,09539696056e-07	-6,32119850386e-08	2,25953245481e-07	-2,95864612303e-07	0,0	-2,99931788499e-07	-1,61009705302e-07	-4,26341901521e-07	-2,95979463549e-07	-4,26341901521e-07	-2,64121463716e-08	-9,8916189662e-08	-2,00978394825e-07
223200	2,46401058678e-06	8,61175208252e-07	0,0	1,61820965391e-06	1,61820965391e-06	9,09590961415e-07	6,21755877986e-07	8,61175208252e-07	0,0	6,71974757821e-07	3,62623783521e-07	1,29912518081e-06	5,14649933362e-07	1,29912518081e-06	1,23580728511e-07	7,29053360534e-07	5,92637819065e-07
224100	-1,7447866894e-06	-5,96428794423e-07	0,0	-1,19006307013e-06	-1,19006307013e-06	-5,4496091457e-07	-6,31454591163e-07	-5,96428794423e-07	0,0	-4,72895286844e-07	-2,81940888586e-07	-1,01116965642e-06	-3,27939609106e-07	-1,01116965642e-06	-1,27462100851e-07	-6,40483209153e-07	-4,7868066372e-07
225000	-2,28717198341e-07	-4,4423961962e-08	0,0	-1,81104108086e-07	-1,81104108086e-07	-1,19261662796e-07	-4,48776424447e-08	-4,4423961962e-08	0,0	1,59556119133e-07	5,92755301102e-08	1,02515020546e-07	9,40354674789e-08	1,02515020546e-07	-2,01010500774e-08	-4,91168817469e-09	4,20669048945e-09
225900	6,19579083694e-07	1,49708340874e-07	0,0	3,96651397252e-07	3,96651397252e-07	1,88432997288e-07	7,82757171255e-08	1,49708340874e-07	0,0	3,76265778164e-08	7,57516218558e-08	1,1552759037e-07	5,28835253419e-08	1,1552759037e-07	5,78215852045e-08	5,08870686567e-08	1,08930059843e-07
226800	1,8051804023e-06	6,75058302137e-07	0,0	1,2096587346e-06	1,2096587346e-06	6,78744475637e-07	5,86189858217e-07	6,75058302137e-07	0,0	5,28738658161e-07	1,42553986181e-07	7,9853364248e-07	3,27879408061e-07	7,9853364248e-07	5,13851401834e-08	3,91367230038e-07	4,22177909206e-07
227700	-1,17548672157e-06	-4,42167021589e-07	0,0	-7,69585180509e-07	-7,69585180509e-07	-4,29808597866e-07	-3,50099288003e-07	-4,42167021589e-07	0,0	-4,04830516051e-07	-3,23050168341e-08	-5,75582232511e-07	-2,48158992851e-07	-5,75582232511e-07	-5,08523535372e-09	-3,06281767573e-07	-2,71814989296e-07
228600	2,78315078163e-07	1,15155860646e-07	0,0	1,67342741085e-07	1,67342741085e-07	1,25095413134e-07	3,94544028573e-08	1,15155860646e-07	0,0	1,22632370672e-07	-4,1216994168e-08	2,24233063713e-07	1,40105395012e-07	2,24233063713e-07	6,51130123179e-08	8,83328316261e-08	6,77217321484e-08
229500	1,38053869857e-06	5,0485026972e-07	0,0	8,96447741406e-07	8,96447741406e-07	5,19731188908e-07	3,67895238345e-07	5,0485026972e-07	0,0	4,31524963806e-07	1,081488277e-07	7,40924045409e-07	2,94082929656e-07	7,40924045409e-07	3,57527493389e-08	3,15682832782e-07	3,77111649777e-07
230400	-1,74647564016e-06	-7,64688543148e-07	0,0	-1,34683482798e-06	-1,34683482798e-06	-8,29908848194e-07	-5,92060938766e-07	-7,64688543148e-07	0,0	-6,44474669072e-07	-1,38077697661e-07	-1,15060926735e-06	-5,01254431326e-07	-1,15060926735e-06	-1,34139497786e-07	-4,7683417553e-07	-5,7597794554e-07
231300	2,08454062749e-06	8,84103938995e-07	0,0	1,55532385009e-06	1,55532385009e-06	9,41117584428e-07	6,72138602948e-07	8,84103938995e-07	0,0	7,45080694861e-07	2,70324034409e-07	1,40245131233e-06	5,85195971651e-07	1,40245131233e-06	1,66301323319e-07	6,05676224442e-07	6,48616232302e-07
232200	-2,13919342577e-06	-8,91387491962e-07	0,0	-1,56945014214e-06	-1,56945014214e-06	-9,45789034513e-07	-6,75550131661e-07	-8,91387491962e-07	0,0	-7,46820842539e-07	-2,71325580299e-07	-1,40403615606e-06	-5,85880955945e-07	-1,40403615606e-06	-1,66052309322e-07	-6,06025704534e-07	-6,49180535296e-07
233100	1,01456258846e-07	1,24855449482e-08	0,0	2,58817253798e-08	2,58817253798e-08	9,5663204599e-09	4,34849387978e-09	1,24855449482e-08	0,0	2,5004134395e-09	1,10370288808e-09	3,56260329687e-09	9,4797108989e-10	3,56260329687e-09	-6,04927240448e-10	1,62321591606e-09	1,33788665524e-09
234000	2,58114025956e-06	1,04734089651e-06	0,0	1,93045675601e-06	1,93045675601e-06	1,26884951835e-06	7,27903579105e-07	1,04734089651e-06	0,0	6,69668328543e-07	4,39875798331e-07	1,64470462896e-06	6,05014737088e-07	1,64470462896e-06	2,50400379436e-08	8,0188994905e-07	8,7711784122e-07
234900	-2,62280363655e-06	-1,05821267155e-06	0,0	-1,94674258367e-06	-1,94674258367e-06	-1,27935673081e-06	-7,32818561127e-07	-1,05821267155e-06	0,0	-6,73298731906e-07	-4,40735326436e-07	-1,65091136376e-06	-6,06238284426e-07	-1,65091136376e-06	-2,37665012831e-08	-8,05257800195e-07	-8,79320551919e-07
235800	6,5777760965e-08	5,66414687569e-09	0,0	1,35967795054e-08	1,35967795054e-08	7,0360026574e-10	4,07166377384e-09	5,66414687569e-09	0,0	-2,32093320372e-09	-2,03418529805e-09	-6,24922774113e-09	-1,13752402394e-09	-6,24922774113e-09	1,33167141524e-09	-2,81501555297e-09	-3,2979455397e-09
236700	-8,77765667417e-08	-8,63622063346e-09	0,0	-1,98507981036e-08	-1,98507981036e-08	-4,51311409641e-09	-3,92007513926e-09	-8,63622063346e-09	0,0	1,84734232316e-09	8,98413883606e-10	3,10057597345e-09	7,19101413548e-10	3,10057597345e-09	-9,36741783538e-10	3,61513975444e-09	1,98662647775e-11
237600	-8,18274532124e-09	9,12388318463e-10	0,0	3,26903034374e-10	3,26903034374e-10	2,25877606227e-09	2,96996156648e-10	9,12388318463e-10	0,0	9,19855355885e-10	7,03278962029e-10	3,27823970224e-09	3,78745166727e-10	3,27823970224e-09	-9,49780925797e-10	1,73320349346e-09	2,08917276506e-09
238500	4,15531605018e-08	2,25606361474e-09	0,0	6,9868447097e-09	6,9868447097e-09	6,79254739612e-10	-3,60119667198e-10	2,25606361474e-09	0,0	-1,32631216188e-09	-1,62812689739e-09	-4,39490621572e-09	-7,06272732227e-10	-4,39490621572e-09	1,14709689203e-09	-2,47309847934e-09	-2,28924251986e-09
239400	1,33765800863e-07	2,46032121438e-08	0,0	4,09062380184e-08	4,09062380184e-08	1,76513617522e-08	1,27011263301e-08	2,46032121438e-08	0,0	7,62989254599e-09	4,98802667757e-09	1,17044297789e-08	3,51147832578e-09	1,17044297789e-08	-1,56451913513e-09	2,70527295669e-09	5,25791032085e-09
240300	1,09135691492e-07	2,0316338757e-08	0,0	3,20811701519e-08	3,20811701519e-08	1,42296811602e-08	1,00409895398e-08	2,0316338757e-08	0,0	3,98372660842e-09	1,42890625986e-09	2,02777002264e-09	1,87734220462e-09	2,02777002264e-09	1,26766524003e-09	-1,57434948912e-09	-1,95410152357e-09
241200	4,2002405793e-08	7,16862952945e-09	0,0	1,39056660728e-08	1,39056660728e-08	5,58837135095e-09	4,35038287902e-09	7,16862952945e-09	0,0	3,89467448054e-09	1,05996427126e-09	8,26389584078e-09	5,4692438916e-10	8,26389584078e-09	-3,04659919104e-09	6,25913745085e-09	5,03768388911e-09
242100	-5,19356410032e-08	-6,47166021e-09	0,0	-1,35779791755e-08	-1,35779791755e-08	-3,13202607236e-09	-4,63911153825e-09	-6,47166021e-09	0,0	-4,71985894064e-10	1,22830020737e-09	-6,06381884698e-11	2,70918662159e-10	-6,06381884698e-11	-1,44781825999e-10	-5,47738325945e-11	-2,67219929659e-10
243000	6,7991714222e-08	8,72542322467e-09	0,0	1,75817450641e-08	1,75817450641e-08	7,48569246052e-09	2,9200820974e-09	8,72542322467e-09	0,0	-2,45274524076e-09	-1,02164694747e-09	-1,40654072224e-09	-5,76322146773e-10	-1,40654072224e-09	2,32255172684e-10	-4,48364330394e-10	-4,51816998447e-10
243900	2,64754042012e-07	4,06097036712e-08	0,0	7,14921361233e-08	7,14921361233e-08	2,64153434491e-08	1,88481670918e-08	4,06097036712e-08	0,0	1,17950445418e-08	7,31507544446e-09	1,09863601042e-08	5,3426089916e-09	1,09863601042e-08	-4,92561732502e-10	2,53113582547e-09	4,99439727414e-10
244800	-1,27379175603e-07	-2,33257685982e-08	0,0	-3,73497954935e-08	-3,73497954935e-08	-1,68616749663e-08	-1,04457085385e-08	-2,33257685982e-08	0,0	-7,63391977817e-09	-4,03614589698e-09	-7,94564097484e-09	-2,51667808657e-09	-7,94564097484e-09	5,19362413098e-11	-4,77450237563e-10	7,60460240927e-10
245700	-2,09996540213e-07	-3,95537123972e-08	0,0	-6,16429407312e-08	-6,16429407312e-08	-2,74235246894e-08	-1,9181511695e-08	-3,95537123972e-08	0,0	-1,02555476929e-08	-4,44106911209e-09	-7,15692129358e-09	-5,11473843024e-09	-7,15692129358e-09	1,396479712e-08	-1,01231743519e-09	-1,10864617227e-09
246600	-2,38928691464e-07	-3,36879406571e-08	0,0	-6,51244235643e-08	-6,51244235643e-08	-2,5343346362e-08	-1,41273505184e-08	-3,36879406571e-08	0,0	-6,1744468368e-09	-5,39809599527e-09	-1,29539515664e-08	-3,50496205621e-09	-1,29539515664e-08	-2,36716859689e-09	-5,7777648853e-09	-5,99762976291e-09
247500	5,41636991285e-08	6,38677890567e-09	0,0	1,31697677808e-08	1,31697677808e-08	4,09197676603e-09	2,27433009878e-09	6,38677890567e-09	0,0	1,87098395872e-09	8,07368524526e-10	1,84203404899e-09	5,57291343283e-10	1,84203404899e-09	3,57561776915e-10	4,62758022078e-10	8,24234733381e-10
248400	1,57993533307e-08	2,76708187686e-09	0,0	4,5670785288e-09	4,5670785288e-09	1,45457165611e-09	2,22486562964e-09	2,76708187686e-09	0,0	-1,0433949297e-09	-2,3058205987e-10	-1,70730676005e-09	-1,80953704077e-10	-1,70730676005e-09	-3,6982128108e-10	-1,41994089488e-09	-2,87633786582e-10
249300	-5,87806549628e-08	-7,09183661945e-09	0,0	-1,4562961614e-08	-1,4562961614e-08	-3,26288588057e-09	-4,4791454028e-09	-7,09183661945e-09	0,0	-5,123256514e-10	-1,79955352477e-10	5,56545248335e-10	-8,47530600068e-11	5,56545248335e-10	2,05856972139e-10	1,114432932e-09	9,4705912401e-12
250200	-3,78906322703e-08	-5,66743383919e-09	0,0	-1,02155241372e-08	-1,02155241372e-08	-3,96662683261e-09	-2,33981235387e-09	-5,66743383919e-09	0,0	-1,72606499482e-09	-1,00177629031e-09	-2,11083672589e-09	-7,12091991688e-10	-2,11083672589e-09	-3,85180270546e-10	-9,81615199958e-10	-5,87441973774e-10
251100	2,53228923669e-06	1,0395334795e-06	0,0	1,85983429242e-06	1,85983429242e-06	1,11278611387e-06	8,09717189367e-07	1,0395334795e-06	0,0	8,07154459183e-07	3,04143320454e-07	1,61640129271e-06	6,14319059243e-07	1,61640129271e-06	1,72710755706e-08	9,25988931914e-07	7,23822141412e-07
252000	-6,40568888796e-07	-2,32080679577e-07	0,0	-4,24395385882e-07	-4,24395385882e-07	-2,4576335833e-07	-1,80996144336e-07	-2,32080679577e-07	0,0	-1,7092502351e-07	-5,32723249574e-08	-4,00027653512e-07	-5,86562055353e-08	-4,00027653512e-07	3,08247540067e-08	-3,15256600771e-07	-1,6018155514e-07
252900	-2,7891175345e-09	5,91760905577e-09	0,0	-8,38662474691e-09	-8,38662474691e-09	-1,97236783181e-08	1,12612649674e-08	5,91760905577e-09	0,0	5,05339330679e-09	-2,25508385208e-08	4,21457634647e-08	-5,34960990412e-08	4,21457634647e-08	1,41462360619e-08	-2,61499667732e-08	5,43444564778e-08
253800	2,94030746181e-07	1,07827717836e-07	0,0	1,93576599142e-07	1,93576599142e-07	1,04618045678e-07	9,00356555801e-08	1,07827717836e-07	0,0	1,1559853104e-07	8,37065289081e-08	2,33891900847e-07	7,52624407647e-08	2,33891900847e-07	-4,51197744242e-08	1,31113006962e-07	1,48957421139e-07
254700	9,26709035462e-09	-6,46220575032e-09	0,0	1,54098597836e-08	1,54098597836e-08	-1,61473975605e-08	3,17218095072e-08	-6,46220575032e-09	0,0	-3,11800843066e-09	-3,16480105707e-08	-4,25848606351e-08	7,90154772759e-10	-4,25848606351e-08	2,74683643181e-08	8,20828340072e-09	-7,87211108642e-08
255600	-6,04315472948e-07	-2,23593771761e-07	0,0	-3,9598798863e-07	-3,9598798863e-07	-2,150845654e-07	-1,83102517732e-07	-2,23593771761e-07	0,0	-1,74173753788e-07	-5,14761762072e-08	-3,18135408144e-07	-1,32990655359e-07	-3,18135408144e-07	-1,51949827047e-08	-1,45151378233e-07	-1,58522332911e-07
256500	-4,9822480558e-07	-1,89230619985e-07	0,0	-3,21848499353e-07	-3,21848499353e-07	-1,86676847703e-07	-1,3691682082e-07	-1,89230619985e-07	0,0	-1,59038341198e-07	-9,84585303222e-08	-3,53030570054e-07	-9,63252849574e-08	-3,53030570054e-07	4,29459484808e-08	-2,12870022338e-07	-1,84377210573e-07
257400	-1,06385922428e-08	4,77432489605e-09	0,0	-1,52040234594e-08	-1,52040234594e-08	5,3084516903e-09	-2,06593236246e-08	4,77432489605e-09	0,0	-2,86722896961e-09	3,97354184984e-08	2,40230068452e-08	1,80278150997e-08	2,40230068452e-08	1,95501165207e-08	-4,76933352934e-09	9,29275543153e-09
258300	-1,58557410303e-07	-6,27656971795e-08	0,0	-1,00024150573e-07	-1,00024150573e-07	-8,45433575519e-08	-1,59643446987e-08	-6,27656971795e-08	0,0	-3,16614420534e-08	-5,32982590196e-08	-8,85930120956e-08	-5,98153682786e-08	-8,85930120956e-08	-2,53746665213e-08	-2,469778891e-08	-3,86604258534e-08
259200	-1,90002023591e-07	-7,42649696715e-08	0,0	-1,20752211063e-07	-1,20752211063e-07	-6,38363489638e-08	-5,75706549306e-08	-7,42649696715e-08	0,0	-8,18402773857e-08	-1,54618319615e-08	-1,17033220303e-07	-5,53810781929e-08	-1,17033220303e-07	-2,7453647404e-08	-3,32996678566e-08	-5,65009665088e-08
260100	-2,80292734253e-07	-8,86413558005e-08	0,0	-1,97902982993e-07	-1,97902982993e-07	-6,90748536829e-08	-1,30040265054e-07	-8,86413558005e-08	0,0	-5,73009689751e-08	1,42420445003e-08	-8,54876871562e-08	-4,62875305278e-08	-8,54876871562e-08	-3,44084028679e-08	-2,9407401231e-08	-2,15744207636e-08
261000	1,00036509264e-07	3,72331980698e-08	0,0	6,53441757593e-08	6,53441757593e-08	3,05612940381e-08	3,51392797381e-08	3,72331980698e-08	0,0	4,03833278048e-08	-1,53355063953e-08	4,61027524154e-08	1,63660752871e-08	4,61027524154e-08	-1,14880312764e-09	3,12374693738e-08	1,61129333968e-08
261900	-3,05343364355e-08	-1,23617049397e-08	0,0	-1,9004884367e-08	-1,9004884367e-08	-4,46948817085e-09	-1,46328787311e-08	-1,23617049397e-08	0,0	-1,98103974948e-08	4,44745792568e-09	-2,43074158442e-08	-3,59652228813e-09	-2,43074158442e-08	3,14410455146e-08	-4,39265455546e-08	-1,20498033431e-08
262800	-5,00341593936e-07	-1,86858116265e-07	0,0	-3,26228806415e-07	-3,26228806415e-07	-1,94787641756e-07	-1,33232682667e-07	-1,86858116265e-07	0,0	-1,37619050122e-07	-4,09656186026e-08	-2,7002000063e-07	-9,69929689225e-08	-2,7002000063e-07	4,58806701139e-10	-1,47778697224e-07	-1,23365846116e-07
263700	1,14785033516e-07	4,43907175371e-08	0,0	7,34049595162e-08	7,34049595162e-08	4,60421609293e-08	2,77598600443e-08	4,43907175371e-08	0,0	3,01389132706e-08	2,61132893181e-08	7,88362575087e-08	2,23895934278e-08	7,88362575087e-08	-1,9565132718e-08	3,97725318866e-08	5,89734532845e-08
264600	-1,41162187416e-07	-5,16314806543e-08	0,0	-9,30646894399e-08	-9,30646894399e-08	-5,46615887843e-08	-3,89186645853e-08	-5,16314806543e-08	0,0	-2,9629605472e-08	-2,44403122968e-08	-7,43968650334e-08	-3,17511632102e-08	-7,43968650334e-08	-7,28019432627e-09	-2,34170985062e-08	-4,38702936328e-08
265500	4,30353069415e-08	1,54813307219e-08	0,0	2,86164763048e-08	2,86164763048e-08	1,56888057523e-08	1,30864329859e-08	1,54813307219e-08	0,0	8,81276639672e-09	1,10275497975e-09	2,49079596757e-08	6,08261282033e-10	2,49079596757e-08	-1,12093715279e-08	1,72479911731e-08	2,22630131028e-08
266400	-1,16898126104e-07	-4,68616410974e-08	0,0	-7,31954687939e-08	-7,31954687939e-08	-5,25980386986e-08	-2,09842795249e-08	-4,68616410974e-08	0,0	-4,24413592495e-08	-3,3168223782e-08	-9,82255190222e-08	-2,50831536174e-08	-9,82255190222e-08	1,94348096193e-08	-5,82598165083e-08	-6,31017834924e-08
267300	-8,2210299244e-08	-3,17048589109e-08	0,0	-5,26542743533e-08	-5,26542743533e-08	-2,9102742098e-08	-2,38360424342e-08	-3,17048589109e-08	0,0	-2,42561847999e-08	-6,49139383475e-09	-4,25710619566e-08	-2,01341042733e-08	-4,25710619566e-08	-2,29039591902e-09	-2,35828553118e-08	-1,67851994267e-08
