time	sensor_1	sensor_2	sensor_3	sensor_4	sensor_5	sensor_6	sensor_7	sensor_8	sensor_9	sensor_10	sensor_11	sensor_12	sensor_13	sensor_14	sensor_15	sensor_16	sensor_17
0	0,312334358411	0,110072451036	0,0	0,202261630657	0,202261630657	0,118675601094	0,0835859848567	0,110072451036	0,0	0,0844624554215	0,0266003043001	0,158193941102	0,0629412040185	0,158193941102	0,00360458485087	0,0788372990716	0,0757520430052
900	0,448481841344	0,154040298169	0,0	0,294440975788	0,294440975788	0,181157914869	0,113282966049	0,154040298169	0,0	0,104239634673	0,0424654088388	0,215808956187	0,0849362599875	0,215808956187	0,00909522656999	0,106464927371	0,100248776133
1800	0,265871956978	0,09425675037	0,0	0,171615005831	0,171615005831	0,102102307711	0,0695126659368	0,09425675037	0,0	0,0821349501727	0,0372762571913	0,16647064342	0,0471972609701	0,16647064342	0,0372779716779	0,0974229890768	0,106325607024
2700	0,524190032757	0,180379714943	0,0	0,343809542401	0,343809542401	0,207221509191	0,136587903952	0,180379714943	0,0	0,124627823589	0,0390823840566	0,245239394333	0,0988503579792	0,245239394333	0,0105445999365	0,122205025932	0,112489734746
3600	0,520820248126	0,175020054999	0,0	0,345799431306	0,345799431306	0,201849317571	0,143949983031	0,175020054999	0,0	0,121195456011	0,0400562726071	0,23786893159	0,0984026913529	0,23786893159	0,0127404518712	0,112802940473	0,112325507624
4500	0,460360760074	0,157885454858	0,0	0,302474707569	0,302474707569	0,164531387314	0,137943220084	0,157885454858	0,0	0,121520533688	0,0318633394114	0,21784735568	0,0934218388818	0,21784735568	0,0142675471963	0,0974516373823	0,106128144584
5400	0,388709426902	0,135654039684	0,0	0,253054959542	0,253054959542	0,142690938309	0,110363951253	0,135654039684	0,0	0,104119048647	0,0416447505884	0,201418616512	0,0799991211051	0,201418616512	0,00987821525472	0,0948800219333	0,096660356542
6300	0,352051027628	0,124552211349	0,0	0,227498464418	0,227498464418	0,13409349227	0,0934049155769	0,124552211349	0,0	0,0955936895638	0,04911790266	0,192226407722	0,0770373084477	0,192226407722	0,0151357301772	0,0870461786807	0,0900444784493
7200	0,402078499976	0,141270532351	0,0	0,260807509359	0,260807509359	0,155003267058	0,105804167958	0,141270532351	0,0	0,09775286665	0,0426984576717	0,202513647364	0,0792081025126	0,202513647364	0,00451533926259	0,0957410615748	0,102257223136
8100	0,322482639309	0,111395596046	0,0	0,211086749563	0,211086749563	0,128747928044	0,0823387727693	0,111395596046	0,0	0,0789403136204	0,0305480196496	0,159750489293	0,0611333736037	0,159750489293	0,0005921758323	0,0805996947486	0,0785586040129
9000	0,305501091051	0,104883978056	0,0	0,200616849732	0,200616849732	0,121721568098	0,0788952376448	0,104883978056	0,0	0,0736049318094	0,0227691935828	0,141563824704	0,0596942210703	0,141563824704	0,00594286684676	0,0665543468166	0,069066599741
9900	0,310771528995	0,109487079037	0,0	0,201284176024	0,201284176024	0,11454208425	0,0867420474724	0,109487079037	0,0	0,0847138252479	0,0225119131731	0,153166693758	0,0635460592707	0,153166693758	0,0104191158162	0,067816835947	0,0749307289533
10800	0,28051193063	0,0975621006588	0,0	0,182949607414	0,182949607414	0,103874448083	0,0790751227249	0,0975621006588	0,0	0,0754155916714	0,0250170232607	0,141579926744	0,0564147369598	0,141579926744	0,00909601774907	0,0628171117485	0,0696667861325
11700	0,295859685466	0,102220361636	0,0	0,193639076594	0,193639076594	0,114418547026	0,0792204886234	0,102220361636	0,0	0,0698438617133	0,0336920518862	0,148801176499	0,0569550424679	0,148801176499	0,000208939086303	0,0775428112452	0,0714672916192
12600	0,318107067878	0,110330185141	0,0	0,207776596698	0,207776596698	0,125767165666	0,0820093838132	0,110330185141	0,0	0,0768613416492	0,0325348988948	0,159236471378	0,060489889067	0,159236471378	0,000921258936789	0,0826775159722	0,0774801996767
13500	0,340543754811	0,11785805669	0,0	0,222685370463	0,222685370463	0,136546696005	0,0861386202124	0,11785805669	0,0	0,0780738703689	0,0336008478106	0,164028173578	0,0655045280556	0,164028173578	0,0059843061758	0,0772180614171	0,080825790762
14400	0,299723176982	0,103642781954	0,0	0,196080141251	0,196080141251	0,117494564353	0,0785855348535	0,103642781954	0,0	0,0723812308431	0,0279361103395	0,14287319475	0,0610868714369	0,14287319475	0,012724784918	0,0608134160069	0,0693349825428
15300	0,266080373845	0,0927082719099	0,0	0,1733719016	0,1733719016	0,0994511969043	0,0739206718697	0,0927082719099	0,0	0,0711320341752	0,0259153631611	0,134182018229	0,0555736041124	0,134182018229	0,0128966577097	0,0564573044279	0,064828046128
16200	0,313693390479	0,110849000139	0,0	0,202844111041	0,202844111041	0,118584139395	0,0842599267182	0,110849000139	0,0	0,0840269022728	0,0392713482729	0,162250740788	0,0718964420638	0,162250740788	0,00173328585021	0,0898653607312	0,0706520792196
17100	0,296623493034	0,10320691984	0,0	0,193416324317	0,193416324317	0,115215588125	0,0782006952984	0,10320691984	0,0	0,0732926237114	0,0357714182325	0,153322975759	0,0589479279242	0,153322975759	0,000569112148462	0,0804487018304	0,0734433725279
18000	0,297118264792	0,102639613473	0,0	0,194478401991	0,194478401991	0,116024980137	0,0784533804954	0,102639613473	0,0	0,0697506107173	0,0172455669403	0,135262733263	0,0543730035807	0,135262733263	0,00227783410538	0,0687648253873	0,0642200633671
18900	0,305894829656	0,105621594208	0,0	0,200272971195	0,200272971195	0,118405086629	0,0818678407298	0,105621594208	0,0	0,0753009092975	0,0216825264132	0,143808254217	0,0587967170504	0,143808254217	0,00665562037604	0,0667241557786	0,070428466425
19800	0,28386564607	0,0973867590274	0,0	0,186478659787	0,186478659787	0,108545401139	0,0779332206374	0,0973867590274	0,0	0,0698006635935	0,0231090032469	0,134955011335	0,0553413642699	0,134955011335	0,0120555458179	0,058964994355	0,0639344610803
20700	0,30969596503	0,107237112793	0,0	0,202458581215	0,202458581215	0,118449565163	0,0840089712769	0,107237112793	0,0	0,0791668032828	0,026269854797	0,152780005145	0,0598937040033	0,152780005145	0,00370766935622	0,0768600967864	0,0722122257573
21600	0,336221306859	0,117955900719	0,0	0,218265085801	0,218265085801	0,13145784384	0,0868071898548	0,117955900719	0,0	0,089849043165	0,0344720481957	0,176391125275	0,0658857903832	0,176391125275	0,00324348344438	0,102110195779	0,0775243948928
22500	0,357232528297	0,124250054649	0,0	0,232982112689	0,232982112689	0,13748786863	0,09549418474	0,124250054649	0,0	0,0902858759077	0,0324801030276	0,175368569677	0,0716473812756	0,175368569677	0,0086417240276	0,0852944701623	0,0814323583195
23400	0,371931807719	0,128935904232	0,0	0,2429955125	0,2429955125	0,140776163291	0,102219284666	0,128935904232	0,0	0,090153491463	0,0289090372918	0,176073505991	0,0719248396321	0,176073505991	0,0114379293845	0,0779137635251	0,0867217957958
24300	0,359321292792	0,123326291002	0,0	0,235994637618	0,235994637618	0,135635138492	0,100359438244	0,123326291002	0,0	0,089281261935	0,0286229557913	0,16893121321	0,0722992148741	0,16893121321	0,0151055580395	0,0725919784106	0,0812336610639
25200	0,40467183328	0,139465037506	0,0	0,265206333485	0,265206333485	0,157826090649	0,107380165973	0,139465037506	0,0	0,0987426609265	0,0429541004158	0,201347141194	0,0798145528753	0,201347141194	0,00373394427664	0,0954157247134	0,102197448982
26100	0,414883508406	0,145301907142	0,0	0,269581113704	0,269581113704	0,159706251582	0,109874782647	0,145301907142	0,0	0,110023022957	0,0408219926705	0,212510986701	0,0836358209386	0,212510986701	0,00264803270217	0,102426424777	0,107436503329
27000	0,410936935293	0,143607983606	0,0	0,267328473569	0,267328473569	0,156125725342	0,111202670121	0,143607983606	0,0	0,10835750774	0,0356421417841	0,203515527229	0,0840919947043	0,203515527229	0,00464670929894	0,0986949995997	0,100173794805
27900	0,463341456202	0,163240547555	0,0	0,30010029973	0,30010029973	0,173648943371	0,126451257905	0,163240547555	0,0	0,126865792163	0,0450229493236	0,239933007407	0,0951961354977	0,239933007407	0,00133568874834	0,114624487639	0,123972797839
28800	0,567043391923	0,200449262417	0,0	0,366593216852	0,366593216852	0,212549321747	0,154043748209	0,200449262417	0,0	0,159769704123	0,0589199536022	0,296819432079	0,122319265502	0,296819432079	0,0312809042702	0,121954129737	0,143584349661
29700	0,657019784768	0,221959652758	0,0	0,435058918436	0,435058918436	0,246158090883	0,188900620532	0,221959652758	0,0	0,154285678869	0,0481755027216	0,302546027933	0,121874548148	0,302546027933	0,0205367501781	0,141601711068	0,140407516
30600	0,927073089554	0,332064846124	0,0	0,595005796744	0,595005796744	0,356587781957	0,23841762766	0,332064846124	0,0	0,278302676141	0,134154019356	0,522725069758	0,221795834225	0,522725069758	0,0600497477896	0,224214034654	0,238461138573
31500	0,816925476751	0,288547108533	0,0	0,528376474388	0,528376474388	0,304926411473	0,223449757738	0,288547108533	0,0	0,238351239071	0,062325802897	0,432709010944	0,156514678767	0,432709010944	0,0301185441025	0,211111713637	0,251715727236
32400	0,660531531988	0,236223821222	0,0	0,424306469128	0,424306469128	0,246142366291	0,178163906012	0,236223821222	0,0	0,198411138499	0,0815586374204	0,357821480836	0,15837179921	0,357821480836	0,0429491866545	0,153783080801	0,161089143843
33300	0,711428898766	0,253804265465	0,0	0,457623193741	0,457623193741	0,264149739619	0,193473225205	0,253804265465	0,0	0,210558792985	0,100478249059	0,390062891621	0,174778046482	0,390062891621	0,0470938544346	0,171098086618	0,171870868188
34200	0,638489997206	0,219593106093	0,0	0,432347466255	0,432347466255	0,226122447164	0,219676535212	0,219593106093	0,0	0,133480368604	0,0771690287552	0,316489822908	0,127204135044	0,316489822908	0,0207254151124	0,151473063724	0,157742994472
35100	0,924679080977	0,2638042654652634	0,0	0,610930911843	0,610930911843	0,398501699056	0,212428802662	0,313745763354	0,0	0,202369603203	0,127253614163	0,464838715203	0,178529731886	0,464838715203	0,00306433489513	0,250441913317	0,217461012453
36000	0,42195858475	0,2638042654652634	0,0	0,422347466254734	0,299841576437	0,232524134887	0,0998790324783	0,154678196477	0,0	0,110642883402	0,0684812012582	0,274004710494	0,0923591017148	0,274004710494	0,0433659020553	0,1350551587	0,128145272108
36900	0,515400609384	0,27380426546526343	0,0	0,422347466254734	0,337852451403	0,205215963839	0,164986176169	0,209897195644	0,0	0,19964087775	0,0624714518023	0,368866675147	0,13549236431	0,368866675147	0,054106400201	0,162044191725	0,185065779656
37800	0,698194442972	0,27380426546526343	0,0	0,412347466254734	0,456185518379	0,280852675286	0,205776885691	0,272451784867	0,0	0,205877347848	0,127325569564	0,490088233352	0,14601026005	0,490088233352	0,0201046852851	0,23080910299	0,309827887115
38700	0,0844042206444	0,27380426546526343	0,0	0,412347466254734	0,0335513992103	0,00555252549902	0,0257719612014	0,00291799670803	0,0	0,00739038753332	0,0462132110462	0,0318767306902	0,0140107274817	0,0318767306902	0,0358570028897	0,0501590796249	0,000368522784254
39600	0,260436337026	0,28380426546526344	0,0	0,402347466254734	0,150086863457	0,0437662823544	0,0280306351776	0,03205968491	0,0	0,00732218707047	0,00763575656105	0,0431215183246	0,0034223281301	0,0431215183246	0,0634018497876	0,0354128660645	0,0225967634765
40500	0,438806862439	0,28380426546526344	0,0	0,402347466254734	0,243857232753	0,0970481732348	0,0671326030995	0,115273635357	0,0	0,162727086584	0,0346015060037	0,122645548801	0,110280208336	0,122645548801	0,00358221206467	0,00794130735274	0,0314454736339
41400	0,605295929741	0,29380426546526345	0,0	0,392347466254734	0,363406288066	0,191451187466	0,0878706164724	0,157806016181	0,0	0,0755139502022	0,0624843724673	0,110858551569	0,10086123173	0,110858551569	0,0181114431346	0,0166124164397	0,0282729052412
42300	2,88564076653	0,29380426546526345	0,0	0,392347466254734	1,79084797706	0,994865440469	0,60256749497	0,901371660352	0,0	0,648176750094	0,326331279711	1,11520499346	0,56726888777	1,11520499346	0,000696697455068	0,477063014853	0,444041367696
43200	2,58969965285	0,30380426546526346	0,0	0,382347466254734	1,61004216885	0,87674973934	0,548617669778	0,794977497529	0,0	0,558803143057	0,308936633834	0,959856222443	0,518193969483	0,959856222443	0,0323683755937	0,292193317201	0,450629005332
44100	1,27765169221	0,30380426546526346	0,0	0,382347466254734	0,760463907095	0,403143946436	0,231394500543	0,39126063998	0,0	0,308331761306	0,124068521452	0,424686134946	0,273051977279	0,424686134946	0,0194352880194	0,131660022584	0,147668484467
45000	2,09280633929	0,31380426546526347	0,0	0,382347466254734	1,25378977278	0,643695046542	0,413153960897	0,642071458995	0,0	0,592380824149	0,261124173174	0,872141438437	0,426501028734	0,872141438437	0,0958696466202	0,375444853913	0,395633752274
45900	2,0430476778	0,31380426546526347	0,0	0,37234746625473397	1,20282800842	0,621695654115	0,390315406009	0,649398684852	0,0	0,565908492591	0,286170132595	0,846115775201	0,464551446349	0,846115775201	0,0171603979198	0,295517494448	0,342629213875
46800	1,47819615313	0,3238042654652635	0,0	0,37234746625473397	0,853644442227	0,447308595342	0,231363940453	0,449577176795	0,0	0,366023177318	0,19635442408	0,550171889636	0,28681527411	0,550171889636	0,000487551074159	0,217551177177	0,158141495805
47700	3,17196950753	0,3238042654652635	0,0	0,36234746625473396	1,96353221564	1,06190668374	0,656322594504	0,963125891169	0,0	0,668754338784	0,423558666197	1,21989959865	0,590248654068	1,21989959865	0,0292674287536	0,574305827601	0,42957318556
48600	2,06593967711	0,3338042654652635	0,0	0,36234746625473396	1,27235076983	0,68211394862	0,393119599401	0,596467274869	0,0	0,370125765189	0,29358128171	0,768182259011	0,294880768441	0,768182259011	0,13750701817	0,325284580731	0,383294733712
49500	1,41736254153	0,3338042654652635	0,0	0,35234746625473395	0,869356289647	0,460356562162	0,28158669699	0,420591272633	0,0	0,317978145813	0,211608887217	0,519540414652	0,303227625899	0,519540414652	0,00865358103609	0,179502914211	0,203974236681
50400	3,59880088381	0,3438042654652635	0,0	0,35234746625473395	2,23173163634	1,23696953629	0,763967367875	1,13626546816	0,0	0,862474867407	0,495447275146	1,51602407755	0,747382786654	1,51602407755	0,00178919278724	0,666129172009	0,620906424797
51300	1,42996501895	0,3438042654652635	0,0	0,34234746625473395	0,869034423373	0,492122021444	0,257421641351	0,441438008039	0,0	0,33508085283	0,262107802057	0,610169034381	0,308969681079	0,610169034381	0,00852011704837	0,253506991673	0,245694853774
52200	0,187734458614	0,3538042654652635	0,0	0,34234746625473395	0,0881491201505	0,0261844156193	0,00489322909213	0,0327274888047	0,0	0,0623702698673	0,0376672228151	0,00924781681548	0,0566592256682	0,00924781681548	0,0192643848501	0,0291397569463	0,0477347585218
53100	0,482892903005	0,3538042654652635	0,0	0,33234746625473394	0,325519394566	0,206792730402	0,145226121944	0,18387241372	0,0	0,0968858072249	0,0589436852317	0,278015215342	0,0881860659298	0,278015215342	0,00441918930745	0,160802543929	0,148131360921
54000	0,465664200784	0,3638042654652635	0,0	0,33234746625473394	0,319677665877	0,207360211115	0,145533256517	0,179201827082	0,0	0,0987785373719	0,0340736224076	0,257750261472	0,0875194487374	0,257750261472	0,0127838712948	0,0943459098494	0,183836319938
54900	0,778925952894	0,3638042654652635	0,0	0,3223474662547339	0,450309451451	0,230917963149	0,123084994398	0,232311470794	0,0	0,249058824332	0,114998923026	0,35858619341	0,141476549777	0,35858619341	0,0794522092919	0,195826168816	0,145905476873
55800	0,291765452522	0,3638042654652635	0,0	0,3223474662547339	0,197882762946	0,11463839516	0,109474791069	0,12011290784	0,0	0,107756257998	0,0372412976031	0,212370454525	0,0789703741311	0,212370454525	0,0137726499045	0,0701351925205	0,154693031145
56700	0,92489729543	0,3738042654652635	0,0	0,3123474662547339	0,592577795074	0,347165069913	0,245412341304	0,332317063385	0,0	0,278539038384	0,14400296045	0,5461354072	0,2087230069	0,5461354072	0,00622251108995	0,226213986307	0,326143754495
57600	0,587700339373	0,3738042654652635	0,0	0,3123474662547339	0,383804144577	0,224861171012	0,166582799339	0,21153519895	0,0	0,169041776517	0,054753921063	0,308385793496	0,134584836602	0,308385793496	0,0458191338093	0,142296584174	0,127910002315
58500	1,00569779742	0,3838042654652635	0,0	0,3023474662547339	0,653199325444	0,362317988152	0,290881337305	0,352498472219	0,0	0,283121594544	0,0639238587584	0,467320965837	0,232222959808	0,467320965837	0,0543412404179	0,227636859383	0,185342865919
59400	1,11624305099	0,3838042654652635	0,0	0,3023474662547339	0,724123581847	0,406252798137	0,317870783757	0,392119469485	0,0	0,311528257097	0,0926407795042	0,557259016941	0,239029489197	0,557259016941	0,0516268619362	0,279233224102	0,226398930905
60300	1,08705592393	0,39380426546526354	0,0	0,2923474662547339	0,717713063228	0,399419720667	0,318293342578	0,369342861019	0,0	0,230180747073	0,0940241887045	0,483820934202	0,209726862548	0,483820934202	0,0380089774667	0,234754849492	0,211057107161
61200	1,21916593842	0,39380426546526354	0,0	0,2923474662547339	0,794883122261	0,462269386732	0,332613735679	0,424282816589	0,0	0,284452871687	0,120092387594	0,593390403566	0,235437672408	0,593390403566	0,0131311741426	0,305562512925	0,274696716416
62100	1,06575998734	0,40380426546526355	0,0	0,2923474662547339	0,698062718406	0,399248972182	0,298813746259	0,367697269243	0,0	0,257580890431	0,104705521687	0,528433853028	0,201549828352	0,528433853028	0,0148208675513	0,279820403618	0,263434316964
63000	1,08672942455	0,40380426546526355	0,0	0,2823474662547339	0,712443809829	0,408260410582	0,304183399318	0,374285615025	0,0	0,241148901338	0,109833745383	0,530218010955	0,195050250892	0,530218010955	0,0152953937312	0,267564008166	0,277949396489
63900	1,02936860106	0,41380426546526355	0,0	0,2823474662547339	0,666509922485	0,406670935806	0,259838986695	0,362858678877	0,0	0,230489259147	0,14419276067	0,531783694713	0,205757003996	0,531783694713	0,00592014847518	0,270902282911	0,266801560449
64800	0,91941884079	0,41380426546526355	0,0	0,2723474662547339	0,594575056177	0,346335278682	0,248239391083	0,324841385653	0,0	0,233157734251	0,0927337119349	0,464652033256	0,186080231526	0,464652033256	0,00186614511179	0,227078353552	0,239439699877
65700	1,12714537001	0,42380426546526356	0,0	0,2723474662547339	0,728665522699	0,418783079651	0,309882443123	0,398479847672	0,0	0,296678356919	0,107691277891	0,567791073165	0,235058409375	0,567791073165	0,019637714034	0,281408577173	0,266744781876
66600	1,10990527633	0,42380426546526356	0,0	0,2623474662547339	0,724855383921	0,440185236365	0,284670147652	0,38504989274	0,0	0,239473306407	0,097386845189	0,52143222897	0,200477815372	0,52143222897	0,000511262268762	0,249286198378	0,272657292762
67500	1,01049058112	0,42380426546526356	0,0	0,2623474662547339	0,663109462827	0,379802747826	0,283306715039	0,347381118535	0,0	0,250906958625	0,0347586514191	0,435103608858	0,197943119862	0,435103608858	0,0531703043034	0,180043977895	0,201889326626
68400	1,42326054395	0,43380426546526357	0,0	0,25234746625473387	0,941908279778	0,560835031429	0,381073248388	0,481352264864	0,0	0,355343211773	0,0755302460371	0,626394409371	0,285831313254	0,626394409371	0,0994237103591	0,286632382234	0,240338316865
69300	1,28342917821	0,43380426546526357	0,0	0,25234746625473387	0,848230602808	0,494636306726	0,35359429614	0,435198575905	0,0	0,310780896204	0,0463902119707	0,559023267129	0,233346416949	0,559023267129	0,0492229454895	0,251945002889	0,257855318651
70200	1,45368103934	0,4438042654652636	0,0	0,24234746625473386	0,959660735195	0,578826890121	0,38083384512	0,494020304874	0,0	0,339547173459	0,109872340136	0,669264035467	0,274175783113	0,669264035467	0,0501536239641	0,33142804721	0,287682364279
71100	1,58623137616	0,4438042654652636	0,0	0,24234746625473386	1,02847991214	0,590465426228	0,438014486001	0,557751464993	0,0	0,424794480145	0,145183553704	0,805298011537	0,322431487461	0,805298011537	0,0601043548924	0,39410912852	0,351084528063
72000	1,65119116728	0,4538042654652636	0,0	0,23234746625473385	1,07209995451	0,622636391824	0,449463562806	0,579091213841	0,0	0,420779810358	0,128283895005	0,820255813361	0,307899105984	0,820255813361	0,00839517977456	0,4795469288	0,349104064376
72900	1,37716372278	0,4538042654652636	0,0	0,23234746625473385	0,893422570929	0,510545601843	0,382876969137	0,483741152514	0,0	0,372504268644	0,147374273421	0,721298421204	0,282321273474	0,721298421204	0,013183209472	0,337290621715	0,370824589988
73800	1,34622225823	0,4638042654652636	0,0	0,23234746625473385	0,878052775611	0,510751145469	0,367301630194	0,468169483209	0,0	0,327149948636	0,113130898003	0,635203219992	0,273247110067	0,635203219992	0,0555470786842	0,279069143956	0,300586997237
74700	1,27509660585	0,4638042654652636	0,0	0,22234746625473384	0,833837930547	0,491098725324	0,342739205258	0,44125867582	0,0	0,30334674213	0,0699867228845	0,591685586428	0,222906554434	0,591685586428	0,0187704423768	0,302985289498	0,30747073926
75600	1,06879906971	0,4738042654652636	0,0	0,22234746625473384	0,704548291307	0,428866191825	0,275682099532	0,36425077869	0,0	0,206903574121	0,116285529045	0,490054369922	0,197385511894	0,490054369922	0,00677213082642	0,248227539018	0,235054700012
76500	1,07149194818	0,4738042654652636	0,0	0,21234746625473383	0,701538565179	0,433756349109	0,26778221613	0,369953383279	0,0	0,21289559021	0,116854216267	0,508196279034	0,191506910763	0,508196279034	0,0157471205782	0,279889510156	0,244053889373
77400	0,925001207083	0,4838042654652636	0,0	0,21234746625473383	0,599368112856	0,356141520753	0,243226199347	0,325630668004	0,0	0,244023959415	0,0761915785339	0,459867655182	0,18597798172	0,459867655182	0,0167315066835	0,235661007663	0,207475022122
78300	0,998989532807	0,4838042654652636	0,0	0,20234746625473382	0,650795711123	0,40156984485	0,249225866311	0,348193821911	0,0	0,256254948108	0,11482750878	0,51751425977	0,201762019199	0,51751425977	0,0161434247737	0,25580946955	0,245561365414
79200	0,883862486757	0,4938042654652636	0,0	0,20234746625473382	0,572461986815	0,343747013727	0,228714614718	0,311398284327	0,0	0,233294177415	0,10637032055	0,456428027728	0,194634221531	0,456428027728	0,0236651029416	0,217915075967	0,214847732314
80100	0,849352036046	0,4938042654652636	0,0	0,1923474662547338	0,548341147114	0,330223744569	0,218117073732	0,301008840239	0,0	0,231044000405	0,0987243635484	0,449078697902	0,181698005166	0,449078697902	0,0144165979193	0,230209428579	0,204452557884
81000	0,783455040495	0,4938042654652636	0,0	0,1923474662547338	0,507662172765	0,305450679191	0,202211211722	0,275791127217	0,0	0,200387095895	0,0902614441483	0,400938204357	0,165501049084	0,400938204357	0,00689687955972	0,186253077918	0,207788154716
81900	0,822877379043	0,5038042654652636	0,0	0,1823474662547338	0,533201152752	0,320310480312	0,212890361561	0,289674306208	0,0	0,196581219333	0,106088235798	0,417641153947	0,174702154323	0,417641153947	0,0179569488184	0,195744251958	0,20393985491
82800	0,675025916851	0,5038042654652636	0,0	0,1823474662547338	0,435586540543	0,253654085407	0,181932247723	0,239438082008	0,0	0,173779724269	0,0913098853348	0,357203877578	0,147323497609	0,357203877578	0,00358469813137	0,170917978985	0,182701127204
83700	0,648311707609	0,5138042654652636	0,0	0,1723474662547338	0,420470960368	0,247833275961	0,172637491147	0,227839555814	0,0	0,153148643831	0,0688600340185	0,324039074073	0,125808883515	0,324039074073	0,00457851361689	0,158603641708	0,160856858777
84600	0,633971995042	0,5138042654652636	0,0	0,1723474662547338	0,411230325959	0,245761278216	0,165468862866	0,222740529827	0,0	0,161635298869	0,0687479865122	0,322246801905	0,130876744498	0,322246801905	0,00388286806183	0,169545270912	0,148818603787
85500	0,566823436267	0,5238042654652636	0,0	0,16234746625473379	0,368873377914	0,215717788147	0,153155441054	0,197949148851	0,0	0,141661273928	0,0460405173743	0,277741975424	0,107908756684	0,277741975424	0,00315611415271	0,147392452991	0,127193364316
86400	0,432842240168	0,5238042654652636	0,0	0,16234746625473379	0,286749670972	0,168639784103	0,118109796977	0,146092042561	0,0	0,101048853268	0,025647330574	0,195280328321	0,0775077872733	0,195280328321	0,00716289852059	0,0987929285264	0,0893244797953
87300	0,411044317209	0,5338042654652636	0,0	0,16234746625473379	0,269179733444	0,157635628053	0,111544026187	0,141864106666	0,0	0,104766656103	0,0502032624291	0,213956371788	0,0828775422436	0,213956371788	0,0101334409304	0,108254269782	0,0955686355035
88200	0,410887862913	0,5338042654652636	0,0	0,15234746625473378	0,270656059583	0,164158954891	0,106497024549	0,140231327706	0,0	0,0909972283034	0,0454345390287	0,199734133563	0,0769288570926	0,199734133563	0,00428775142729	0,100658078164	0,0947882813761
89100	0,353280732248	0,5438042654652636	0,0	0,15234746625473378	0,233110110202	0,138105288366	0,0950047624152	0,120170270683	0,0	0,0862684233279	0,0198463781496	0,161867820072	0,0644171765712	0,161867820072	0,00580319076631	0,0815815661106	0,0744830484628
90000	0,311855175435	0,5438042654652636	0,0	0,14234746625473377	0,205902445671	0,119264915826	0,0866374835132	0,105952456018	0,0	0,0761682602954	0,00949979230712	0,136308773961	0,055311676874	0,136308773961	0,00359592506524	0,0670216814554	0,0656911569021
90900	0,32691825056	0,5538042654652636	0,0	0,14234746625473377	0,213235498904	0,12361314979	0,0896222994004	0,113682449398	0,0	0,0855324438671	0,0276917664177	0,162266078172	0,0646405118273	0,162266078172	0,00489063099159	0,0721295128967	0,0852459192806
91800	0,276125368116	0,5538042654652636	0,0	0,13234746625473376	0,180433300094	0,100714598102	0,0797186664006	0,0956918525197	0,0	0,0743353146718	0,0236462127118	0,13848643499	0,0551868950792	0,13848643499	0,00795967090512	0,0645731459882	0,0659536074055
92700	0,305396594441	0,5538042654652636	0,0	0,13234746625473376	0,199160975517	0,114504776105	0,0846561560407	0,106235355117	0,0	0,0765527715835	0,0352076117901	0,159105833445	0,0588898433227	0,159105833445	0,00450104948339	0,0818543924032	0,08175247569
93600	0,313172639902	0,5638042654652636	0,0	0,12234746625473376	0,203223380931	0,122353183023	0,0808701527945	0,109948980995	0,0	0,0800769253155	0,0335826118607	0,163345900696	0,0602625515918	0,163345900696	0,0051890615904	0,0883684092271	0,0801665374804
94500	0,296928323239	0,5638042654652636	0,0	0,12234746625473376	0,193989095711	0,115995069004	0,0779939855599	0,102938978336	0,0	0,0748786484649	0,0211266082082	0,141466850599	0,0574773283847	0,141466850599	0,00422407349859	0,0692079387178	0,0680348270488
95400	0,284011133441	0,5638042654652636	0,0	0,12234746625473376	0,185169208442	0,108415531634	0,0767536393476	0,0988416968172	0,0	0,0740937937562	0,0217977889522	0,137384453986	0,0573487733647	0,137384453986	0,00891770434671	0,0593090349973	0,0691577040702
96300	0,257455028681	0,5638042654652636	0,0	0,12234746625473376	0,167201846047	0,0935128422925	0,0736889731948	0,0902529948264	0,0	0,0717967132121	0,0209817758387	0,12985209451	0,0531793449506	0,12985209451	0,0110977290452	0,0545258476972	0,0642285084131
97200	0,272171802055	0,5638042654652636	0,0	0,12234746625473376	0,176986503982	0,102469390464	0,0745170793387	0,0951850882917	0,0	0,0701255977229	0,0284158562951	0,139533186788	0,054193306266	0,139533186788	0,000749849366923	0,0710372611041	0,0677460651863
98100	0,281220315799	0,5638042654652636	0,0	0,12234746625473376	0,182727450117	0,110822164279	0,0719052493002	0,0984926416691	0,0	0,0711236530094	0,0331380012417	0,147350401914	0,0554038409132	0,147350401914	0,00340053138591	0,080022295095	0,0707286255183
99000	0,285592442399	0,5638042654652636	0,0	0,12234746625473376	0,185904844345	0,11054934363	0,075355462925	0,0996873671807	0,0	0,0703358558986	0,0251505468594	0,139696569503	0,0554771476675	0,139696569503	0,00114775118627	0,0688792725683	0,06966953455
99900	0,288927103911	0,5638042654652636	0,0	0,12234746625473376	0,188927508945	0,10951497767	0,0794124922582	0,0999993591042	0,0	0,0727684233214	0,020532480524	0,136486965894	0,0568132442367	0,136486965894	0,00792153109455	0,0625447840572	0,0660206402886
100800	0,244801619793	0,5638042654652636	0,0	0,12234746625473376	0,160370294781	0,0921487001947	0,0682215664623	0,0844311558168	0,0	0,0640344610045	0,0226404527719	0,121050346706	0,0500556841724	0,121050346706	0,0115096711741	0,0512881743256	0,0582524931883
101700	0,274585625241	0,5638042654652636	0,0	0,12234746625473376	0,178608578334	0,103987818226	0,0746207252263	0,0959768334387	0,0	0,0682186705288	0,0302307451552	0,139243022995	0,0551831763351	0,139243022995	0,00386081718367	0,0662977190182	0,0690844758319
102600	0,290274593146	0,5638042654652636	0,0	0,12234746625473376	0,188659969563	0,113673181497	0,0749867491598	0,101614384928	0,0	0,0708616756532	0,0282418434625	0,143330474977	0,0573873740677	0,143330474977	0,00394397902992	0,0717439782846	0,0676425060414
103500	0,273782557143	0,5638042654652636	0,0	0,12234746625473376	0,177909702527	0,10655662808	0,0713530398704	0,0958726422951	0,0	0,0689550000654	0,0295703267962	0,139785989442	0,0546119299071	0,139785989442	0,00111674890175	0,0761575985227	0,0647451285384
104400	0,33750181859	0,5638042654652636	0,0	0,12234746625473376	0,220835718833	0,124958603104	0,0958770624469	0,116665777987	0,0	0,0851661141554	0,0103542357065	0,149513906853	0,0626721507556	0,149513906853	0,0105752680418	0,066512231823	0,0724263946072
105300	0,329697506511	0,5638042654652636	0,0	0,12234746625473376	0,217108260222	0,124787349195	0,092320859487	0,112588940026	0,0	0,0841900339457	0,0173534652881	0,153822714589	0,0603096577891	0,153822714589	0,00737918795639	0,0690760345861	0,0773674786835
106200	0,337600541529	0,5638042654652636	0,0	0,12234746625473376	0,22123401536	0,13484864749	0,0863853143427	0,116366204422	0,0	0,0836571973594	0,0394644521054	0,170507868236	0,0689799118222	0,170507868236	0,0108000831113	0,0809310919385	0,0787766770839
107100	0,409312928003	0,5638042654652636	0,0	0,12234746625473376	0,263594151387	0,160265041413	0,103329033992	0,145718300311	0,0	0,112331696604	0,0527099564548	0,22123672666	0,0895231080883	0,22123672666	0,0160356816449	0,104560614165	0,100640403755
108000	0,541632413661	0,5638042654652636	0,0	0,12234746625473376	0,354512020006	0,210274274683	0,144237607935	0,187119565115	0,0	0,118208991202	0,0398377093901	0,247634201603	0,0975318845981	0,247634201603	0,0118271558029	0,117674295895	0,118132715579
108900	0,556443370073	0,5638042654652636	0,0	0,12234746625473376	0,363294576958	0,210383042633	0,15291139004	0,193147917757	0,0	0,139745434811	0,0518416182189	0,274461025843	0,110273744865	0,274461025843	0,018686107885	0,127105907986	0,12866896824
109800	0,655663117282	0,5638042654652636	0,0	0,12234746625473376	0,430424729383	0,249658722048	0,180765804837	0,225237175205	0,0	0,156189987423	0,0412721155754	0,305375750236	0,117323263617	0,305375750236	0,0172058119497	0,150683106508	0,137486779874
110700	0,686980720335	0,5638042654652636	0,0	0,12234746625473376	0,455299063573	0,273735916195	0,181562920677	0,231680330411	0,0	0,1484775235	0,0428304179889	0,306009801036	0,116978196108	0,306009801036	0,00687010661387	0,153934753255	0,145204888182
111600	0,751206035695	0,5638042654652636	0,0	0,12234746625473376	0,489583608858	0,298244942524	0,19133840414	0,261620830389	0,0	0,183136911727	0,0759637522957	0,380273041125	0,140448085784	0,380273041125	0,00268394248383	0,213342510166	0,169614390251
112500	0,741245893328	0,5638042654652636	0,0	0,12234746625473376	0,480150111441	0,285697440312	0,194452419084	0,261094223631	0,0	0,200475046144	0,0819406354517	0,382249306084	0,161260224307	0,382249306084	0,0157065242351	0,197182993902	0,169359706092
113400	0,835876873219	0,5638042654652636	0,0	0,12234746625473376	0,545459111924	0,311152062319	0,234306724294	0,290415785711	0,0	0,225271979515	0,0803902059894	0,42868854182	0,16738896665	0,42868854182	0,00941448742947	0,199606210639	0,219667738831
114300	0,844704833411	0,5638042654652636	0,0	0,12234746625473376	0,548096123594	0,332291732418	0,215804062614	0,296606687648	0,0	0,222287809005	0,113650071877	0,460046888282	0,172497187524	0,460046888282	0,00267754674064	0,261526404765	0,195842816037
115200	1,04043924505	0,5638042654652636	0,0	0,12234746625473376	0,675955413684	0,389403299715	0,286552114002	0,364483831656	0,0	0,293175991014	0,0894940500743	0,549848560783	0,197305312083	0,549848560783	0,0207605403074	0,299938981366	0,270670119709
116100	1,08747716063	0,5638042654652636	0,0	0,12234746625473376	0,7060042848	0,435420403742	0,270583881077	0,381472876161	0,0	0,258021454052	0,120917049557	0,536978646658	0,223432733165	0,536978646658	0,0450083340088	0,224757803531	0,267212509018
117000	1,20268524295	0,5638042654652636	0,0	0,12234746625473376	0,785391288779	0,448369184753	0,33702210409	0,417293954614	0,0	0,337150244046	0,139561875785	0,639453761509	0,25455231305	0,639453761509	0,0209990093791	0,294107319434	0,324347432614
117900	0,860131227132	0,5638042654652636	0,0	0,12234746625473376	0,554151087824	0,331124088849	0,223026663261	0,305978036496	0,0	0,24550042121	0,122395721029	0,474085699892	0,199787945151	0,474085699892	0,0380019688579	0,2228033735	0,21328023386
118800	1,05014372956	0,5638042654652636	0,0	0,12234746625473376	0,677281697177	0,394550550421	0,286371072705	0,376501915181	0,0	0,289414659937	0,165179629852	0,61832313206	0,216413076241	0,61832313206	0,0220289917332	0,327675552866	0,316316593901
119700	0,459827317549	0,5638042654652636	0,0	0,12234746625473376	0,321126803707	0,2305545539	0,12463481761	0,172762593566	0,0	0,140701719988	0,065982289608	0,331141214411	0,0823678638877	0,331141214411	0,0319522375918	0,193000848916	0,204155180162
120600	1,25182009514	0,5638042654652636	0,0	0,12234746625473376	0,754658785885	0,438872658573	0,20374146514	0,385115159182	0,0	0,274821284334	0,162676115515	0,446610541975	0,263959663323	0,446610541975	0,010069466949	0,158682278466	0,165816883079
121500	0,587420151574	0,5638042654652636	0,0	0,12234746625473376	0,387980647389	0,220213352212	0,18502926684	0,216700655569	0,0	0,191249164623	0,0083573353237	0,316432395805	0,117136621613	0,316432395805	0,0256499755353	0,174072857232	0,133971623272
122400	1,10492052636	0,5638042654652636	0,0	0,12234746625473376	0,643747686263	0,324078107436	0,193902287995	0,335404124534	0,0	0,31572546355	0,269196043579	0,512465774484	0,282094853448	0,512465774484	0,0358789034386	0,181971137087	0,240609103964
123300	1,49184515262	0,5638042654652636	0,0	0,12234746625473376	0,923484139447	0,499298563761	0,29941293059	0,443586340915	0,0	0,28959258589	0,143427343594	0,461600504829	0,290235961922	0,461600504829	0,0428257412497	0,166825733199	0,127179733365
124200	1,48514649932	0,5638042654652636	0,0	0,12234746625473376	0,898001205048	0,447503130481	0,316381235203	0,453026336032	0,0	0,35305330834	0,175288337823	0,537036690446	0,310217678072	0,537036690446	0,0079680795877	0,206871669075	0,204020120947
125100	2,19806389773	0,5638042654652636	0,0	0,12234746625473376	1,36386814292	0,738411710066	0,464483290958	0,673218752551	0,0	0,476308877385	0,266135472869	0,823884029434	0,430811598896	0,823884029434	0,0208803263773	0,307234167289	0,376563880242
126000	1,93095363796	0,5638042654652636	0,0	0,12234746625473376	1,19505103344	0,651909492466	0,401358581259	0,594116664929	0,0	0,428182362181	0,259280327902	0,792310967102	0,347489855746	0,792310967102	0,0775992512468	0,387331126082	0,340801547924
126900	1,98119156532	0,5638042654652636	0,0	0,12234746625473376	1,22526922975	0,655358331159	0,412027339112	0,598035374009	0,0	0,436827789114	0,241664875396	0,807707190257	0,310942189386	0,807707190257	0,0774438008355	0,421836814564	0,305436638986
127800	1,68521861762	0,5638042654652636	0,0	0,12234746625473376	1,03875012889	0,572812664641	0,335549023537	0,516077665595	0,0	0,360319900922	0,249808971836	0,690082191693	0,305739441837	0,690082191693	0,0543841792015	0,309242469802	0,304839787611
128700	2,15551657853	0,5638042654652636	0,0	0,12234746625473376	1,31746637693	0,701509712666	0,4574577305	0,67954759606	0,0	0,529654810175	0,261893927243	0,924986964359	0,38761623348	0,924986964359	0,0864745122567	0,440641135763	0,412328494057
129600	2,06504488272	0,5638042654652636	0,0	0,12234746625473376	1,26277364817	0,662480796073	0,451777393006	0,653752477421	0,0	0,543320423126	0,283034656902	0,914864627822	0,416732709695	0,914864627822	0,0390242778834	0,422523423773	0,382856456562
130500	1,70140751903	0,5638042654652636	0,0	0,12234746625473376	1,02278290802	0,565353644559	0,316104533971	0,537297339028	0,0	0,453481361471	0,240385978925	0,776674416824	0,313169669052	0,776674416824	0,0784811060671	0,384563320319	0,329272574439
131400	1,75286080481	0,5638042654652636	0,0	0,12234746625473376	1,06518869703	0,588847661278	0,328120628103	0,539448923052	0,0	0,434807845171	0,263144500973	0,750790110735	0,338395005823	0,750790110735	0,0115836554727	0,347071374992	0,267087217321
132300	1,73775485995	0,5638042654652636	0,0	0,12234746625473376	1,06255873814	0,571297144185	0,349825087914	0,533756972276	0,0	0,432191929021	0,226680719024	0,713456889587	0,337740220722	0,713456889587	0,0227001273685	0,344948951831	0,249776442359
133200	1,5952564995	0,5638042654652636	0,0	0,12234746625473376	0,978875240689	0,527954031146	0,321409040329	0,48686685938	0,0	0,350999265626	0,251776505504	0,623227486225	0,336906291105	0,623227486225	0,0187756800255	0,244183002568	0,230760660271
134100	0,956233455079	0,5638042654652636	0,0	0,12234746625473376	0,584548306621	0,31035057441	0,181643316259	0,279132890788	0,0	0,182658081057	0,148193267458	0,370634315754	0,146795456795	0,370634315754	0,0505643680284	0,153461378614	0,175182471879
135000	1,43872460445	0,5638042654652636	0,0	0,12234746625473376	0,8880922157	0,477890335206	0,295845224869	0,436273946358	0,0	0,306573965261	0,195043368382	0,587449847966	0,236087378411	0,587449847966	0,066574016964	0,262660818064	0,277009584236
135900	1,71796549268	0,5638042654652636	0,0	0,12234746625473376	1,0589887711	0,580461369813	0,347834322471	0,52828120838	0,0	0,382289772444	0,203669016105	0,679428220311	0,304122335652	0,679428220311	0,0614974337906	0,294689521204	0,315547472943
136800	1,15415172228	0,5638042654652636	0,0	0,12234746625473376	0,698983427652	0,402177908127	0,201271791447	0,359633391503	0,0	0,274132088257	0,165303927888	0,496476236048	0,207061291257	0,496476236048	0,0749957045724	0,257642135113	0,218298342755
137700	2,13800077135	0,5638042654652636	0,0	0,12234746625473376	1,31410431644	0,736667626191	0,43065817481	0,677114547788	0,0	0,521704745663	0,320139727531	0,941043011109	0,431142840974	0,941043011109	0,0559487407427	0,446358140314	0,403861657203
138600	2,67208135808	0,5638042654652636	0,0	0,12234746625473376	1,64739811935	0,900113966035	0,564579153918	0,841972948789	0,0	0,666109160881	0,353409403176	1,15239323461	0,526401508525	1,15239323461	0,0798407593925	0,53360757902	0,515931495728
139500	1,0220861831	0,5638042654652636	0,0	0,12234746625473376	0,614512943108	0,322943405616	0,194142478965	0,31014512789	0,0	0,258362462281	0,186200554629	0,466502155803	0,190780535785	0,466502155803	0,0415851952835	0,215408519784	0,195253778187
140400	0,482581835045	0,5638042654652636	0,0	0,12234746625473376	0,2739374746	0,150288070057	0,0560012403037	0,140996758458	0,0	0,14269960813	0,0966235358397	0,206720616946	0,105951123037	0,206720616946	0,0128507223111	0,102831924733	0,0490911400725
141300	0,192931316534	0,5638042654652636	0,0	0,12234746625473376	0,133379566371	0,081778041261	0,0729439617108	0,0808940975998	0,0	0,0712093629252	0,0158766400978	0,110828338315	0,0467408950525	0,110828338315	0,0207339559013	0,041831370031	0,0696054515455
142200	0,0399511968132	0,5638042654652636	0,0	0,12234746625473376	0,0384870240369	0,0341661761761	0,0381919758048	0,0353352962086	0,0	0,0353603196103	0,0252492223399	0,0751247345869	0,00419277358472	0,0751247345869	0,00988523862561	0,0696083157633	0,0492727739545
143100	0,233789745817	0,5638042654652636	0,0	0,12234746625473376	0,163102085864	0,104684516684	0,0855718485674	0,0978418091936	0,0	0,0829542989414	0,0418049368658	0,119021252618	0,0471241648225	0,119021252618	0,00106864943585	0,0860161181528	0,0590907701421
144000	0,795543045494	0,5638042654652636	0,0	0,12234746625473376	0,510396490708	0,306258904819	0,20413730104	0,285144752788	0,0	0,233339461524	0,105361493376	0,463114409329	0,16073083049	0,463114409329	0,0251724472756	0,280486945925	0,207799783606
144900	0,769592405659	0,5638042654652636	0,0	0,12234746625473376	0,49310999403	0,290179472206	0,202930256036	0,276480724353	0,0	0,226910446897	0,104716028165	0,432264558836	0,175842203416	0,432264558836	0,0401361436625	0,23088200679	0,161246306451
145800	0,685698529784	0,5638042654652636	0,0	0,12234746625473376	0,442596410744	0,262718775119	0,179877421477	0,243100783631	0,0	0,190240568217	0,0884872773551	0,371466324559	0,150361972728	0,371466324559	0,0322706893285	0,198647224129	0,140548335631
146700	0,900901753198	0,5638042654652636	0,0	0,12234746625473376	0,58014961134	0,345898211853	0,234251031473	0,320749834554	0,0	0,235540155632	0,105834633571	0,485906489407	0,176217568603	0,485906489407	0,00515281106855	0,26440005359	0,226659110637
147600	0,899600544677	0,5638042654652636	0,0	0,12234746625473376	0,582911547947	0,336549516083	0,246361660401	0,316686701928	0,0	0,245215800947	0,065612609147	0,452649404978	0,174865165856	0,452649404978	0,0200762763085	0,226862971579	0,205710042515
148500	1,05054562011	0,5638042654652636	0,0	0,12234746625473376	0,687112994555	0,390311463373	0,296801531198	0,363432625827	0,0	0,273941086053	0,0539672225203	0,506419957727	0,184920976787	0,506419957727	0,00427281028211	0,243758018141	0,266934749786
149400	1,26384082093	0,5638042654652636	0,0	0,12234746625473376	0,85023090303	0,540488533442	0,309742369593	0,413609918378	0,0	0,253091949697	0,0648472472131	0,526631427005	0,204917688381	0,526631427005	0,00574159381923	0,272317891937	0,248571941217
150300	1,09400723508	0,5638042654652636	0,0	0,12234746625473376	0,72603755264	0,453243132398	0,272794420302	0,367969682731	0,0	0,24034395303	0,0942537788848	0,493512197034	0,209055217539	0,493512197034	0,0237381705858	0,242405891498	0,227368134936
151200	1,27769390162	0,5638042654652636	0,0	0,12234746625473376	0,855835028667	0,554365565933	0,301469462749	0,421858873441	0,0	0,264158945231	0,14535752099	0,58557547946	0,245799860244	0,58557547946	0,0278693851224	0,29057130447	0,267134789853
152100	1,26749210785	0,5638042654652636	0,0	0,12234746625473376	0,843339475424	0,534890202279	0,308449273202	0,424152632908	0,0	0,245294588447	0,126068594501	0,563198711909	0,232317104007	0,563198711909	0,0321604527677	0,269336895047	0,261701364029
153000	1,27786716863	0,5638042654652636	0,0	0,12234746625473376	0,829805918208	0,477785732573	0,352020185699	0,448061250943	0,0	0,331440713884	0,157156928004	0,67514143781	0,261517455005	0,67514143781	0,00312621493753	0,35504220957	0,316973013323
153900	1,37806230744	0,5638042654652636	0,0	0,12234746625473376	0,892018909479	0,525006869313	0,367012040184	0,486043398646	0,0	0,363732470408	0,184946683716	0,750560123151	0,284162429634	0,750560123151	0,00309665140692	0,391003043884	0,356460427832
154800	1,41323576875	0,5638042654652636	0,0	0,12234746625473376	0,908619686706	0,53652940692	0,372090279828	0,504616082802	0,0	0,409174468866	0,208043437386	0,815146187747	0,306687801451	0,815146187747	0,0126930692317	0,424336102082	0,403503154888
155700	1,39042331823	0,5638042654652636	0,0	0,12234746625473376	0,897457929768	0,525937636265	0,371520293592	0,492965389175	0,0	0,387228163419	0,210791848877	0,797436169132	0,293549232373	0,797436169132	0,0166091697432	0,417470542778	0,396574796122
156600	1,2965896194	0,5638042654652636	0,0	0,12234746625473376	0,830988303199	0,486768385508	0,344219917779	0,465601316788	0,0	0,397282611855	0,182601780617	0,768216409915	0,277269299471	0,768216409915	0,0388564805724	0,442991617418	0,364081273094
157500	1,41114473095	0,5638042654652636	0,0	0,12234746625473376	0,92086892209	0,557856701179	0,363012220931	0,490275809559	0,0	0,3095524076	0,146522419917	0,683336213276	0,263014423855	0,683336213276	0,00545044336933	0,38519222383	0,303594432888
158400	1,33206246697	0,5638042654652636	0,0	0,12234746625473376	0,870550828345	0,518462599764	0,352088228639	0,461511639213	0,0	0,301966360093	0,110246155271	0,621580303537	0,252143851205	0,621580303537	0,0391502424267	0,298230948846	0,284199112131
159300	1,28040841702	0,5638042654652636	0,0	0,12234746625473376	0,839980569871	0,503416488625	0,336564081308	0,440427847652	0,0	0,26651946201	0,130787824448	0,612687999235	0,225047134839	0,612687999235	0,0119300505016	0,329977907522	0,294640142116
160200	1,03931057472	0,5638042654652636	0,0	0,12234746625473376	0,680128041201	0,378439701817	0,301688339399	0,359182533799	0,0	0,272984240068	0,0990975650751	0,527111366669	0,204152972281	0,527111366669	0,00470889958819	0,281739541514	0,240662925569
161100	1,05714084214	0,5638042654652636	0,0	0,12234746625473376	0,685890666712	0,401979533161	0,283911133619	0,371250175748	0,0	0,283384128928	0,118687609093	0,55776777459	0,215554139304	0,55776777459	0,00622036646777	0,305669198991	0,25831894212
162000	0,987318521523	0,5638042654652636	0,0	0,12234746625473376	0,639011724418	0,378470357742	0,260540920283	0,348304031695	0,0	0,272597407298	0,107051853027	0,514034589415	0,213918032478	0,514034589415	0,015282411044	0,272472179125	0,226279850493
162900	1,01796849576	0,5638042654652636	0,0	0,12234746625473376	0,657590887041	0,380019701368	0,277571185654	0,36037760899	0,0	0,281443346363	0,114065203212	0,532946943954	0,222939214613	0,532946943954	0,0183728712316	0,282362768808	0,232211303899
163800	0,997469237935	0,5638042654652636	0,0	0,12234746625473376	0,649737807955	0,372769808831	0,276967999137	0,347731430231	0,0	0,262862940848	0,118556985257	0,519609573563	0,209541782916	0,519609573563	0,006364332622	0,277918182797	0,235327058079
164700	0,898152704618	0,5638042654652636	0,0	0,12234746625473376	0,588272432988	0,345549899221	0,24272215545	0,309877994108	0,0	0,218229692426	0,0995893484215	0,443558115354	0,18413840226	0,443558115354	0,000342031368776	0,239500186009	0,204399847908
165600	0,878465980636	0,5638042654652636	0,0	0,12234746625473376	0,575472751547	0,339409470645	0,236062918896	0,302991050436	0,0	0,207748844088	0,0847066311521	0,42958825417	0,165857783606	0,42958825417	0,0113866076476	0,245270076049	0,195704678402
166500	0,882749472084	0,5638042654652636	0,0	0,12234746625473376	0,575791366281	0,338037348929	0,237753654908	0,306955902072	0,0	0,216581997988	0,0804210100678	0,434758957543	0,169199450626	0,434758957543	0,00134592889468	0,209459261532	0,223953658128
167400	0,812099294896	0,5638042654652636	0,0	0,12234746625473376	0,530024422645	0,302967848365	0,22705626714	0,282073007584	0,0	0,206880629767	0,0784670425707	0,410995578229	0,156424671264	0,410995578229	0,00350109953435	0,210620638419	0,196873743736
168300	0,739036567859	0,5638042654652636	0,0	0,12234746625473376	0,482239535753	0,271152965583	0,211086315834	0,256795487707	0,0	0,182808992621	0,0706978881597	0,372691475487	0,137610538717	0,372691475487	0,00143277072964	0,174173864968	0,199950300489
169200	0,769506388314	0,5638042654652636	0,0	0,12234746625473376	0,504722693561	0,286288083966	0,218434331	0,264782023853	0,0	0,186663968835	0,0559260751505	0,369181794394	0,138189903849	0,369181794394	0,00706338585639	0,190081719153	0,186163381745
170100	0,764396148743	0,5638042654652636	0,0	0,12234746625473376	0,502022964905	0,293825550483	0,208197138936	0,262371535877	0,0	0,190131857056	0,0585365664036	0,36446687212	0,146572721901	0,36446687212	0,0123605468362	0,175304875732	0,176801374596
171000	0,648907487232	0,5638042654652636	0,0	0,12234746625473376	0,422011445244	0,256896677022	0,165114573399	0,226894849705	0,0	0,173311721117	0,062632070027	0,324706569135	0,138131791849	0,324706569135	0,00849520915474	0,156473440384	0,159737859726
171900	0,650356524731	0,5638042654652636	0,0	0,12234746625473376	0,42005791403	0,249202087439	0,170855633671	0,230297409724	0,0	0,181254022074	0,0627234178091	0,334402433387	0,139872125398	0,334402433387	0,0139783619703	0,157168836379	0,163255172058
172800	0,641110968485	0,5638042654652636	0,0	0,12234746625473376	0,414964066801	0,244186632336	0,170777246233	0,22614573561	0,0	0,188210558924	0,0663502518117	0,336015799448	0,144690460507	0,336015799448	0,0149547446925	0,168667801118	0,152393190437
173700	0,555226973268	0,5638042654652636	0,0	0,12234746625473376	0,36023362619	0,217069755666	0,143163728614	0,194992473335	0,0	0,151547277959	0,0705909514523	0,301062541757	0,116067947365	0,301062541757	0,00317776629841	0,158243729283	0,139640994567
174600	0,60623870579	0,5638042654652636	0,0	0,12234746625473376	0,39329475498	0,246696609676	0,146597975884	0,212942909107	0,0	0,159077080878	0,0821761356002	0,316979317934	0,137216555751	0,316979317934	0,0237614790217	0,153655386318	0,139562397204
175500	0,490406105634	0,5638042654652636	0,0	0,12234746625473376	0,317128172058	0,193121105143	0,124006956864	0,173277251021	0,0	0,128031966344	0,0526145495174	0,24795663863	0,105966965431	0,24795663863	0,0325211395098	0,113837961338	0,101597504671
176400	0,426534432679	0,5638042654652636	0,0	0,12234746625473376	0,280249370652	0,17103736049	0,109211924237	0,146284548964	0,0	0,104767919469	0,0391811807917	0,1999607092	0,0902728262546	0,1999607092	0,0203912198989	0,0874081529493	0,0921613144668
177300	0,421768646024	0,5638042654652636	0,0	0,12234746625473376	0,271138430617	0,157526920236	0,113611430001	0,150629709296	0,0	0,122055381088	0,0515253632073	0,213104041397	0,111106285879	0,213104041397	0,0376439724764	0,0889421208414	0,0865179239961
178200	0,390282633691	0,5638042654652636	0,0	0,12234746625473376	0,252688612194	0,145706592001	0,106981950407	0,137593589404	0,0	0,109171544241	0,0434587799782	0,204720781052	0,0855030272857	0,204720781052	0,00749075776772	0,108773552367	0,0884564474592
179100	0,452405881431	0,5638042654652636	0,0	0,12234746625473376	0,292772965254	0,181765565146	0,111007306287	0,159632335461	0,0	0,113118179196	0,0612093253245	0,233723232786	0,100236467642	0,233723232786	0,010170478459	0,12029314231	0,103259581542
180000	0,37929038635	0,5638042654652636	0,0	0,12234746625473376	0,245699443823	0,148273518352	0,0974258594646	0,133590534516	0,0	0,0969401626234	0,0409686693933	0,196551099751	0,0749481697558	0,196551099751	0,000512212613553	0,101125490683	0,0959377995242
180900	0,321952074696	0,5638042654652636	0,0	0,12234746625473376	0,211049904916	0,124696765171	0,086353091055	0,110901877203	0,0	0,0770426230242	0,0191168011069	0,14650303507	0,0605582025241	0,14650303507	0,00863926130537	0,066576131081	0,0712876307584
181800	0,312549124749	0,5638042654652636	0,0	0,12234746625473376	0,20536349951	0,122192175146	0,0831712782782	0,10718534976	0,0	0,0703107329798	0,0286387119225	0,148532584706	0,057602149703	0,148532584706	0,00633580080307	0,0678135024514	0,0743832689511
182700	0,312417493774	0,5638042654652636	0,0	0,12234746625473376	0,202617653421	0,116556556094	0,0860610524336	0,109799563663	0,0	0,0841279656644	0,0273872328791	0,158497274347	0,062817422398	0,158497274347	0,00551061058243	0,0768905130614	0,0760961365626
183600	0,320370195228	0,5638042654652636	0,0	0,12234746625473376	0,208890613077	0,120631788369	0,0882587770156	0,111479291822	0,0	0,0842623000031	0,0315479363517	0,16541474741	0,0618747128264	0,16541474741	0,00279509694214	0,0855810846306	0,0826287438389
184500	0,294398463102	0,5638042654652636	0,0	0,12234746625473376	0,190800500622	0,114236173019	0,0765642878173	0,10359771671	0,0	0,076601679733	0,0328977668172	0,154213426573	0,0588836778804	0,154213426573	0,00331649671679	0,0804080573148	0,0771218521385
185400	0,326471398772	0,5638042654652636	0,0	0,12234746625473376	0,213506754898	0,128153048119	0,0853536569216	0,11296434276	0,0	0,0684700748488	0,0313597925636	0,150830574266	0,0619635701534	0,150830574266	0,00930247589329	0,0690738648367	0,0724542208837
186300	0,269079613287	0,5638042654652636	0,0	0,12234746625473376	0,176022598106	0,101036852115	0,0749857121334	0,0930568106364	0,0	0,0702079958065	0,0235937337707	0,133617123469	0,0532413699139	0,133617123469	0,00809699492078	0,0614980619801	0,0640220566218
187200	0,2903098103	0,5638042654652636	0,0	0,12234746625473376	0,189645839617	0,112182335562	0,0774634647431	0,100663732461	0,0	0,0732182219622	0,0299864920688	0,145633078713	0,0582353129167	0,145633078713	0,00537595409325	0,0709439960448	0,0693131166668
188100	0,280312751412	0,5638042654652636	0,0	0,12234746625473376	0,182687968563	0,110657336362	0,0720305957212	0,0976245605223	0,0	0,0723906264934	0,0276140745808	0,141453317783	0,0561758921054	0,141453317783	0,00376180197972	0,069658820101	0,0680326843859
189000	0,282463886702	0,5638042654652636	0,0	0,12234746625473376	0,183587704496	0,109280986587	0,0743066810491	0,0988759562401	0,0	0,0687389851623	0,0255872509969	0,135737345528	0,0574647952164	0,135737345528	0,00817238847034	0,0636203093855	0,0639446374725
189900	0,274675111618	0,5638042654652636	0,0	0,12234746625473376	0,178175372216	0,103920431762	0,0742549057681	0,0964995255503	0,0	0,0706886938897	0,0289636979329	0,137081835844	0,0590700312227	0,137081835844	0,0141199474169	0,0597029839358	0,0632588941727
190800	0,274194194502	0,5638042654652636	0,0	0,12234746625473376	0,179270953713	0,103000516438	0,0762704021571	0,0949230283507	0,0	0,0690753933626	0,02436864817	0,134240087204	0,0541269343986	0,134240087204	0,00947862475655	0,0611101007291	0,0636513517719
191700	0,306375744961	0,5638042654652636	0,0	0,12234746625473376	0,201214520652	0,119232282995	0,0819821934315	0,105160959549	0,0	0,0737748733982	0,0236524484488	0,145432708894	0,0571555142271	0,145432708894	0,00280459675597	0,0730836043644	0,069544495798
192600	0,34234155073	0,5638042654652636	0,0	0,12234746625473376	0,223603205331	0,134782998503	0,0888201521593	0,118738014112	0,0	0,0904578391152	0,0350289842975	0,179011188811	0,065213571107	0,179011188811	0,00614385266261	0,0849885626881	0,100166459807
193500	0,304643179602	0,5638042654652636	0,0	0,12234746625473376	0,198926163445	0,115789062822	0,0831370573782	0,105716753781	0,0	0,0798981568737	0,020636608328	0,146566530761	0,059684928653	0,146566530761	0,00539503017592	0,0721196027109	0,0690518857458
194400	0,326484677322	0,5638042654652636	0,0	0,12234746625473376	0,212450981381	0,122052957272	0,090397974793	0,114033394173	0,0	0,0868479722835	0,0272278945365	0,158559138377	0,069550052709	0,158559138377	0,0191868216035	0,0689809333377	0,0703913697855
195300	0,346204443608	0,5638042654652636	0,0	0,12234746625473376	0,227202408697	0,125813895633	0,101388456577	0,119001696752	0,0	0,0889144657091	0,0206546882392	0,164721757148	0,0638490185027	0,164721757148	0,00704686464832	0,0816096607053	0,0760652165715
196200	0,377186616373	0,5638042654652636	0,0	0,12234746625473376	0,246713919579	0,143805074262	0,102908778803	0,130472294863	0,0	0,0906375185084	0,0365843246833	0,186470089015	0,0712239581741	0,186470089015	0,00249669050867	0,0948293409447	0,0891440377726
197100	0,396689767879	0,5638042654652636	0,0	0,12234746625473376	0,259445104434	0,155871678545	0,103573352281	0,137244218873	0,0	0,10022105887	0,0367282205611	0,19778568947	0,0764077073825	0,19778568947	0,0011584814052	0,0990618043074	0,0975653813469
198000	0,411546587433	0,5638042654652636	0,0	0,12234746625473376	0,268796076008	0,159121017569	0,109674979455	0,142750032661	0,0	0,10708109904	0,0345959526574	0,195299178746	0,0891277966831	0,195299178746	0,016589171185	0,0890760307009	0,0896339558715
198900	0,42325582577	0,5638042654652636	0,0	0,12234746625473376	0,274533341561	0,157277002359	0,117256256828	0,148721976375	0,0	0,116335800381	0,0345299047156	0,199786072943	0,0998014896198	0,199786072943	0,0267161827805	0,0813486760824	0,091721192415
199800	0,437837216723	0,5638042654652636	0,0	0,12234746625473376	0,283039143486	0,161766002417	0,121273053495	0,154797529089	0,0	0,126539284905	0,0515252433303	0,23738845313	0,0954734688869	0,23738845313	0,0104834894864	0,12073654154	0,106168390614
200700	0,552548821357	0,5638042654652636	0,0	0,12234746625473376	0,357294432126	0,206558903701	0,150735388882	0,195253522707	0,0	0,155143476632	0,0823603593122	0,308437226504	0,124319913485	0,308437226504	0,00157498418866	0,149912887754	0,160099267829
201600	0,749020382089	0,5638042654652636	0,0	0,12234746625473376	0,494667877149	0,321202780667	0,173464827727	0,25435092608	0,0	0,167665245045	0,0993658644732	0,356666949562	0,164714738501	0,356666949562	0,0559956539839	0,153552029943	0,147119197678
202500	0,65262187209	0,5638042654652636	0,0	0,12234746625473376	0,423124322557	0,246623825405	0,176500301425	0,229496342051	0,0	0,176528697247	0,0852052374752	0,357084024331	0,134145956254	0,357084024331	0,00131188660541	0,169372831022	0,189023005892
203400	0,890377198843	0,5638042654652636	0,0	0,12234746625473376	0,58045165402	0,31783056672	0,262620718478	0,30992330234	0,0	0,243352190487	0,0548196125195	0,44521401446	0,162880572583	0,44521401446	0,00655228941814	0,236456359062	0,215309829964
204300	0,943374497597	0,5638042654652636	0,0	0,12234746625473376	0,607903308101	0,346248745472	0,261654158608	0,33546866021	0,0	0,27304525918	0,0581397188368	0,49724334615	0,169409676173	0,49724334615	0,028047670426	0,277895171517	0,247395698032
205200	1,20812512293	0,5638042654652636	0,0	0,12234746625473376	0,780398122939	0,463675482275	0,316722640687	0,427727000459	0,0	0,310743814472	0,0995830455228	0,613195046409	0,224858814104	0,613195046409	0,00782936697436	0,30655737199	0,314467041465
206100	1,1981951613	0,5638042654652636	0,0	0,12234746625473376	0,791064987063	0,436180168329	0,354884818814	0,40713017463	0,0	0,285264746883	0,129266851912	0,610159178044	0,21150259541	0,610159178044	0,0352312799451	0,325809086023	0,319581371885
207000	0,681473438283	0,5638042654652636	0,0	0,12234746625473376	0,445115108544	0,28048240236	0,185550919616	0,257275426276	0,0	0,21229924846	0,103569787986	0,407277940141	0,18678454537	0,407277940141	0,0814132580204	0,189131557753	0,157651435208
207900	0,696690762393	0,5638042654652636	0,0	0,12234746625473376	0,478079690851	0,332595294583	0,179007483108	0,252133035045	0,0	0,186596727109	0,0855057445649	0,399986827951	0,157771626311	0,399986827951	0,063840870322	0,15153299107	0,218136169855
208800	0,0268795468751	0,5638042654652636	0,0	0,12234746625473376	0,00948785600947	0,0264313254063	0,0446791481781	0,0252552133197	0,0	0,00958921937085	0,0284494961835	0,100575039372	0,0325575027707	0,100575039372	0,0488099329059	0,0451901764233	0,165817382148
209700	0,627305553596	0,5638042654652636	0,0	0,12234746625473376	0,340586643268	0,112632243655	0,123142102241	0,181907573773	0,0	0,280043025455	0,0942344628633	0,309640507908	0,141732291543	0,309640507908	0,0216234345578	0,117620240449	0,10883122078
210600	0,00832654969061	0,5638042654652636	0,0	0,12234746625473376	0,020317757244	0,0588308687945	0,0252841211761	0,035152924967	0,0	0,0553771342491	0,0315853183241	0,0493036448715	0,0258546744753	0,0493036448715	0,0347827040021	0,00510873208755	0,0732094220226
211500	1,28299771268	0,5638042654652636	0,0	0,12234746625473376	0,749929065614	0,462141796686	0,165169477193	0,410449237393	0,0	0,385914074591	0,213213864369	0,645024321111	0,24193787335	0,645024321111	0,1505169391	0,344789166349	0,328137807666
212400	0,259939223097	0,5638042654652636	0,0	0,12234746625473376	0,118586606343	0,100398768119	0,0537511472275	0,0694137925622	0,0	0,0928451956103	0,0911563179388	0,094083350927	0,0873929629216	0,094083350927	0,00811736176695	0,0392863760742	0,0533133348613
213300	1,21908491726	0,5638042654652636	0,0	0,12234746625473376	0,737973022397	0,398930190283	0,230572254451	0,372639908722	0,0	0,327423627638	0,16566591846	0,501100409043	0,256160615951	0,501100409043	0,0318627833416	0,206861061514	0,217634179243
214200	1,86163807993	0,5638042654652636	0,0	0,12234746625473376	1,14075806871	0,632710877949	0,363028435732	0,575858346566	0,0	0,422905002626	0,264655421765	0,74431494629	0,37408950413	0,74431494629	0,0469473425557	0,313732813536	0,332516103845
215100	0,601123698163	0,5638042654652636	0,0	0,12234746625473376	0,332505641402	0,143652657889	0,0873318696794	0,167097816808	0,0	0,111705781743	0,0853043904536	0,159896124887	0,102690704367	0,159896124887	0,038405300373	0,00783257444288	0,0889475519541
216000	1,46192819541	0,5638042654652636	0,0	0,12234746625473376	0,903305074064	0,479062040178	0,295180486416	0,42955852283	0,0	0,281349729591	0,144353071493	0,465577419708	0,260624182548	0,465577419708	0,0240010869761	0,159817152416	0,200702161337
216900	2,15996213951	0,5638042654652636	0,0	0,12234746625473376	1,33252796581	0,726088972447	0,435065461795	0,656056626594	0,0	0,478776787282	0,2657271203	0,831429300459	0,3977635718	0,831429300459	0,0337175443493	0,39416727906	0,299613156651
217800	0,518744969614	0,5638042654652636	0,0	0,12234746625473376	0,296649152042	0,168126437958	0,0373562492319	0,130929988555	0,0	0,0861452795603	0,134224958344	0,205942976418	0,0541907520168	0,205942976418	0,123545512678	0,17246970821	0,0658521969767
218700	1,30518576628	0,5638042654652636	0,0	0,12234746625473376	0,780182756667	0,396139793062	0,258446754708	0,399405076551	0,0	0,358238582998	0,166962998906	0,524885354883	0,274127783718	0,524885354883	0,067634313637	0,310407845652	0,156518883105
219600	2,47690020018	0,5638042654652636	0,0	0,12234746625473376	1,52205885014	0,804571218757	0,526227922547	0,763576523526	0,0	0,616899742858	0,279095263212	0,969333063715	0,498986476705	0,969333063715	0,0544263054581	0,507607250675	0,324901758958
220500	3,13938347101	0,5638042654652636	0,0	0,12234746625473376	1,90510500496	1,04449960954	0,631792843259	1,00545825441	0,0	0,840351077694	0,417969973643	1,36791174504	0,66706756219	1,36791174504	0,080281584654	0,646942809951	0,572453271131
221400	3,55515040337	0,5638042654652636	0,0	0,12234746625473376	2,17273012102	1,15858782804	0,773319046422	1,14158784482	0,0	0,965783840237	0,451650593152	1,56249944103	0,755714546633	1,56249944103	0,0743639192559	0,720850391175	0,675207983263
222300	0,612006956413	0,5638042654652636	0,0	0,12234746625473376	0,328922893717	0,217601194598	0,0170754146792	0,1888386969	0,0	0,19848762347	0,117803496655	0,247611039322	0,163272505106	0,247611039322	0,025086208461	0,0656129995826	0,112837772836
223200	0,642358719865	0,5638042654652636	0,0	0,12234746625473376	0,457791856502	0,222744823886	0,275190264838	0,224709174185	0,0	0,12296451483	0,0559685744379	0,36144765662	0,0823377719154	0,36144765662	0,032839716813	0,270475298833	0,163955412664
224100	0,368049393368	0,5638042654652636	0,0	0,12234746625473376	0,186504852197	0,0592919369038	0,0364706536933	0,0908026083638	0,0	0,169718910024	0,131886169148	0,180231131811	0,121434308956	0,180231131811	0,0451872712377	0,0380940196711	0,0965820572778
225000	0,459882425295	0,5638042654652636	0,0	0,12234746625473376	0,271301236245	0,126445682504	0,0588857066326	0,1026118346	0,0	0,0304451757037	0,0664324882713	0,0775758728291	0,0359437247385	0,0775758728291	0,0495528444112	0,0339321871473	0,075090955328
225900	0,0743751671224	0,5638042654652636	0,0	0,12234746625473376	0,0250460851897	0,0092281123465	0,0440535235893	0,0105424020004	0,0	0,0375207277447	0,112108871479	0,0129225136609	0,00874825250094	0,0129225136609	0,0772039972507	0,00447066364859	0,0257843585136
226800	0,74286791233	0,5638042654652636	0,0	0,12234746625473376	0,49261323657	0,27538943147	0,234062136817	0,267091706062	0,0	0,206865152606	0,0465393114389	0,314868816001	0,129386947315	0,314868816001	0,0132223422229	0,154220148004	0,164264843627
227700	0,434932525447	0,5638042654652636	0,0	0,12234746625473376	0,303156961504	0,17131872697	0,156355604728	0,156292501116	0,0	0,0782138608922	0,0574715519133	0,148837206226	0,052714946331	0,148837206226	0,0191598801262	0,0568122792399	0,0973824869876
228600	0,524443088882	0,5638042654652636	0,0	0,12234746625473376	0,348641511286	0,214244334252	0,152717689486	0,194121437717	0,0	0,133800998759	0,0245331803168	0,248533804875	0,12224224819	0,248533804875	0,0522309524782	0,096307265792	0,118316179603
229500	0,837248328888	0,5638042654652636	0,0	0,12234746625473376	0,544105622769	0,322037148527	0,228630353947	0,29970291629	0,0	0,236307341322	0,0535870411836	0,415874425405	0,180284585599	0,415874425405	0,0453169273969	0,170981701551	0,206137893757
230400	1,11469707305	0,5638042654652636	0,0	0,12234746625473376	0,72272663553	0,431918019984	0,290808615618	0,391970437879	0,0	0,278768190792	0,129085601467	0,569493188384	0,230331041827	0,569493188384	0,0164387421862	0,252739577928	0,300314868273
231300	0,897376828491	0,5638042654652636	0,0	0,12234746625473376	0,578387359525	0,33802693386	0,240360060008	0,318987180516	0,0	0,253694901211	0,0935993771043	0,470439331574	0,195841564483	0,470439331574	0,0528013362644	0,201591039121	0,216046835529
232200	1,04857836202	0,5638042654652636	0,0	0,12234746625473376	0,67626038215	0,403602478554	0,272657903648	0,372317980163	0,0	0,263804364345	0,123629629317	0,551840801011	0,207911172815	0,551840801011	0,0150420792712	0,255555138602	0,281243582988
233100	1,17087928005	0,5638042654652636	0,0	0,12234746625473376	0,76553863378	0,480938748288	0,284599885577	0,405340646658	0,0	0,251021671135	0,132006965894	0,574861432773	0,213507850969	0,574861432773	0,0146123645501	0,269816768278	0,290432299863
234000	0,986374087073	0,5638042654652636	0,0	0,12234746625473376	0,645333385655	0,409173024897	0,236159904222	0,341037953314	0,0	0,208690422953	0,136187284116	0,50144162235	0,184473414347	0,50144162235	0,00588660639771	0,242402401633	0,264925680605
234900	1,14391774094	0,5638042654652636	0,0	0,12234746625473376	0,759451658442	0,436009152401	0,323442506123	0,384466082849	0,0	0,241962445179	0,136373149321	0,537921324777	0,224880352645	0,537921324777	0,04067438413	0,222401346666	0,274845593831
235800	1,22828010176	0,5638042654652636	0,0	0,12234746625473376	0,819539584636	0,446705830746	0,372833753909	0,408740517576	0,0	0,260874490629	0,0769794442639	0,50771003541	0,238884417097	0,50771003541	0,0685813814934	0,186660639898	0,25246801402
236700	1,11964006569	0,5638042654652636	0,0	0,12234746625473376	0,740839106744	0,409751412662	0,331087694127	0,378800959283	0,0	0,282210778819	0,0987296248691	0,516181745564	0,243559617444	0,516181745564	0,046178745054	0,252924167921	0,21707883254
237600	1,10138834638	0,5638042654652636	0,0	0,12234746625473376	0,724478574203	0,416845691927	0,307632882355	0,376909772488	0,0	0,268074356516	0,109155940452	0,524594102321	0,229545967104	0,524594102321	0,0169865637633	0,263380355646	0,244227182846
238500	1,16278451265	0,5638042654652636	0,0	0,12234746625473376	0,772388888073	0,463793537108	0,308595350945	0,390395624955	0,0	0,264230626175	0,0945080905679	0,50832999297	0,240804348755	0,50832999297	0,046511813261	0,242947318236	0,21887086139
239400	1,28285329083	0,5638042654652636	0,0	0,12234746625473376	0,842665308993	0,489121066297	0,353544242748	0,440187982355	0,0	0,310699664987	0,127970146462	0,610351477613	0,268506316289	0,610351477613	0,052393012439	0,258691916628	0,299266548414
240300	1,3746924291	0,5638042654652636	0,0	0,12234746625473376	0,891106632058	0,510851911633	0,38025472053	0,483585797675	0,0	0,363590220579	0,140928944393	0,681749615592	0,306355347209	0,681749615592	0,100486231285	0,295081097307	0,286182286987
241200	1,40705347831	0,5638042654652636	0,0	0,12234746625473376	0,914726956417	0,527687171348	0,387039785138	0,492326522553	0,0	0,366126354282	0,0997922512426	0,681951235834	0,276293892293	0,681951235834	0,019456524206	0,341146574601	0,321348137065
242100	1,35744081353	0,5638042654652636	0,0	0,12234746625473376	0,879933895336	0,521114504452	0,358819390989	0,477506918795	0,0	0,355346474357	0,164516021609	0,688352091864	0,309017322991	0,688352091864	0,00915639688676	0,35825497661	0,320940718389
243000	1,42195156563	0,5638042654652636	0,0	0,12234746625473376	0,922738377897	0,565975592743	0,356762785199	0,499213188472	0,0	0,308309695161	0,161239454791	0,676699528996	0,292062809547	0,676699528996	0,0104564825794	0,365651343125	0,300591703448
243900	1,6366023299	0,5638042654652636	0,0	0,12234746625473376	1,06463427287	0,635036880691	0,429597392286	0,571968058081	0,0	0,399726176668	0,221543148274	0,799731539605	0,393505843554	0,799731539605	0,0551281903781	0,438426961348	0,306176387784
244800	1,54648158247	0,5638042654652636	0,0	0,12234746625473376	1,01266323109	0,598185802648	0,4144774285	0,533818352267	0,0	0,342103510168	0,177261843153	0,6793214615	0,373862244206	0,6793214615	0,0628101342434	0,31575156126	0,300759766069
245700	1,38695717849	0,5638042654652636	0,0	0,12234746625473376	0,929417311753	0,54397717942	0,385440132385	0,457539867355	0,0	0,21476771047	0,136171078563	0,588435904614	0,220042751867	0,588435904614	0,00815318402198	0,310146055365	0,286443033139
246600	1,14930021664	0,5638042654652636	0,0	0,12234746625473376	0,766765292481	0,4340828732	0,33268241932	0,382534924519	0,0	0,250680707804	0,0890492795444	0,519651787553	0,202613124258	0,519651787553	0,00715122127005	0,28715657821	0,239646430598
247500	1,21234408984	0,5638042654652636	0,0	0,12234746625473376	0,813084247091	0,471241558786	0,341842688382	0,399259843165	0,0	0,262444932032	0,0954206765141	0,538006998449	0,219118453445	0,538006998449	0,0162608155403	0,305077026387	0,249190787587
248400	1,2272720078	0,5638042654652636	0,0	0,12234746625473376	0,818930887108	0,457687809788	0,361243077322	0,408341121153	0,0	0,262689818533	0,0929030866504	0,530794697283	0,233139329093	0,530794697283	0,00268305661699	0,273729405953	0,259748347848
249300	1,16037701572	0,5638042654652636	0,0	0,12234746625473376	0,772843938283	0,44519881952	0,32764511876	0,387533077821	0,0	0,241373317343	0,111954677814	0,523399910377	0,217461162659	0,523399910377	0,00733200042266	0,287348026941	0,243383883929
250200	1,11883393596	0,5638042654652636	0,0	0,12234746625473376	0,745146359758	0,424600815239	0,320545544539	0,373687576553	0,0	0,229641686786	0,0989515364979	0,504016273707	0,198264526224	0,504016273707	0,00466908861528	0,262580907318	0,246104454904
251100	0,967992808324	0,5638042654652636	0,0	0,12234746625473376	0,627958416704	0,363991345671	0,263966639974	0,340031735914	0,0	0,252807000597	0,0964526877864	0,499407130252	0,189883665353	0,499407130252	0,00654247087062	0,283693200141	0,222256257106
252000	0,859873755182	0,5638042654652636	0,0	0,12234746625473376	0,556831493144	0,323320578329	0,233510575881	0,303040164898	0,0	0,225748737348	0,0902336835948	0,425498934895	0,19352315422	0,425498934895	0,0179046876182	0,2119791479	0,195614997927
252900	0,859373243541	0,5638042654652636	0,0	0,12234746625473376	0,554227236379	0,316628046608	0,23759885393	0,305143908954	0,0	0,227543941943	0,0824950033851	0,439923612107	0,175258738373	0,439923612107	0,0227412576515	0,203084974342	0,214097271615
253800	0,910624441564	0,5638042654652636	0,0	0,12234746625473376	0,587684138287	0,333572595177	0,254111165458	0,322937948019	0,0	0,252290019334	0,105045938527	0,4904948455	0,189778479568	0,4904948455	0,00690112368307	0,233769296981	0,249824287052
254700	0,912192932636	0,5638042654652636	0,0	0,12234746625473376	0,59175834719	0,327654196788	0,264103767266	0,320432227059	0,0	0,250950917567	0,0946431073757	0,476237809712	0,189787875398	0,476237809712	0,0157454352523	0,236146460012	0,224345786622
255600	0,803524155866	0,5638042654652636	0,0	0,12234746625473376	0,521898071081	0,29096027048	0,230937502629	0,281624255718	0,0	0,220777964854	0,0884931937561	0,424272979821	0,166621993944	0,424272979821	0,0123161764288	0,215087600421	0,196869101361
256500	0,701379804843	0,5638042654652636	0,0	0,12234746625473376	0,45829763048	0,252793481011	0,20550391961	0,243080784093	0,0	0,185926373809	0,0598644069462	0,338464617932	0,150406628515	0,338464617932	0,0321334869538	0,157627731046	0,148703337381
257400	0,699035957464	0,5638042654652636	0,0	0,12234746625473376	0,453280938353	0,255946603403	0,197334110273	0,245753633842	0,0	0,185220063743	0,0768480293415	0,349417856662	0,158403541278	0,349417856662	0,040429264169	0,156024750622	0,152963775566
258300	0,663121899245	0,5638042654652636	0,0	0,12234746625473376	0,431920229391	0,231287806881	0,200632218035	0,231200425542	0,0	0,181188993982	0,0572468216982	0,329192931712	0,140443018822	0,329192931712	0,031389306358	0,153593682339	0,144209883757
259200	0,617339191059	0,5638042654652636	0,0	0,12234746625473376	0,404424902935	0,217118731247	0,187305992514	0,212913212158	0,0	0,155464591255	0,0541031045833	0,29803399186	0,124446673777	0,29803399186	0,0206564816426	0,149229105117	0,128148356067
260100	0,542793967686	0,5638042654652636	0,0	0,12234746625473376	0,349205162129	0,208385079896	0,140819948903	0,193587967609	0,0	0,1453381473	0,0692008658227	0,291971241329	0,116155531559	0,291971241329	0,0048274604515	0,153420292489	0,13372344006
261000	0,57051822871	0,5638042654652636	0,0	0,12234746625473376	0,36707540424	0,21449016807	0,152585088903	0,203441898783	0,0	0,15920494785	0,057890269944	0,301555595584	0,118981292999	0,301555595584	0,0040019290983	0,162025127116	0,135528487661
261900	0,562200902249	0,5638042654652636	0,0	0,12234746625473376	0,362214538452	0,215228866384	0,146985528629	0,199985465393	0,0	0,15115897359	0,0610926312572	0,293373846854	0,118863004456	0,293373846854	0,0204893014086	0,141597637363	0,131286860516
262800	0,402106211463	0,5638042654652636	0,0	0,12234746625473376	0,259629864275	0,154381390806	0,105248399777	0,142475888007	0,0	0,110148172157	0,0552909260014	0,212899069584	0,0950158028651	0,212899069584	0,0289715787066	0,0902572671083	0,0936701992963
263700	0,443967201241	0,5638042654652636	0,0	0,12234746625473376	0,285463127429	0,171200444152	0,114262594156	0,158503513082	0,0	0,119802031906	0,0674540196413	0,244849529028	0,100909893661	0,244849529028	0,0132976982878	0,10793583931	0,12361595769
264600	0,391855262867	0,5638042654652636	0,0	0,12234746625473376	0,251192172213	0,151775977702	0,0994161255371	0,140662653261	0,0	0,113346688987	0,0579662428989	0,22156640016	0,0904090714459	0,22156640016	0,00960741354212	0,104709535928	0,107249423071
265500	0,408447521928	0,5638042654652636	0,0	0,12234746625473376	0,262294044636	0,157231125826	0,105062843588	0,146153002444	0,0	0,115137524874	0,0564182483593	0,230501377142	0,0872072771269	0,230501377142	0,00116182901418	0,112830648379	0,11883252703
266400	0,361606924763	0,5638042654652636	0,0	0,12234746625473376	0,234650132577	0,13360928258	0,101040789774	0,126956421598	0,0	0,0954333883678	0,0366353400545	0,180915686253	0,0781093763345	0,180915686253	0,0171136770166	0,0804307396485	0,0833712516086
267300	0,324642423762	0,5638042654652636	0,0	0,12234746625473376	0,212012386225	0,12167823248	0,090334104624	0,112629739603	0,0	0,0842343265011	0,0349067011643	0,163033817619	0,0687368804579	0,163033817619	0,0169955368882	0,0683082797021	0,0777299864478
