time	I_imag	d/dt
0	5,34981567315e-06	0
900	9,469719149e-06	6,86650579308e-08
1800	4,42981614639e-06	-8,39983833767e-08
2700	1,32344149222e-05	1,4674331293e-07
3600	1,27742254843e-05	-7,66982396422e-09
4500	1,13317099492e-05	-2,40419255863e-08
5400	8,20403758372e-06	-5,21278727572e-08
6300	6,82602120566e-06	-2,29669396343e-08
7200	7,9694770301e-06	1,90575970739e-08
8100	5,1578656101e-06	-4,68601903333e-08
9000	4,55477270862e-06	-1,00515483579e-08
9900	5,33882950669e-06	1,30676133011e-08
10800	4,28760575728e-06	-1,75203958234e-08
11700	4,18674793333e-06	-1,68096373259e-09
12600	4,95472912542e-06	1,27996865349e-08
13500	5,38731689357e-06	7,20979613587e-09
14400	4,39569723477e-06	-1,65269943133e-08
15300	3,83629755575e-06	-9,32332798378e-09
16200	5,34600395687e-06	2,5161773352e-08
17100	4,40622312623e-06	-1,5663013844e-08
18000	4,1989075327e-06	-3,45525989218e-09
18900	4,66690384859e-06	7,79993859821e-09
19800	4,01334823506e-06	-1,08925935588e-08
20700	4,9681302359e-06	1,59130333473e-08
21600	6,1250216294e-06	1,9281523225e-08
22500	6,53687857232e-06	6,86428238208e-09
23400	6,79483753611e-06	4,29931606318e-09
24300	6,49817928889e-06	-4,94430412045e-09
25200	8,0953146397e-06	2,66189225136e-08
26100	9,25442650586e-06	1,93185311026e-08
27000	9,02675833254e-06	-3,79446955528e-09
27900	1,19208067836e-05	4,82341408516e-08
28800	1,8375733629e-05	1,07582114089e-07
29700	2,05196400531e-05	3,5731773735e-08
30600	5,23658677616e-05	5,30770461809e-07
31500	3,94945262301e-05	-2,14522358859e-07
32400	2,65969293917e-05	-2,14959947306e-07
33300	3,03969576069e-05	6,33338035869e-08
34200	1,72645424676e-05	-2,18873585656e-07
35100	3,78869184001e-05	3,43706265543e-07
36000	9,48458126427e-06	-4,73372285597e-07
36900	2,10126529596e-05	1,92134528256e-07
37800	2,92900096434e-05	1,37955944729e-07
38700	-1,20334069798e-07	-4,90172395219e-07
39600	-3,75251662404e-07	-4,24862654344e-09
40500	-1,41895848487e-05	-2,30238886438e-07
41400	-9,13289315044e-06	8,42781949709e-08
42300	-3,35602042576e-06	9,6281212078e-08
43200	-2,62094760485e-06	1,22512136818e-08
44100	-4,02396822334e-07	3,69758463752e-08
45000	-1,83928717784e-06	-2,39481725918e-08
45900	-1,54045968824e-06	4,98045816008e-09
46800	-7,16855842473e-07	1,37267307627e-08
47700	-4,24801512586e-06	-5,88526547232e-08
48600	-1,80362259651e-06	4,07398754893e-08
49500	-7,09880341063e-07	1,82290375908e-08
50400	-6,25341649542e-06	-9,23922692393e-08
51300	-1,00183123805e-06	8,75264209562e-08
52200	-2,30275578416e-06	-2,16820757684e-08
53100	9,52090185086e-06	1,97060960584e-07
54000	9,36539671966e-06	-2,59175218667e-09
54900	-3,87700388837e-05	-8,02257260056e-07
55800	6,42361835199e-06	7,53227620595e-07
56700	5,22946558619e-05	7,64517291832e-07
57600	2,01667932928e-05	-5,35464376151e-07
58500	1,10273541622e-06	-3,17734297943e-07
59400	1,48153375069e-06	6,31330557444e-09
60300	1,09110361825e-06	-6,50716887394e-09
61200	1,68544443297e-06	9,90568024531e-09
62100	1,34039117988e-06	-5,75088755143e-09
63000	1,32888997844e-06	-1,91686690746e-10
63900	1,32151432282e-06	-1,22927593679e-10
64800	4,3480352168e-05	7,0264729742e-07
65700	1,52415021235e-06	-6,99270032594e-07
66600	1,30465257589e-06	-3,65829394106e-09
67500	9,19510399108e-07	-6,41903627968e-09
68400	1,81359556319e-06	1,49014194013e-08
69300	1,50143394396e-06	-5,20269365374e-09
70200	2,05341035654e-06	9,19960687624e-09
71100	2,85118996194e-06	1,32963267567e-08
72000	2,93724401018e-06	1,43423413734e-09
72900	2,47994083887e-06	-7,62171952181e-09
73800	1,93868612529e-06	-9,02091189304e-09
74700	1,80450529749e-06	-2,23634713001e-09
75600	1,08384885601e-06	-1,20109406913e-08
76500	1,15490725763e-06	1,18430669361e-09
77400	4,57762757633e-05	7,43689475094e-07
78300	1,24402735263e-06	-7,42204140177e-07
79200	4,18183962616e-05	6,76239481816e-07
80100	3,98085283769e-05	-3,34977980788e-08
81000	3,18373637808e-05	-1,32852743268e-07
81900	3,28038513482e-05	1,6108126124e-08
82800	2,37965188897e-05	-1,50122207642e-07
83700	2,01326873279e-05	-6,10638593633e-08
84600	2,07784936107e-05	1,07634380471e-08
85500	1,6277429407e-05	-7,50177367291e-08
86400	8,85313159095e-06	-1,23738296934e-07
87300	8,7250897218e-06	-2,13403115238e-09
88200	7,57154884919e-06	-1,92256812102e-08
89100	6,17094185431e-06	-2,33434499147e-08
90000	4,80930345166e-06	-2,26939733775e-08
90900	5,66719689716e-06	1,42982240917e-08
91800	4,15944835665e-06	-2,51291423418e-08
92700	4,73830889163e-06	9,64767558298e-09
93600	5,08472101234e-06	5,77353534522e-09
94500	4,5055099118e-06	-9,65351834235e-09
95400	4,26508512716e-06	-4,00707974403e-09
96300	3,74767196855e-06	-8,62355264345e-09
97200	3,86918966053e-06	2,02529486625e-09
98100	4,05497033399e-06	3,09634455762e-09
99000	4,07177090935e-06	2,80009589334e-10
99900	4,26023839376e-06	3,14112474031e-09
100800	3,17590312802e-06	-1,80722544291e-08
101700	3,79723119309e-06	1,03554677511e-08
102600	4,16997968277e-06	6,21247482802e-09
103500	3,82731386431e-06	-5,71109697436e-09
104400	5,82404976626e-06	3,32789316991e-08
105300	5,62124867295e-06	-3,38001822176e-09
106200	5,72180210257e-06	1,67589049365e-09
107100	9,32857461965e-06	6,01128752846e-08
108000	1,29724396144e-05	6,07310832462e-08
108900	1,57590752601e-05	4,64439274286e-08
109800	2,0744873299e-05	8,30966339816e-08
110700	2,06458110977e-05	-1,65103668953e-09
111600	2,78854163297e-05	1,20660087201e-07
112500	3,01364698538e-05	3,7517558735e-08
113400	3,81648603272e-05	1,3380650789e-07
114300	3,80743891574e-05	-1,50785283061e-09
115200	1,47312147524e-06	-6,10021128036e-07
116100	1,30817125408e-06	-2,74917035271e-09
117000	1,85433817047e-06	9,10278193986e-09
117900	4,2844014382e-05	6,83161270193e-07
118800	1,86578918539e-06	-6,82970419944e-07
119700	1,31594127497e-05	1,88227059405e-07
120600	-5,28500715088e-07	-2,2813189108e-07
121500	2,2831738212e-05	3,89337315451e-07
122400	-6,41901175074e-07	-3,91227323118e-07
123300	-6,24316945227e-07	2,93070497447e-10
124200	-6,49286758389e-07	-4,16163552694e-10
125100	-1,8817006713e-06	-2,05402318818e-08
126000	-1,80456749309e-06	1,28555297021e-09
126900	-1,94590626255e-06	-2,35564615779e-09
127800	-1,45312316243e-06	8,21305166877e-09
128700	-2,33013117982e-06	-1,46168002899e-08
129600	-2,12110133227e-06	3,48383079245e-09
130500	-1,57728123244e-06	9,06366833058e-09
131400	-1,41709163009e-06	2,66982670575e-09
132300	-1,37596204036e-06	6,85493162159e-10
133200	-1,04733888787e-06	5,47705254152e-09
134100	-3,49819044422e-05	-5,65576092572e-07
135000	-9,67061224757e-07	5,66914053623e-07
135900	-1,27813013707e-06	-5,18448187185e-09
136800	-7,26613988679e-07	9,19193580647e-09
137700	-2,50652949974e-06	-2,96652585177e-08
138600	-3,70010005555e-06	-1,98928425968e-08
139500	-5,82631265353e-07	5,195781317e-08
140400	-1,37599430397e-05	-2,19621862906e-07
141300	2,80961097946e-06	2,76159233652e-07
142200	3,05695543387e-07	-4,17319239346e-08
143100	3,96574269782e-06	6,10007859072e-08
144000	3,76765644139e-05	5,61847028601e-07
144900	3,54469501223e-05	-3,71602381929e-08
145800	2,64624910795e-05	-1,49740984046e-07
146700	4,30548909033e-05	2,76539997063e-07
147600	4,47369672055e-05	2,80346050368e-08
148500	1,30221103472e-06	-7,23912602847e-07
149400	1,42297083174e-06	2,01266328377e-09
150300	1,17423645345e-06	-4,14557297151e-09
151200	1,60343410009e-06	7,15329411058e-09
152100	1,50494446027e-06	-1,64149399702e-09
153000	1,98162608225e-06	7,9446936997e-09
153900	2,54857707029e-06	9,44918313409e-09
154800	3,10195534714e-06	9,22297128075e-09
155700	2,95214011571e-06	-2,49692052386e-09
156600	2,95534127802e-06	5,33527052343e-11
157500	2,23070726563e-06	-1,20772335399e-08
158400	1,73653657343e-06	-8,2361782034e-09
159300	1,7053552094e-06	-5,19689400354e-10
160200	1,29604502886e-06	-6,82183634235e-09
161100	1,4104036814e-06	1,90597754226e-09
162000	5,45876621983e-05	8,86287641948e-07
162900	1,2972204262e-06	-8,88174029535e-07
163800	1,26195711907e-06	-5,87721785465e-10
164700	3,9713438313e-05	6,40858019899e-07
165600	3,69766000712e-05	-4,56139706975e-08
166500	3,8750800913e-05	2,95700140304e-08
167400	3,40509557532e-05	-7,8330752664e-08
168300	2,73818991452e-05	-1,11150943467e-07
169200	2,90997129311e-05	2,86302297652e-08
170100	2,94405406295e-05	5,68046164135e-09
171000	2,27999427144e-05	-1,10676631918e-07
171900	2,39116404443e-05	1,85282954971e-08
172800	2,44725814984e-05	9,349017569e-09
173700	1,70617169492e-05	-1,23514409154e-07
174600	1,95549311074e-05	4,15535693035e-08
175500	1,27345930167e-05	-1,13672301511e-07
176400	9,05146983722e-06	-6,13853863247e-08
177300	1,04461887749e-05	2,32453156274e-08
178200	8,64092491616e-06	-3,00877309783e-08
179100	1,03785777846e-05	2,89608811401e-08
180000	7,45618451823e-06	-4,87065544389e-08
180900	5,02495262369e-06	-4,05205315757e-08
181800	4,45101761831e-06	-9,56558342309e-09
182700	5,32939817256e-06	1,46396759042e-08
183600	5,47137473067e-06	2,36627596845e-09
184500	4,57293279342e-06	-1,49740322876e-08
185400	4,52924284206e-06	-7,28165855905e-10
186300	3,82788019158e-06	-1,16893775081e-08
187200	4,30743215531e-06	7,99253272894e-09
188100	4,11289806431e-06	-3,2422348501e-09
189000	3,93621238414e-06	-2,94476133604e-09
189900	3,93692250129e-06	1,183528576e-11
190800	3,83784975131e-06	-1,65121249957e-09
191700	4,57831568942e-06	1,23410989685e-08
192600	6,27562979527e-06	2,82885684309e-08
193500	4,93271881323e-06	-2,23818497008e-08
194400	5,74786196753e-06	1,35857192383e-08
195300	6,23569011665e-06	8,13046915203e-09
196200	6,92716920192e-06	1,15246514213e-08
197100	8,05586489551e-06	1,8811594893e-08
198000	8,93072130915e-06	1,45809402275e-08
198900	9,98444039851e-06	1,75619848226e-08
199800	1,12375348895e-05	2,08849081838e-08
200700	1,73872045288e-05	1,02494493988e-07
201600	2,54271252169e-05	1,33998678135e-07
202500	2,33620072699e-05	-3,44186324504e-08
203400	4,39200909265e-05	3,42634727611e-07
204300	5,22626624334e-05	1,39042858449e-07
205200	1,83782415235e-06	-8,40413971352e-07
206100	1,72356797169e-06	-1,90426967765e-09
207000	2,94342620155e-05	4,6184490073e-07
207900	2,63957460099e-05	-5,06419334257e-08
208800	-4,38047902685e-08	-4,40659180003e-07
209700	-3,49680119113e-05	-5,82070118684e-07
210600	-2,57844101185e-08	5,82370458353e-07
211500	-1,24530149844e-06	-2,03252848053e-08
212400	-4,80016290177e-06	-5,92476900556e-08
213300	-6,55468041007e-07	6,90782476794e-08
214200	-1,5504897646e-06	-1,49170287265e-08
215100	-1,34272083371e-05	-1,97945309542e-07
216000	-6,47916588854e-07	2,12988195805e-07
216900	-1,91015122675e-06	-2,10372439649e-08
217800	-8,91101782208e-06	-1,16681109922e-07
218700	-7,42838045731e-07	1,36136329606e-07
219600	-2,63932772493e-06	-3,16081613199e-08
220500	-4,84656789767e-06	-3,67873362124e-08
221400	-6,3103180257e-06	-2,43958354672e-08
222300	-2,43062253357e-05	-2,99931788499e-07
223200	1,60122601336e-05	6,71974757821e-07
224100	-1,23614570771e-05	-4,72895286844e-07
225000	-2,78808992907e-06	1,59556119133e-07
225900	-5,30495260087e-07	3,76265778164e-08
226800	3,11938242296e-05	5,28738658161e-07
227700	6,90399326651e-06	-4,04830516051e-07
228600	1,42619355068e-05	1,22632370672e-07
229500	4,01534333352e-05	4,31524963806e-07
230400	1,48495319081e-06	-6,44474669072e-07
231300	4,61897948825e-05	7,45080694861e-07
232200	1,38054433011e-06	-7,46820842539e-07
233100	1,53056913648e-06	2,5004134395e-09
234000	4,17106688491e-05	6,69668328543e-07
234900	1,3127449347e-06	-6,73298731906e-07
235800	1,17348894248e-06	-2,32093320372e-09
236700	1,28432948187e-06	1,84734232316e-09
237600	1,33952080322e-06	9,19855355885e-10
238500	1,25994207351e-06	-1,32631216188e-09
239400	1,71773562627e-06	7,62989254599e-09
240300	1,95675922277e-06	3,98372660842e-09
241200	2,19043969161e-06	3,89467448054e-09
242100	2,16212053796e-06	-4,71985894064e-10
243000	2,01495582352e-06	-2,45274524076e-09
243900	2,72265849603e-06	1,17950445418e-08
244800	2,26462330934e-06	-7,63391977817e-09
245700	1,64929044776e-06	-1,02555476929e-08
246600	1,27882363755e-06	-6,1744468368e-09
247500	1,39108267508e-06	1,87098395872e-09
248400	1,3284789793e-06	-1,0433949297e-09
249300	1,29773944021e-06	-5,123256514e-10
250200	1,19417554052e-06	-1,72606499482e-09
251100	4,96234430915e-05	8,07154459183e-07
252000	3,93679416809e-05	-1,7092502351e-07
252900	3,96711452793e-05	5,05339330679e-09
253800	4,66070571417e-05	1,1559853104e-07
254700	4,64199766359e-05	-3,11800843066e-09
255600	3,59695514086e-05	-1,74173753788e-07
256500	2,64272509367e-05	-1,59038341198e-07
257400	2,62552171985e-05	-2,86722896961e-09
258300	2,43555306753e-05	-3,16614420534e-08
259200	1,94451140321e-05	-8,18402773857e-08
260100	1,60070558936e-05	-5,73009689751e-08
261000	1,84300555619e-05	4,03833278048e-08
261900	1,72414317122e-05	-1,98103974948e-08
262800	8,98428870493e-06	-1,37619050122e-07
263700	1,07926235012e-05	3,01389132706e-08
264600	9,01484717284e-06	-2,9629605472e-08
265500	9,54361315665e-06	8,81276639672e-09
266400	6,99713160168e-06	-4,24413592495e-08
267300	5,54176051368e-06	-2,42561847999e-08
