time	sensor_1	sensor_2	sensor_3	sensor_4	sensor_5	sensor_6	sensor_7	sensor_8	sensor_9	sensor_10	sensor_11	sensor_12	sensor_13	sensor_14	sensor_15	sensor_16	sensor_17
0	1,89686308143e-05	6,98529833173e-06	0,0	1,24611563723e-05	1,24611563723e-05	7,35221851223e-06	5,17787317376e-06	6,98529833173e-06	0,0	5,34981567315e-06	1,6845131288e-06	1,00835305513e-05	3,99602798458e-06	1,00835305513e-05	2,29727502797e-07	5,03604555156e-06	4,84228864354e-06
900	3,91107072391e-05	1,40205714058e-05	0,0	2,60543848821e-05	2,60543848821e-05	1,61257636788e-05	1,00753719367e-05	1,40205714058e-05	0,0	9,469719149e-06	3,85721874217e-06	1,9724191814e-05	7,73331460905e-06	1,9724191814e-05	8,31242270759e-07	9,75022495272e-06	9,18635844644e-06
1800	5,48198477774e-06	1,79600704853e-06	0,0	3,81286201996e-06	3,81286201996e-06	2,04188013398e-06	1,79354408314e-06	1,79600704853e-06	0,0	1,11589319889e-06	6,78865881409e-07	1,55182808173e-06	6,85891628267e-07	1,55182808173e-06	5,10459430802e-07	3,70135275089e-07	6,7285442969e-07
2700	5,34304376202e-05	1,91913004672e-05	0,0	3,55583159131e-05	3,55583159131e-05	2,15563899218e-05	1,42014004519e-05	1,91913004672e-05	0,0	1,32344149222e-05	4,14947310703e-06	2,6195521797e-05	1,05203214741e-05	2,6195521797e-05	1,12630218616e-06	1,30794396848e-05	1,20458524469e-05
3600	5,27456564655e-05	1,84817937362e-05	0,0	3,55419186496e-05	3,55419186496e-05	2,08641324259e-05	1,48792189751e-05	1,84817937362e-05	0,0	1,27742254843e-05	4,22128239433e-06	2,52159198084e-05	1,03949238501e-05	2,52159198084e-05	1,35062676071e-06	1,19799468494e-05	1,1937494879e-05
4500	4,12100693999e-05	1,47502263027e-05	0,0	2,74746202e-05	2,74746202e-05	1,50221805139e-05	1,26077065625e-05	1,47502263027e-05	0,0	1,13317099492e-05	2,97060080686e-06	2,0434467479e-05	8,73221325377e-06	2,0434467479e-05	1,33846776175e-06	9,15738784447e-06	9,98200965501e-06
5400	2,93800086123e-05	1,07091310099e-05	0,0	1,94048180719e-05	1,94048180719e-05	1,10003662031e-05	8,51253961786e-06	1,07091310099e-05	0,0	8,20403758372e-06	3,28080878244e-06	1,59739833651e-05	6,31868535829e-06	1,59739833651e-05	7,83418390062e-07	7,54022086886e-06	7,68824477729e-06
6300	2,40996345753e-05	8,91095571084e-06	0,0	1,5797756954e-05	1,5797756954e-05	9,36362643059e-06	6,52134091996e-06	8,91095571084e-06	0,0	6,82602120566e-06	3,50684040794e-06	1,38204273668e-05	5,5151211249e-06	1,38204273668e-05	1,08844940836e-06	6,27132427331e-06	6,49325325873e-06
7200	3,14357902718e-05	1,15396937276e-05	0,0	2,06858664864e-05	2,06858664864e-05	1,23636257133e-05	8,43690299132e-06	1,15396937276e-05	0,0	7,9694770301e-06	3,48054812991e-06	1,66149776917e-05	6,47255531014e-06	1,66149776917e-05	3,70395266263e-07	7,87078668811e-06	8,41473578288e-06
8100	2,02213359079e-05	7,29229419529e-06	0,0	1,34299668604e-05	1,34299668604e-05	8,23951259807e-06	5,26576283556e-06	7,29229419529e-06	0,0	5,1578656101e-06	1,99564596605e-06	1,05029817178e-05	4,00325006964e-06	1,05029817178e-05	3,89245375363e-08	5,31044137364e-06	5,17972895191e-06
9000	1,81476962722e-05	6,50264911061e-06	0,0	1,20923717196e-05	1,20923717196e-05	7,37993145467e-06	4,78042820854e-06	6,50264911061e-06	0,0	4,55477270862e-06	1,40873489032e-06	8,81114699782e-06	3,7024629004e-06	8,81114699782e-06	3,6988323551e-07	4,15008189845e-06	4,31024915908e-06
9900	1,8779273166e-05	6,91328222937e-06	0,0	1,23389205339e-05	1,23389205339e-05	7,05930052318e-06	5,34795095142e-06	6,91328222937e-06	0,0	5,33882950669e-06	1,41843461337e-06	9,71236865434e-06	4,01434663802e-06	9,71236865434e-06	6,6077279843e-07	4,30815497873e-06	4,76486215459e-06
10800	1,53001920268e-05	5,55717823511e-06	0,0	1,01241908533e-05	1,01241908533e-05	5,77931148295e-06	4,40133115638e-06	5,55717823511e-06	0,0	4,28760575728e-06	1,42201423298e-06	8,10018610458e-06	3,21487006465e-06	8,10018610458e-06	5,20470044897e-07	3,60069140715e-06	3,99748760138e-06
11700	1,70202876298e-05	6,13925042795e-06	0,0	1,13027431562e-05	1,13027431562e-05	6,71652237603e-06	4,64942222046e-06	6,13925042795e-06	0,0	4,18674793333e-06	2,01938437067e-06	8,97637793296e-06	3,4218837869e-06	8,97637793296e-06	1,25897990009e-08	4,68827640816e-06	4,32346872223e-06
12600	1,96763014821e-05	7,1258544948e-06	0,0	1,30394982404e-05	1,30394982404e-05	7,93874295496e-06	5,17364624689e-06	7,1258544948e-06	0,0	4,95472912542e-06	2,09698623128e-06	1,03296259017e-05	3,90807428653e-06	1,03296259017e-05	5,9741943343e-08	5,37523408845e-06	5,0405071647e-06
13500	2,25498812115e-05	8,14817941486e-06	0,0	1,49611692375e-05	1,49611692375e-05	9,22817595823e-06	5,81689610025e-06	8,14817941486e-06	0,0	5,38731689357e-06	2,31822632089e-06	1,13871204676e-05	4,53027328439e-06	1,13871204676e-05	4,1541356354e-07	5,37090422578e-06	5,62675271081e-06
14400	1,74677201961e-05	6,30620924016e-06	0,0	1,15946078388e-05	1,15946078388e-05	6,98772196899e-06	4,67173617202e-06	6,30620924016e-06	0,0	4,39569723477e-06	1,69628199892e-06	8,72865375149e-06	3,71873599746e-06	8,72865375149e-06	7,77604797261e-07	3,72159302887e-06	4,24745567629e-06
15300	1,3766353283e-05	5,00942119417e-06	0,0	9,10040559892e-06	9,10040559892e-06	5,24875804231e-06	3,90231722827e-06	5,00942119417e-06	0,0	3,83629755575e-06	1,39741073706e-06	7,28248426615e-06	3,00453781854e-06	7,28248426615e-06	7,00168342994e-07	3,06951236243e-06	3,52849036414e-06
16200	1,91340667494e-05	7,06606716558e-06	0,0	1,25511014201e-05	1,25511014201e-05	7,37809669555e-06	5,24232980719e-06	7,06606716558e-06	0,0	5,34600395687e-06	2,49815809814e-06	1,0389798965e-05	4,58664907365e-06	1,0389798965e-05	1,1096769885e-07	5,7688341455e-06	4,53604653584e-06
17100	1,71082839479e-05	6,21648856106e-06	0,0	1,13181480125e-05	1,13181480125e-05	6,78053657457e-06	4,60068408778e-06	6,21648856106e-06	0,0	4,40622312623e-06	2,15021993595e-06	9,27753393643e-06	3,55213318538e-06	9,27753393643e-06	3,44213679641e-08	4,87928008297e-06	4,45694595766e-06
18000	1,71654057081e-05	6,19061162643e-06	0,0	1,14000468818e-05	1,14000468818e-05	6,84023270902e-06	4,62358826869e-06	6,19061162643e-06	0,0	4,1989075327e-06	1,03796342705e-06	8,18924491095e-06	3,28022777865e-06	8,18924491095e-06	1,37879483089e-07	4,1715029015e-06	3,89794853441e-06
18900	1,81945069932e-05	6,55851313038e-06	0,0	1,20865618363e-05	1,20865618363e-05	7,18637720028e-06	4,96778159539e-06	6,55851313038e-06	0,0	4,66690384859e-06	1,34355629359e-06	8,96536762824e-06	3,65224226379e-06	8,96536762824e-06	4,14920225287e-07	4,1674124496e-06	4,40258075868e-06
19800	1,56682374761e-05	5,61003756142e-06	0,0	1,0444194867e-05	1,0444194867e-05	6,11337982681e-06	4,38941199016e-06	5,61003756142e-06	0,0	4,01334823506e-06	1,32846638328e-06	7,80590368328e-06	3,18927689567e-06	7,80590368328e-06	6,97488553366e-07	3,41650646891e-06	3,70778527217e-06
20700	1,86495074448e-05	6,74244013455e-06	0,0	1,23699747329e-05	1,23699747329e-05	7,27767212073e-06	5,1613672207e-06	6,74244013455e-06	0,0	4,9681302359e-06	1,64826701104e-06	9,64714112217e-06	3,76714060012e-06	9,64714112217e-06	2,34088167247e-07	4,86355438589e-06	4,57223583237e-06
21600	2,19810561819e-05	8,05643041808e-06	0,0	1,44762008317e-05	1,44762008317e-05	8,76895983269e-06	5,78764177271e-06	8,05643041808e-06	0,0	6,1250216294e-06	2,34954151626e-06	1,21038465275e-05	4,50167814635e-06	1,21038465275e-05	2,22493308092e-07	7,02524843502e-06	5,33391340341e-06
22500	2,48142735493e-05	9,01312167546e-06	0,0	1,64193199036e-05	1,64193199036e-05	9,74410028955e-06	6,76669642418e-06	9,01312167546e-06	0,0	6,53687857232e-06	2,3512106032e-06	1,27753178029e-05	5,19963709305e-06	1,27753178029e-05	6,29549680827e-07	6,22618390654e-06	5,94803725227e-06
23400	2,68984488428e-05	9,73644702705e-06	0,0	1,78302530294e-05	1,78302530294e-05	1,03868996472e-05	7,54284062129e-06	9,73644702705e-06	0,0	6,79483753611e-06	2,17847550545e-06	1,3349532588e-05	5,43327190455e-06	1,3349532588e-05	8,6729984405e-07	5,9176409924e-06	6,59312301061e-06
24300	2,51053133895e-05	8,9930089706e-06	0,0	1,67309477548e-05	1,67309477548e-05	9,66893493269e-06	7,1558770444e-06	8,9930089706e-06	0,0	6,49817928889e-06	2,08288724208e-06	1,23679138358e-05	5,27464106584e-06	1,23679138358e-05	1,10620777871e-06	5,32362045505e-06	5,96313607278e-06
25200	3,18426242292e-05	1,14556141694e-05	0,0	2,11742637497e-05	2,11742637497e-05	1,26731144026e-05	8,61972810864e-06	1,14556141694e-05	0,0	8,0953146397e-06	3,52101642859e-06	1,66106506283e-05	6,5587077192e-06	1,66106506283e-05	3,07982755775e-07	7,88728044142e-06	8,45618909962e-06
26100	3,34700169056e-05	1,22452046508e-05	0,0	2,20633949757e-05	2,20633949757e-05	1,31447170784e-05	9,04115528653e-06	1,22452046508e-05	0,0	9,25442650586e-06	3,43305553116e-06	1,79899757113e-05	7,05146406944e-06	1,79899757113e-05	2,24114318116e-07	8,68901295772e-06	9,122749886e-06
27000	3,28362598934e-05	1,19861278483e-05	0,0	2,16713370274e-05	2,16713370274e-05	1,27269577038e-05	9,06477928604e-06	1,19861278483e-05	0,0	9,02675833254e-06	2,9686075228e-06	1,70591886234e-05	7,02209160248e-06	1,70591886234e-05	3,89436479307e-07	8,28975093955e-06	8,42091149163e-06
27900	4,17454637328e-05	1,53680829226e-05	0,0	2,74285294036e-05	2,74285294036e-05	1,5958126958e-05	1,1622135161e-05	1,53680829226e-05	0,0	1,19208067836e-05	4,22971339612e-06	2,26913902923e-05	8,96641266953e-06	2,26913902923e-05	1,26293787166e-07	1,08631938786e-05	1,17616646264e-05
28800	6,25240047174e-05	2,30985980789e-05	0,0	4,1004140542e-05	4,1004140542e-05	2,39043864916e-05	1,73261411778e-05	2,30985980789e-05	0,0	1,8375733629e-05	6,77528719392e-06	3,43621536969e-05	1,41038569824e-05	3,43621536969e-05	3,62274535394e-06	1,41434234622e-05	1,66718351619e-05
29700	8,39416233665e-05	2,95754470571e-05	0,0	5,64081999479e-05	5,64081999479e-05	3,20901285407e-05	2,46373215194e-05	2,95754470571e-05	0,0	2,05196400531e-05	6,40608986779e-06	4,04710299787e-05	1,62443536803e-05	4,04710299787e-05	2,74749738174e-06	1,89763447051e-05	1,88290604295e-05
30600	0,000167134941875	6,26025441533e-05	0,0	0,000108799740414	0,000108799740414	6,55723968549e-05	4,38241757777e-05	6,26025441533e-05	0,0	5,23658677616e-05	2,52382937619e-05	9,90512801344e-05	4,18505250989e-05	9,90512801344e-05	1,13844076995e-05	4,25716776085e-05	4,53212905923e-05
31500	0,00012977663322	4,79031585665e-05	0,0	8,51472441253e-05	8,51472441253e-05	4,94065374081e-05	3,62109308065e-05	4,79031585665e-05	0,0	3,94945262301e-05	1,03248567949e-05	7,21745062937e-05	2,59911288706e-05	7,21745062937e-05	5,02212350767e-06	3,52900208861e-05	4,21399458687e-05
32400	8,48414001231e-05	3,17265563163e-05	0,0	5,52786203585e-05	5,52786203585e-05	3,22422131871e-05	2,33396492336e-05	3,17265563163e-05	0,0	2,65969293917e-05	1,09307736915e-05	4,829059004e-05	2,12893788287e-05	4,829059004e-05	5,79925159199e-06	2,07943035026e-05	2,18017860755e-05
33300	9,84208880087e-05	3,67104569976e-05	0,0	6,42150241966e-05	6,42150241966e-05	3,72674176342e-05	2,73003728592e-05	3,67104569976e-05	0,0	3,03969576069e-05	1,4502898742e-05	5,66971963546e-05	2,53045746153e-05	5,66971963546e-05	6,84883479092e-06	2,4919687243e-05	2,50521084455e-05
34200	7,9273379539e-05	2,84575634828e-05	0,0	5,44975442287e-05	5,44975442287e-05	2,86478783044e-05	2,78907181083e-05	2,84575634828e-05	0,0	1,72645424676e-05	9,98018989707e-06	4,11923008573e-05	1,64920192323e-05	4,11923008573e-05	2,6977988804e-06	1,97544353673e-05	2,05906191726e-05
35100	0,000166272797429	5,88503763407e-05	0,0	0,000111479989391	0,000111479989391	7,31826656546e-05	3,89399426581e-05	5,88503763407e-05	0,0	3,78869184001e-05	2,38218259773e-05	8,75793596863e-05	3,35004128216e-05	8,75793596863e-05	5,77163921279e-07	4,72955363954e-05	4,10842036299e-05
36000	3,46213291983e-05	1,32860777722e-05	0,0	2,49994556128e-05	2,49994556128e-05	1,95488424457e-05	8,36626836295e-06	1,32860777722e-05	0,0	9,48458126427e-06	5,86973880303e-06	2,36813191234e-05	7,93766297993e-06	2,36813191234e-05	3,75146921023e-06	1,17040590049e-05	1,11143742042e-05
36900	5,16535836658e-05	2,21390186719e-05	0,0	3,43559236076e-05	3,43559236076e-05	2,09905939445e-05	1,68898040841e-05	2,21390186719e-05	0,0	2,10126529596e-05	6,57334982041e-06	3,91695823766e-05	1,43036792731e-05	3,91695823766e-05	5,75074566677e-06	1,72520880525e-05	1,97343222723e-05
37800	9,47929688449e-05	3,88438958691e-05	0,0	6,28395376734e-05	6,28395376734e-05	3,89170234219e-05	2,85189133051e-05	3,88438958691e-05	0,0	2,92900096434e-05	1,81122758102e-05	7,0340971108e-05	2,08227636831e-05	7,0340971108e-05	2,88435826858e-06	3,3219228405e-05	4,47045865387e-05
38700	-1,28591728341e-06	-4,7505548112e-08	0,0	-5,48533395137e-07	-5,48533395137e-07	-9,17685508567e-08	-4,22850589394e-07	-4,7505548112e-08	0,0	-1,20334069798e-07	-7,4257534013e-07	-5,16373633176e-07	-2,2811740634e-07	-5,16373633176e-07	-5,77556532031e-07	-8,07693626201e-07	-5,96712076191e-09
39600	-1,22427492405e-05	-1,61679071987e-06	0,0	-7,56937709439e-06	-7,56937709439e-06	-2,24190730279e-06	-1,43586953861e-06	-1,61679071987e-06	0,0	-3,75251662404e-07	-3,91568780359e-07	-2,20646361654e-06	-1,75470008108e-07	-2,20646361654e-06	-3,23384459349e-06	-1,80973640842e-06	-1,15502697544e-06
40500	-3,47546731987e-05	-9,78565575046e-06	0,0	-2,0721775668e-05	-2,0721775668e-05	-8,37103882113e-06	-5,79065201862e-06	-9,78565575046e-06	0,0	-1,41895848487e-05	-3,03783948562e-06	-1,07854825596e-05	-9,69824594444e-06	-1,07854825596e-05	-3,16193126098e-07	-7,00958667844e-07	-2,77545522193e-06
41400	-6,61291824546e-05	-1,84788371841e-05	0,0	-4,25935535717e-05	-4,25935535717e-05	-2,28035021314e-05	-1,0467095291e-05	-1,84788371841e-05	0,0	-9,13289315044e-06	-7,56085105134e-06	-1,34449808499e-05	-1,22326255169e-05	-1,34449808499e-05	-2,20103138414e-06	-2,01963585632e-06	-3,43717647737e-06
42300	-6,82157407212e-05	-1,58111930728e-06	0,0	-2,62077070384e-05	-2,62077070384e-05	-1,23189587999e-05	-8,68076398226e-06	-1,58111930728e-06	0,0	-3,35602042576e-06	-2,28638302088e-06	-1,82788946816e-06	-1,04206043002e-06	-1,82788946816e-06	5,80765868151e-07	-7,62526056586e-07	-6,2199890261e-07
43200	-5,3198550157e-05	-1,14009136578e-06	0,0	-2,00630826503e-05	-2,00630826503e-05	-9,3735728079e-06	-6,55160228951e-06	-1,14009136578e-06	0,0	-2,62094760485e-06	-1,81733326354e-06	-1,46968347781e-06	-7,99106816983e-07	-1,46968347781e-06	4,47501011526e-07	-5,61519867215e-07	-6,09021953653e-07
44100	-1,24260513833e-05	-1,81322311845e-07	0,0	-4,76385838289e-06	-4,76385838289e-06	-2,23492491164e-06	-1,70249783033e-06	-1,81322311845e-07	0,0	-4,02396822334e-07	-3,31753121643e-07	-1,07602540328e-07	-9,82349463579e-08	-1,07602540328e-07	4,19914915812e-08	-3,31424877261e-08	-1,84355180941e-08
45000	-3,55940411711e-05	-1,39807476899e-06	0,0	-1,39796417714e-05	-1,39796417714e-05	-6,82088207864e-06	-4,88633456247e-06	-1,39807476899e-06	0,0	-1,83928717784e-06	-1,50367737108e-06	-1,44840809957e-06	-6,70155604461e-07	-1,44840809957e-06	-4,58464444828e-07	-5,19225898836e-07	-6,57561880024e-07
45900	-3,54228881282e-05	-1,24974788556e-06	0,0	-1,43894806283e-05	-1,43894806283e-05	-7,19134904326e-06	-5,1118172292e-06	-1,24974788556e-06	0,0	-1,54045968824e-06	-1,27303567013e-06	-9,19172705615e-07	-5,51590357022e-07	-9,19172705615e-07	2,99723083486e-07	-3,46757272026e-07	-3,62067967484e-07
46800	-1,70018475143e-05	-5,37951676884e-07	0,0	-6,78197836898e-06	-6,78197836898e-06	-3,31789238624e-06	-2,5071257561e-06	-5,37951676884e-07	0,0	-7,16855842473e-07	-5,5805759809e-07	-4,77763909567e-07	-2,63594549168e-07	-4,77763909567e-07	-1,50430050619e-07	-1,70163936749e-07	-2,89506833059e-07
47700	-7,902990395e-05	-2,01743940881e-06	0,0	-2,97875188086e-05	-2,97875188086e-05	-1,40531204475e-05	-9,71829642564e-06	-2,01743940881e-06	0,0	-4,24801512586e-06	-2,84009974788e-06	-2,63230838955e-06	-1,36623061148e-06	-2,63230838955e-06	-8,16621853974e-07	-1,16425430822e-06	-1,08179686135e-06
48600	-3,08210386958e-05	-7,58255480093e-07	0,0	-1,11566935155e-05	-1,11566935155e-05	-5,20602980833e-06	-3,57973940478e-06	-7,58255480093e-07	0,0	-1,80362259651e-06	-1,04653153282e-06	-1,17052912563e-06	-5,53903833969e-07	-1,17052912563e-06	-3,41184056215e-07	-4,30730904528e-07	-4,50973173597e-07
49500	-1,48425488617e-05	-2,83110950668e-07	0,0	-5,42852945377e-06	-5,42852945377e-06	-2,52798713691e-06	-1,77690751581e-06	-2,83110950668e-07	0,0	-7,09880341063e-07	-4,80329015649e-07	-2,80888157775e-07	-1,85172126437e-07	-2,80888157775e-07	9,71601222251e-08	-1,08544052815e-07	-8,61370518199e-08
50400	-0,00011055203946	-3,6281704258e-06	0,0	-4,33565559607e-05	-4,33565559607e-05	-2,08265830252e-05	-1,43732914505e-05	-3,6281704258e-06	0,0	-6,25341649542e-06	-4,23511836355e-06	-4,04298563413e-06	-2,13233824469e-06	-4,04298563413e-06	-1,22872751279e-06	-1,76423790744e-06	-1,50824007529e-06
51300	-1,67259211052e-05	-5,73580625342e-07	0,0	-6,52443124717e-06	-6,52443124717e-06	-3,16360021047e-06	-2,19538103549e-06	-5,73580625342e-07	0,0	-1,00183123805e-06	-5,75374003986e-07	-5,44238373955e-07	-3,04549766221e-07	-5,44238373955e-07	-1,76646763686e-07	-2,21079130502e-07	-1,97552390884e-07
52200	-6,36161817776e-06	-1,18934353831e-06	0,0	-3,20510912786e-06	-3,20510912786e-06	-9,64234795455e-07	-1,80104829569e-07	-1,18934353831e-06	0,0	-2,30275578416e-06	-1,39503704526e-06	-3,44106330739e-07	-2,10795181478e-06	-3,44106330739e-07	-7,17262265693e-07	-1,08331107333e-06	-1,77133108952e-06
53100	4,53429725919e-05	1,81081696294e-05	0,0	3,10293809604e-05	3,10293809604e-05	1,98370763841e-05	1,39294710653e-05	1,81081696294e-05	0,0	9,52090185086e-06	5,79185984625e-06	2,75199810468e-05	8,68476945997e-06	2,75199810468e-05	4,37289679257e-07	1,59632955276e-05	1,47162214431e-05
54000	4,21650721581e-05	1,70275084961e-05	0,0	2,9395078887e-05	2,9395078887e-05	1,91933152003e-05	1,34688407303e-05	1,70275084961e-05	0,0	9,36539671966e-06	3,23010402967e-06	2,46088917834e-05	8,31635569847e-06	2,46088917834e-05	1,2205723059e-06	9,02241066521e-06	1,76357522848e-05
54900	-0,000109506749751	-3,4997254992e-05	0,0	-6,79194851827e-05	-6,79194851827e-05	-3,53735367314e-05	-1,88561092005e-05	-3,4997254992e-05	0,0	-3,87700388837e-05	-1,79731904004e-05	-5,62190124515e-05	-2,21845369977e-05	-5,62190124515e-05	-1,25154548593e-05	-3,08846253152e-05	-2,30114499965e-05
55800	1,65524679189e-05	7,17570966628e-06	0,0	1,13978928212e-05	1,13978928212e-05	6,64100716614e-06	6,35593309508e-06	7,17570966628e-06	0,0	6,42361835199e-06	2,2194668369e-06	1,27748064429e-05	4,72231778706e-06	1,27748064429e-05	8,28605308294e-07	4,2267901758e-06	9,36476739777e-06
56700	0,000166351289034	6,25121595695e-05	0,0	0,000108098180069	0,000108098180069	6,36780972967e-05	4,50113570465e-05	6,25121595695e-05	0,0	5,22946558619e-05	2,70316689416e-05	0,000103294472549	3,92898523185e-05	0,000103294472549	1,17646642589e-06	4,28717651337e-05	6,19459449175e-05
57600	6,7162602215e-05	2,52854527191e-05	0,0	4,45010904143e-05	4,45010904143e-05	2,62181784876e-05	1,94277063189e-05	2,52854527191e-05	0,0	2,01667932928e-05	6,53078426241e-06	3,70320011154e-05	1,60991715265e-05	3,70320011154e-05	5,50589864981e-06	1,71222556715e-05	1,53983293479e-05
58500	2,52810476961e-05	4,0298223214e-06	0,0	7,15270231163e-06	7,15270231163e-06	2,76211516246e-06	2,0115605743e-06	4,0298223214e-06	0,0	1,10273541622e-06	5,47623420082e-07	1,34020749216e-06	4,6477045265e-07	1,34020749216e-06	-1,74785417911e-07	4,97711872286e-07	4,08407046911e-07
59400	3,15167350968e-05	5,1089143887e-06	0,0	9,03832007141e-06	9,03832007141e-06	3,56075083298e-06	2,55365972058e-06	5,1089143887e-06	0,0	1,48153375069e-06	7,87533058829e-07	1,94360017177e-06	6,31905506237e-07	1,94360017177e-06	-2,54067848581e-07	7,35739221873e-07	5,96111163186e-07
60300	2,88775828691e-05	4,37786789732e-06	0,0	8,02697781119e-06	8,02697781119e-06	3,02555268788e-06	2,12910882731e-06	4,37786789732e-06	0,0	1,09110361825e-06	6,45934476298e-07	1,52163073049e-06	4,88191960681e-07	1,52163073049e-06	-2,13219481823e-07	5,63424051176e-07	5,18778138234e-07
61200	3,74516621612e-05	6,00792298631e-06	0,0	1,07220623501e-05	1,07220623501e-05	4,29052202651e-06	2,90804150775e-06	6,00792298631e-06	0,0	1,68544443297e-06	9,55145197133e-07	2,43173567782e-06	7,32060002429e-07	2,43173567782e-06	-3,73494511359e-07	9,50171692721e-07	8,73196542934e-07
62100	2,85793199467e-05	4,56059329242e-06	0,0	8,18532518037e-06	8,18532518037e-06	3,21674541152e-06	2,2514209214e-06	4,56059329242e-06	0,0	1,34039117988e-06	7,7657192022e-07	1,95903576798e-06	5,71751822791e-07	1,95903576798e-06	3,13019668113e-07	7,55657892905e-07	7,37241034171e-07
63000	2,96565675664e-05	4,70961998873e-06	0,0	8,48411206904e-06	8,48411206904e-06	3,34016398563e-06	2,31365807346e-06	4,70961998873e-06	0,0	1,32888997844e-06	7,96412951417e-07	2,008943997e-06	5,77485503159e-07	2,008943997e-06	3,20809196551e-07	7,45434261243e-07	7,99844752767e-07
63900	2,71977255041e-05	4,50320736565e-06	0,0	7,9243091208e-06	7,9243091208e-06	3,33451916901e-06	2,11279114444e-06	4,50320736565e-06	0,0	1,32151432282e-06	7,71346423821e-07	1,98109375336e-06	5,83431094916e-07	1,98109375336e-06	3,12585228504e-07	7,57620546495e-07	7,47584880326e-07
64800	0,000164386278761	6,06962998797e-05	0,0	0,000107837409897	0,000107837409897	6,31606427133e-05	4,52720283557e-05	6,06962998797e-05	0,0	4,3480352168e-05	1,72904994577e-05	8,72007477283e-05	3,4783535164e-05	8,72007477283e-05	3,50101478839e-07	4,27049449366e-05	4,50735976744e-05
65700	3,23739808838e-05	5,31848414899e-06	0,0	9,34492517841e-06	9,34492517841e-06	3,77625181626e-06	2,60794198414e-06	5,31848414899e-06	0,0	1,52415021235e-06	8,30628518812e-07	2,10425945241e-06	6,55637560112e-07	2,10425945241e-06	-3,07091737041e-07	7,71357890333e-07	7,41113861892e-07
66600	3,07933024734e-05	4,88222191572e-06	0,0	8,73832288879e-06	8,73832288879e-06	3,50726709073e-06	2,30125087501e-06	4,88222191572e-06	0,0	1,30465257589e-06	7,01426161957e-07	1,87439010935e-06	5,5395260977e-07	1,87439010935e-06	2,89875252713e-07	6,68428381363e-07	7,37737562626e-07
67500	2,48795033279e-05	3,77801704281e-06	0,0	6,86820693746e-06	6,86820693746e-06	2,55830709248e-06	1,85813629386e-06	3,77801704281e-06	0,0	9,19510399108e-07	4,30108700412e-07	1,07615248511e-06	3,74063028033e-07	1,07615248511e-06	-1,20853519789e-07	3,22536672871e-07	3,46689044377e-07
68400	4,85910040725e-05	7,19169239015e-06	0,0	1,31552700188e-05	1,31552700188e-05	4,83345906687e-06	3,37361153448e-06	7,19169239015e-06	0,0	1,81359556319e-06	8,34845039256e-07	2,00218385234e-06	7,32224741714e-07	2,00218385234e-06	-1,72236353862e-07	5,20365838646e-07	5,5986428983e-07
69300	3,97844350201e-05	5,94464425281e-06	0,0	1,08750237325e-05	1,08750237325e-05	4,01586881346e-06	2,84664240381e-06	5,94464425281e-06	0,0	1,50143394396e-06	6,94768876442e-07	1,79009110854e-06	5,87525756136e-07	1,79009110854e-06	-2,15607111723e-07	5,40709805593e-07	5,93556492736e-07
70200	5,14022618269e-05	7,78750002458e-06	0,0	1,41498760514e-05	1,41498760514e-05	5,3822969034e-06	3,63099783117e-06	7,78750002458e-06	0,0	2,05341035654e-06	1,04109372177e-06	2,61532641773e-06	8,38775152909e-07	2,61532641773e-06	-3,3113687771e-07	8,61810421457e-07	8,35491028444e-07
71100	6,33564755903e-05	1,02316390686e-05	0,0	1,80386525267e-05	1,80386525267e-05	7,16106372075e-06	4,97739005546e-06	1,02316390686e-05	0,0	2,85118996194e-06	1,51161317564e-06	3,73805767534e-06	1,19623016548e-06	3,73805767534e-06	-4,62942178598e-07	1,16327870089e-06	1,22893515971e-06
72000	6,83403796762e-05	1,09355337977e-05	0,0	1,93844745174e-05	1,93844745174e-05	7,67546868361e-06	5,29743265127e-06	1,09355337977e-05	0,0	2,93724401018e-06	1,50959892136e-06	3,91140857714e-06	1,17281845938e-06	3,91140857714e-06	5,40063076562e-07	1,31532031292e-06	1,25929207578e-06
72900	4,85508189144e-05	8,0166788563e-06	0,0	1,40909006701e-05	1,40909006701e-05	5,69482894694e-06	3,94433817599e-06	8,0166788563e-06	0,0	2,47994083887e-06	1,39361538514e-06	3,52778116516e-06	1,05357566322e-06	3,52778116516e-06	-5,33769876379e-07	1,24627660598e-06	1,36443663383e-06
73800	4,52109124399e-05	7,17324649194e-06	0,0	1,27697816503e-05	1,27697816503e-05	5,03553240481e-06	3,4344589628e-06	7,17324649194e-06	0,0	1,93868612529e-06	1,03010476735e-06	2,60907557079e-06	8,3600370248e-07	2,60907557079e-06	-3,60414816825e-07	8,70138927142e-07	9,74161463376e-07
74700	4,06652772075e-05	6,45290068195e-06	0,0	1,1545003151e-05	1,1545003151e-05	4,55052050294e-06	3,11700433494e-06	6,45290068195e-06	0,0	1,80450529749e-06	9,05783679759e-07	2,53220799314e-06	7,28560473772e-07	2,53220799314e-06	4,10892369597e-07	9,43874775892e-07	1,02200177189e-06
75600	2,79886527475e-05	4,28500910057e-06	0,0	7,77975901156e-06	7,77975901156e-06	3,05346041648e-06	1,95839727777e-06	4,28500910057e-06	0,0	1,08384885601e-06	6,25617883176e-07	1,5473802878e-06	4,72997429584e-07	1,5473802878e-06	-2,28474073725e-07	5,36523821227e-07	5,69773786065e-07
76500	2,85214777058e-05	4,47567048967e-06	0,0	8,0415537004e-06	8,0415537004e-06	3,23250490711e-06	2,06477325642e-06	4,47567048967e-06	0,0	1,15490725763e-06	6,5533544279e-07	1,68988793189e-06	4,92284600438e-07	1,68988793189e-06	2,58180667498e-07	6,11974654415e-07	6,15351071362e-07
77400	0,000166388674099	6,12029973727e-05	0,0	0,000109370605034	0,000109370605034	6,53546362309e-05	4,46211863844e-05	6,12029973727e-05	0,0	4,57762757633e-05	1,42898557376e-05	8,68038434634e-05	3,49693428411e-05	8,68038434634e-05	3,1579746071e-06	4,45799353632e-05	3,92648839068e-05
78300	2,5210559019e-05	4,08809431702e-06	0,0	7,21146275328e-06	7,21146275328e-06	2,93168556147e-06	1,91824443199e-06	4,08809431702e-06	0,0	1,24402735263e-06	6,61528170579e-07	1,70767283615e-06	5,21171320052e-07	1,70767283615e-06	-2,4234688765e-07	5,94136440968e-07	6,09205009892e-07
79200	0,000151916762246	5,59267232338e-05	0,0	9,98137502518e-05	9,98137502518e-05	6,02779044332e-05	4,00884340825e-05	5,59267232338e-05	0,0	4,18183962616e-05	1,90640441107e-05	8,2346043596e-05	3,49791657164e-05	8,2346043596e-05	4,26962713481e-06	3,93969763041e-05	3,88717394722e-05
80100	0,000140284389445	5,19638846597e-05	0,0	9,18694679131e-05	9,18694679131e-05	5,56422567192e-05	3,67343875957e-05	5,19638846597e-05	0,0	3,98085283769e-05	1,7007129052e-05	7,78889816317e-05	3,13847427305e-05	7,78889816317e-05	2,50016911843e-06	4,00204558554e-05	3,55600020893e-05
81000	0,000119359624902	4,39025106825e-05	0,0	7,84595125086e-05	7,84595125086e-05	4,74782252216e-05	3,14159900106e-05	4,39025106825e-05	0,0	3,18373637808e-05	1,4338454042e-05	6,41105250158e-05	2,63601447343e-05	6,41105250158e-05	1,10260089592e-06	2,98417811178e-05	3,33297580005e-05
81900	0,000131674684744	4,84331905276e-05	0,0	8,65535917733e-05	8,65535917733e-05	5,22929550285e-05	3,47400885513e-05	4,84331905276e-05	0,0	3,28038513482e-05	1,7700981369e-05	7,01382546994e-05	2,92263756123e-05	7,01382546994e-05	3,01557370671e-06	3,29391067306e-05	3,43491612422e-05
82800	8,86058959223e-05	3,28514456902e-05	0,0	5,79981188406e-05	5,79981188406e-05	3,39596451925e-05	2,43580335965e-05	3,28514456902e-05	0,0	2,37965188897e-05	1,25018346202e-05	4,92393093239e-05	2,02257647151e-05	4,92393093239e-05	4,94016244081e-07	2,36109424343e-05	2,52651425442e-05
83700	8,17311474102e-05	3,00099904656e-05	0,0	5,37744143035e-05	5,37744143035e-05	3,18732673821e-05	2,21989808396e-05	3,00099904656e-05	0,0	2,01326873279e-05	9,0509420236e-06	4,28659543866e-05	1,65764483164e-05	4,28659543866e-05	6,05546657231e-07	2,10247384222e-05	2,1341323635e-05
84600	7,81554049184e-05	2,8689032463e-05	0,0	5,14293808405e-05	5,14293808405e-05	3,09104993974e-05	2,08039979608e-05	2,8689032463e-05	0,0	2,07784936107e-05	8,8362466932e-06	4,16900222845e-05	1,68652740017e-05	4,16900222845e-05	5,02216140652e-07	2,19849635791e-05	1,93058631945e-05
85500	6,2475505445e-05	2,27888934664e-05	0,0	4,12479291567e-05	4,12479291567e-05	2,42562980977e-05	1,72208344446e-05	2,27888934664e-05	0,0	1,6277429407e-05	5,28925139787e-06	3,21100701079e-05	1,24266987599e-05	3,21100701079e-05	3,64796855206e-07	1,70783347884e-05	1,47434766645e-05
86400	3,64304151349e-05	1,2823385553e-05	0,0	2,44928335e-05	2,44928335e-05	1,44866798914e-05	1,01446970251e-05	1,2823385553e-05	0,0	8,85313159095e-06	2,24659600571e-06	1,72060120157e-05	6,80487346668e-06	1,72060120157e-05	6,3107705626e-07	8,72159388908e-06	7,88931053983e-06
87300	3,28534224515e-05	1,18369484113e-05	0,0	2,18296694143e-05	2,18296694143e-05	1,2855585912e-05	9,0961485536e-06	1,18369484113e-05	0,0	8,7250897218e-06	4,18037829281e-06	1,79353256556e-05	6,91848524165e-06	1,79353256556e-05	8,49454538977e-07	9,09506872291e-06	8,03290981463e-06
88200	3,28284173889e-05	1,16903680625e-05	0,0	2,19433099697e-05	2,19433099697e-05	1,33873962065e-05	8,6796419989e-06	1,16903680625e-05	0,0	7,57154884919e-06	3,77998765111e-06	1,67212326954e-05	6,41516438741e-06	1,67212326954e-05	3,58908075334e-07	8,44451019611e-06	7,95692053353e-06
89100	2,42682908942e-05	8,61208895239e-06	0,0	1,62499577064e-05	1,62499577064e-05	9,68244822399e-06	6,65909221377e-06	8,61208895239e-06	0,0	6,17094185431e-06	1,41935743336e-06	1,16452893922e-05	4,61768143689e-06	1,16452893922e-05	4,17470237309e-07	5,88083775136e-06	5,37176683339e-06
90000	1,89104696475e-05	6,70238859664e-06	0,0	1,26703300127e-05	1,26703300127e-05	7,38008391206e-06	5,36168572165e-06	6,70238859664e-06	0,0	4,80930345166e-06	5,99683794235e-07	8,65371406859e-06	3,49961053362e-06	8,65371406859e-06	2,28265118662e-07	4,26276199472e-06	4,18081424647e-06
90900	2,07814470454e-05	7,54664743769e-06	0,0	1,37524313184e-05	1,37524313184e-05	8,01641470727e-06	5,81262951439e-06	7,54664743769e-06	0,0	5,66719689716e-06	1,83444152647e-06	1,08183478318e-05	4,29283013197e-06	1,08183478318e-05	3,26031236015e-07	4,81780755114e-06	5,70094892742e-06
91800	1,48254051117e-05	5,36453129947e-06	0,0	9,82911832827e-06	9,82911832827e-06	5,51554555788e-06	4,36860129342e-06	5,36453129947e-06	0,0	4,15944835665e-06	1,32286512674e-06	7,79776352356e-06	3,0951841346e-06	7,79776352356e-06	4,48218679148e-07	3,64310523802e-06	3,72405527213e-06
92700	1,81352842691e-05	6,58809972682e-06	0,0	1,19990425679e-05	1,19990425679e-05	6,93646935337e-06	5,12942393784e-06	6,58809972682e-06	0,0	4,73830889163e-06	2,17888917216e-06	9,91263628833e-06	3,6532654792e-06	9,91263628833e-06	2,80336550283e-07	5,1114265972e-06	5,10947104288e-06
93600	1,90705894723e-05	6,99496617438e-06	0,0	1,25544690206e-05	1,25544690206e-05	7,60202166337e-06	5,02214745138e-06	6,99496617438e-06	0,0	5,08472101234e-06	2,13208705587e-06	1,04401898002e-05	3,83514132232e-06	1,04401898002e-05	3,31546993184e-07	5,66178311394e-06	5,13924099305e-06
94500	1,71434644185e-05	6,20569857893e-06	0,0	1,13637210674e-05	1,13637210674e-05	6,83389960218e-06	4,59328204469e-06	6,20569857893e-06	0,0	4,5055099118e-06	1,27095535486e-06	8,56305507606e-06	3,4662905189e-06	8,56305507606e-06	2,55658811135e-07	4,19750315139e-06	4,12925730116e-06
95400	1,56843025024e-05	5,70046292587e-06	0,0	1,03747868877e-05	1,03747868877e-05	6,10835071938e-06	4,3242083847e-06	5,70046292587e-06	0,0	4,26508512716e-06	1,25450299024e-06	7,9562521753e-06	3,30899865905e-06	7,9562521753e-06	5,16504271135e-07	3,44071095041e-06	4,0165896844e-06
96300	1,28882924948e-05	4,71998041259e-06	0,0	8,49153631167e-06	8,49153631167e-06	4,77424979007e-06	3,76451328577e-06	4,71998041259e-06	0,0	3,74767196855e-06	1,09498284831e-06	6,82083305911e-06	2,78254442215e-06	6,82083305911e-06	5,83092247504e-07	2,86915872349e-06	3,38368958558e-06
97200	1,44038949895e-05	5,26190157373e-06	0,0	9,50249542909e-06	9,50249542909e-06	5,53193139863e-06	4,02335406268e-06	5,26190157373e-06	0,0	3,86918966053e-06	1,56758782058e-06	7,74837964183e-06	2,99710162848e-06	7,74837964183e-06	4,16320131896e-08	3,95356859324e-06	3,77299634713e-06
98100	1,53775662843e-05	5,62614269821e-06	0,0	1,01367677028e-05	1,01367677028e-05	6,18351433778e-06	4,00964381469e-06	5,62614269821e-06	0,0	4,05497033399e-06	1,88901918648e-06	8,45629418628e-06	3,16602164998e-06	8,45629418628e-06	1,95089818603e-07	4,6036839393e-06	4,07102560342e-06
99000	1,58594460523e-05	5,78203004977e-06	0,0	1,04737062249e-05	1,04737062249e-05	6,26365147036e-06	4,26831723803e-06	5,78203004977e-06	0,0	4,07177090935e-06	1,45572529532e-06	8,13681377445e-06	3,21891731228e-06	8,13681377445e-06	6,68388835632e-08	4,0202129318e-06	4,06966313945e-06
99900	1,62319755136e-05	5,865587514e-06	0,0	1,07691453247e-05	1,07691453247e-05	6,27712431802e-06	4,55216173139e-06	5,865587514e-06	0,0	4,26023839376e-06	1,20184282174e-06	8,03799130425e-06	3,33380858364e-06	8,03799130425e-06	4,66551053493e-07	3,69011998102e-06	3,89852991225e-06
100800	1,16525320823e-05	4,19537978451e-06	0,0	7,74547059797e-06	7,74547059797e-06	4,47501726552e-06	3,31380056024e-06	4,19537978451e-06	0,0	3,17590312802e-06	1,12268976497e-06	6,04095551011e-06	2,488559268e-06	6,04095551011e-06	5,74560457553e-07	2,5639784118e-06	2,91518312205e-06
101700	1,46605210389e-05	5,35259338772e-06	0,0	9,67468749757e-06	9,67468749757e-06	5,66393364083e-06	4,06450276662e-06	5,35259338772e-06	0,0	3,79723119309e-06	1,68247520284e-06	7,80009105127e-06	3,07890424791e-06	7,80009105127e-06	2,16253647985e-07	3,72147092621e-06	3,88143585718e-06
102600	1,63837380008e-05	5,99122184448e-06	0,0	1,08028994237e-05	1,08028994237e-05	6,54657347064e-06	4,31640341711e-06	5,99122184448e-06	0,0	4,16997968277e-06	1,66167998654e-06	8,48692668474e-06	3,38492650443e-06	8,48692668474e-06	2,33502581806e-07	4,25709311974e-06	4,01619218733e-06
103500	1,45748890536e-05	5,33159567035e-06	0,0	9,60847922841e-06	9,60847922841e-06	5,78780240158e-06	3,87407345675e-06	5,33159567035e-06	0,0	3,82731386431e-06	1,64103454256e-06	7,80859055448e-06	3,03830995309e-06	7,80859055448e-06	6,23583606421e-08	4,2644528043e-06	3,62672260746e-06
104400	2,21488128123e-05	7,99326530566e-06	0,0	1,47045217575e-05	1,47045217575e-05	8,3653676354e-06	6,42145033608e-06	7,99326530566e-06	0,0	5,82404976626e-06	7,07896917927e-07	1,02810684031e-05	4,29506972896e-06	1,02810684031e-05	7,27296383934e-07	4,58117710647e-06	4,99285287066e-06
105300	2,11362992242e-05	7,53143038139e-06	0,0	1,41236229424e-05	1,41236229424e-05	8,16271894257e-06	6,04034712067e-06	7,53143038139e-06	0,0	5,62124867295e-06	1,15841231735e-06	1,03305685989e-05	4,03533270737e-06	1,03305685989e-05	4,95583641951e-07	4,64724114921e-06	5,21032082119e-06
106200	2,21617727796e-05	7,97403948165e-06	0,0	1,47357458541e-05	1,47357458541e-05	9,03474017735e-06	5,78374001191e-06	7,97403948165e-06	0,0	5,72180210257e-06	2,69882060569e-06	1,1736183703e-05	4,72930647575e-06	1,1736183703e-05	7,4345858609e-07	5,58187917972e-06	5,43705075015e-06
107100	3,25772289653e-05	1,21245754956e-05	0,0	2,12804008425e-05	2,12804008425e-05	1,30131144688e-05	8,38468647011e-06	1,21245754956e-05	0,0	9,32857461965e-06	4,37659542239e-06	1,84972511296e-05	7,45352173379e-06	1,84972511296e-05	1,34095351998e-06	8,76102379101e-06	8,43848031283e-06
108000	5,70455444181e-05	2,05745568593e-05	0,0	3,78839416328e-05	3,78839416328e-05	2,25983886781e-05	1,54973558956e-05	2,05745568593e-05	0,0	1,29724396144e-05	4,37115776291e-06	2,73323762928e-05	1,07260419335e-05	2,73323762928e-05	1,3054179358e-06	1,30121111185e-05	1,3072158485e-05
108900	6,02081673352e-05	2,18228690991e-05	0,0	3,98823825314e-05	3,98823825314e-05	2,3223469965e-05	1,68812456892e-05	2,18228690991e-05	0,0	1,57590752601e-05	5,84515869351e-06	3,11427782737e-05	1,24644674914e-05	3,11427782737e-05	2,1205691413e-06	1,4450355799e-05	1,46394308443e-05
109800	8,35953042462e-05	2,99725773749e-05	0,0	5,56835428164e-05	5,56835428164e-05	3,24778852539e-05	2,3517717081e-05	2,99725773749e-05	0,0	2,0744873299e-05	5,48063161907e-06	4,0796902811e-05	1,56151857485e-05	4,0796902811e-05	2,29873777428e-06	2,01700617203e-05	1,84125446283e-05
110700	9,17723110353e-05	3,22761138919e-05	0,0	6,17256335672e-05	6,17256335672e-05	3,73281698742e-05	2,4747128862e-05	3,22761138919e-05	0,0	2,06458110977e-05	5,95456370592e-06	4,2789670055e-05	1,62983534399e-05	4,2789670055e-05	9,60518598007e-07	2,15661363125e-05	2,03545498525e-05
111600	0,000109735003118	3,99126753792e-05	0,0	7,25579093562e-05	7,25579093562e-05	4,44593753032e-05	2,85034799176e-05	3,99126753792e-05	0,0	2,78854163297e-05	1,15648347608e-05	5,82716200774e-05	2,14321204689e-05	5,82716200774e-05	4,11149449536e-07	3,27722632972e-05	2,60593229677e-05
112500	0,000106844199056	3,93245857749e-05	0,0	7,0208724295e-05	7,0208724295e-05	4,20117619757e-05	2,85854814811e-05	3,93245857749e-05	0,0	3,01364698538e-05	1,23155796089e-05	5,78333702871e-05	2,4303455774e-05	5,78333702871e-05	2,37625387752e-06	2,99012496185e-05	2,56916947314e-05
113400	0,000135868118851	4,92947141372e-05	0,0	8,99534674002e-05	8,99534674002e-05	5,15916682093e-05	3,88632045488e-05	4,92947141372e-05	0,0	3,81648603272e-05	1,36168457867e-05	7,30944271093e-05	2,84246184932e-05	7,30944271093e-05	1,60496167003e-06	3,41028241808e-05	3,75711712434e-05
114300	0,000138753363624	5,09019872169e-05	0,0	9,13339599022e-05	9,13339599022e-05	5,56932448801e-05	3,61478442419e-05	5,09019872169e-05	0,0	3,80743891574e-05	1,94636987161e-05	7,93390280829e-05	2,9616626829e-05	7,93390280829e-05	4,61631073473e-07	4,52235679206e-05	3,38652308961e-05
115200	2,7731910397e-05	4,57830513113e-06	0,0	8,06387996887e-06	8,06387996887e-06	3,24750196628e-06	2,26863908859e-06	4,57830513113e-06	0,0	1,47312147524e-06	7,82431557526e-07	2,07640250996e-06	5,95123009149e-07	2,07640250996e-06	3,24987820435e-07	8,14712021031e-07	7,42596362591e-07
116100	2,97193630877e-05	4,78324545379e-06	0,0	8,45062696908e-06	8,45062696908e-06	3,44423955409e-06	2,22700638116e-06	4,78324545379e-06	0,0	1,30817125408e-06	6,9023351135e-07	1,76147558562e-06	5,66687609647e-07	1,76147558562e-06	-2,27344742525e-07	5,27375664264e-07	6,57466897058e-07
117000	3,6562787803e-05	5,90735644498e-06	0,0	1,04904285786e-05	1,04904285786e-05	4,12422289676e-06	2,92638225975e-06	5,90735644498e-06	0,0	1,85433817047e-06	1,05174128114e-06	2,52868012675e-06	7,7956353481e-07	2,52868012675e-06	-3,50458807888e-07	8,24768774523e-07	9,14203606002e-07
117900	0,000143867953431	5,3501537663e-05	0,0	9,40178879249e-05	9,40178879249e-05	5,64965755761e-05	3,8038913684e-05	5,3501537663e-05	0,0	4,2844014382e-05	2,13567656968e-05	8,33080489913e-05	3,49616334273e-05	8,33080489913e-05	6,6793799719e-06	3,92373640389e-05	3,75863942842e-05
118800	2,96563584243e-05	5,2407961352e-06	0,0	9,04296300344e-06	9,04296300344e-06	3,88968384308e-06	2,59551653952e-06	5,2407961352e-06	0,0	1,86578918539e-06	1,12706396566e-06	2,91529937524e-06	8,24399921518e-07	2,91529937524e-06	4,78339122876e-07	1,17424118397e-06	1,15208217212e-06
119700	4,11146194236e-05	1,61906129327e-05	0,0	2,91675063247e-05	2,91675063247e-05	2,10988330299e-05	1,13825140245e-05	1,61906129327e-05	0,0	1,31594127497e-05	6,17003233493e-06	3,12519720323e-05	7,71909078442e-06	3,12519720323e-05	3,0143152943e-06	1,82809440044e-05	1,93696887739e-05
120600	-1,21647936318e-05	-2,06644937077e-07	0,0	-4,65892131141e-06	-4,65892131141e-06	-2,17597438124e-06	-1,61046885299e-06	-2,06644937077e-07	0,0	-5,28500715088e-07	-3,05173665521e-07	-1,65868464039e-07	-1,25208854633e-07	-1,65868464039e-07	6,11904262717e-08	-5,15615491702e-08	-4,60628403117e-08
121500	6,70985771405e-05	2,59209064677e-05	0,0	4,49728939804e-05	4,49728939804e-05	2,56655496305e-05	2,15887825724e-05	2,59209064677e-05	0,0	2,2831738212e-05	9,97377802485e-07	3,80292492826e-05	1,40155176485e-05	3,80292492826e-05	3,08335945109e-06	2,09737324067e-05	1,61431974734e-05
122400	-9,96209692125e-06	-5,2562462862e-07	0,0	-3,99721730123e-06	-3,99721730123e-06	-2,06739841847e-06	-1,38111711793e-06	-5,2562462862e-07	0,0	-6,41901175074e-07	-3,46089404561e-07	-3,61824668105e-07	-1,99072613591e-07	-3,61824668105e-07	-1,24135108884e-07	-1,09014347041e-07	-1,46634645482e-07
123300	-1,61365424187e-05	-1,10992988147e-07	0,0	-5,80186105894e-06	-5,80186105894e-06	-2,61112646618e-06	-1,88668206611e-06	-1,10992988147e-07	0,0	-6,24316945227e-07	-4,31351690184e-07	-1,93475982421e-07	-1,45627175637e-07	-1,93475982421e-07	6,18184172026e-08	-8,45238623945e-08	-6,24344407297e-08
124200	-1,69912041098e-05	-3,35984400621e-07	0,0	-6,45425966396e-06	-6,45425966396e-06	-3,08981806989e-06	-2,1800875984e-06	-3,35984400621e-07	0,0	-6,49286758389e-07	-5,73910414868e-07	-2,96692131664e-07	-1,91887957841e-07	-2,96692131664e-07	-1,07127903532e-07	-9,02514696385e-08	-1,08246588906e-07
125100	-3,81615500105e-05	-8,26358898403e-07	0,0	-1,43775981293e-05	-1,43775981293e-05	-6,73607722726e-06	-4,69479995831e-06	-8,26358898403e-07	0,0	-1,8817006713e-06	-1,310576674e-06	-1,05114900758e-06	-5,62673055183e-07	-1,05114900758e-06	-3,41585115753e-07	-3,85027800175e-07	-4,15815853255e-07
126000	-3,0528921175e-05	-9,96708046797e-07	0,0	-1,17636898541e-05	-1,17636898541e-05	-5,62745925931e-06	-3,87351329734e-06	-9,96708046797e-07	0,0	-1,80456749309e-06	-1,20922982871e-06	-1,31868494073e-06	-6,09068907715e-07	-1,31868494073e-06	-4,00819728666e-07	-5,76381693602e-07	-5,06648897165e-07
126900	-3,13734177718e-05	-1,09451239786e-06	0,0	-1,19739983913e-05	-1,19739983913e-05	-5,68627365286e-06	-3,9671271761e-06	-1,09451239786e-06	0,0	-1,94590626255e-06	-1,34104774724e-06	-1,56747132192e-06	-7,29654966219e-07	-1,56747132192e-06	-4,54132173783e-07	-7,11400712862e-07	-6,79018157199e-07
127800	-2,31798725833e-05	-8,14037787278e-07	0,0	-8,94863669355e-06	-8,94863669355e-06	-4,32435137698e-06	-2,93443900495e-06	-8,14037787278e-07	0,0	-1,45312316243e-06	-8,80750593041e-07	-1,07945163942e-06	-4,8301867193e-07	-1,07945163942e-06	-3,22202147229e-07	-4,38637387949e-07	-5,04688831928e-07
128700	-4,00436940974e-05	-1,56749586984e-06	0,0	-1,59719313517e-05	-1,59719313517e-05	-7,84009923549e-06	-5,40133840889e-06	-1,56749586984e-06	0,0	-2,33013117982e-06	-1,68161493993e-06	-1,91116675833e-06	-8,69652858189e-07	-1,91116675833e-06	-5,65005831912e-07	-8,08982385225e-07	-7,88733185776e-07
129600	-3,7049327612e-05	-1,48202212192e-06	0,0	-1,4803775344e-05	-1,4803775344e-05	-7,2767787061e-06	-5,00667385444e-06	-1,48202212192e-06	0,0	-2,12110133227e-06	-1,60103784504e-06	-1,59850084861e-06	-7,9376579844e-07	-1,59850084861e-06	-4,87888807715e-07	-7,0457989622e-07	-6,012080526e-07
130500	-2,52492898872e-05	-1,14598988206e-06	0,0	-1,02473744482e-05	-1,02473744482e-05	-5,0671764363e-06	-3,58159461033e-06	-1,14598988206e-06	0,0	-1,57728123244e-06	-1,07177656212e-06	-1,23234344503e-06	-6,11040431702e-07	-1,23234344503e-06	-3,72824480488e-07	-5,48564219376e-07	-4,46062837688e-07
131400	-2,4917411747e-05	-8,31683406326e-07	0,0	-9,673065839e-06	-9,673065839e-06	-4,65813572223e-06	-3,28433164331e-06	-8,31683406326e-07	0,0	-1,41709163009e-06	-9,31483574967e-07	-7,9594812346e-07	-4,96979530371e-07	-7,9594812346e-07	-2,49779257482e-07	-3,41482231175e-07	-2,54124063845e-07
132300	-2,44567249469e-05	-8,04060194939e-07	0,0	-9,44099968044e-06	-9,44099968044e-06	-4,53948572447e-06	-3,17007233536e-06	-8,04060194939e-07	0,0	-1,37596204036e-06	-9,60166704883e-07	-9,20924902638e-07	-4,85268320507e-07	-9,20924902638e-07	-2,83976534741e-07	-4,10349524983e-07	-3,72478975632e-07
133200	-2,00321170314e-05	-5,09280743677e-07	0,0	-7,59257655296e-06	-7,59257655296e-06	-3,63810391754e-06	-2,48156433849e-06	-5,09280743677e-07	0,0	-1,04733888787e-06	-6,68496555625e-07	-5,12778025856e-07	-3,15432250462e-07	-5,12778025856e-07	1,61485825365e-07	-1,93575406126e-07	-2,06935757254e-07
134100	-0,000165031594411	-5,16238848512e-05	0,0	-0,000108228891325	-0,000108228891325	-5,84107515096e-05	-3,4188510574e-05	-5,16238848512e-05	0,0	-3,49819044422e-05	-2,84051235473e-05	-7,12798942285e-05	-2,82356734298e-05	-7,12798942285e-05	-9,76750135719e-06	-2,96624806895e-05	-3,3859657278e-05
135000	-1,64747220669e-05	-5,13328445338e-07	0,0	-6,27329158365e-06	-6,27329158365e-06	-2,99210664017e-06	-2,06023388682e-06	-5,13328445338e-07	0,0	-9,67061224757e-07	-6,45036420922e-07	-6,72893131349e-07	-3,36878836239e-07	-6,72893131349e-07	-2,0394139357e-07	-2,6675359393e-07	-2,52387174819e-07
135900	-2,3789421435e-05	-6,59486458436e-07	0,0	-9,12208301223e-06	-9,12208301223e-06	-4,31728941748e-06	-3,04342200585e-06	-6,59486458436e-07	0,0	-1,27813013707e-06	-8,71436459378e-07	-8,45960819915e-07	-4,20990599515e-07	-8,45960819915e-07	-2,64563258301e-07	-3,26442239668e-07	-3,25593048962e-07
136800	-1,12867934627e-05	-4,62263482288e-07	0,0	-4,50372824852e-06	-4,50372824852e-06	-2,19107795467e-06	-1,5524065798e-06	-4,62263482288e-07	0,0	-7,26613988679e-07	-4,43512556748e-07	-5,7445596359e-07	-2,52401462951e-07	-5,7445596359e-07	-1,68295384661e-07	-2,46615554051e-07	-2,24814022618e-07
137700	-3,99303249457e-05	-1,60997493545e-06	0,0	-1,59569016361e-05	-1,59569016361e-05	-7,78838736495e-06	-5,37806705387e-06	-1,60997493545e-06	0,0	-2,50652949974e-06	-1,63941432944e-06	-1,88681687831e-06	-8,88206304977e-07	-1,88681687831e-06	-5,73464602984e-07	-8,33977389368e-07	-7,56511275556e-07
138600	-6,15429312396e-05	-2,34620083738e-06	0,0	-2,43868204262e-05	-2,43868204262e-05	-1,18176638574e-05	-8,200599195e-06	-2,34620083738e-06	0,0	-3,70010005555e-06	-2,57460631022e-06	-2,82779141847e-06	-1,32892089194e-06	-2,82779141847e-06	-8,61481449222e-07	-1,27024168174e-06	-1,08400974959e-06
139500	-8,55092715977e-06	-4,00289030731e-07	0,0	-3,36989542499e-06	-3,36989542499e-06	-1,67719026641e-06	-1,14609740174e-06	-4,00289030731e-07	0,0	-5,82631265353e-07	-3,78467731634e-07	-4,38311778028e-07	-2,15841687832e-07	-4,38311778028e-07	-1,32085078703e-07	-1,98718497705e-07	-1,68587852498e-07
140400	-4,20345142098e-05	-1,31607427816e-05	0,0	-2,55994820317e-05	-2,55994820317e-05	-1,42598044594e-05	-5,31420843794e-06	-1,31607427816e-05	0,0	-1,37599430397e-05	-9,33773653861e-06	-2,00650691839e-05	-1,02853709499e-05	-2,00650691839e-05	-1,25395823992e-06	-1,00367773707e-05	-4,79163848189e-06
141300	7,23758472443e-06	3,19877182214e-06	0,0	5,08185588298e-06	5,08185588298e-06	3,13526629807e-06	2,80150683748e-06	3,19877182214e-06	0,0	2,80961097946e-06	6,27343513235e-07	4,40372546447e-06	1,84927826322e-06	4,40372546447e-06	8,2471251542e-07	1,66505443346e-06	2,7776493996e-06
142200	3,10339643395e-07	3,06790940126e-07	0,0	3,05873235998e-07	3,05873235998e-07	2,75073911846e-07	3,09935854107e-07	3,06790940126e-07	0,0	3,05695543387e-07	2,21056417528e-07	6,63890457022e-07	3,62622738227e-08	6,63890457022e-07	8,72698051989e-08	6,24158909768e-07	4,4141526089e-07
143100	1,06277635893e-05	4,68783371446e-06	0,0	7,53167485097e-06	7,53167485097e-06	4,86618402131e-06	3,98203837693e-06	4,68783371446e-06	0,0	3,96574269782e-06	2,0059060399e-06	5,7254653321e-06	2,25788302045e-06	5,7254653321e-06	5,13913215616e-08	4,15123169911e-06	2,85091614848e-06
144000	0,00012307150156	4,61306108916e-05	0,0	8,00854635323e-05	8,00854635323e-05	4,83265249275e-05	3,21982164169e-05	4,61306108916e-05	0,0	3,76765644139e-05	1,70093613217e-05	7,53240668155e-05	2,60130242112e-05	7,53240668155e-05	4,09279741983e-06	4,57606984591e-05	3,39004888789e-05
144900	0,000115172786165	4,3274406021e-05	0,0	7,48472276532e-05	7,48472276532e-05	4,42886441493e-05	3,09681278519e-05	4,3274406021e-05	0,0	3,54469501223e-05	1,63554134257e-05	6,80016910957e-05	2,75426414067e-05	6,80016910957e-05	6,3160810853e-06	3,64148170277e-05	2,54266752512e-05
145800	9,14300392446e-05	3,38805852819e-05	0,0	5,98635986445e-05	5,98635986445e-05	3,57339805637e-05	2,445970498e-05	3,38805852819e-05	0,0	2,64624910795e-05	1,23065830698e-05	5,20223573244e-05	2,09691259156e-05	5,20223573244e-05	4,52062075966e-06	2,78890593649e-05	1,97290741303e-05
146700	0,000157831015673	5,87455252505e-05	0,0	0,000103094113805	0,000103094113805	6,18135651548e-05	4,18477230742e-05	5,87455252505e-05	0,0	4,30548909033e-05	1,93426649325e-05	8,9422528656e-05	3,22845109154e-05	8,9422528656e-05	9,4796411084e-07	4,87812222078e-05	4,18351218285e-05
147600	0,000157375386484	5,78872364422e-05	0,0	0,000103446455733	0,000103446455733	6,00522685236e-05	4,39664237485e-05	5,78872364422e-05	0,0	4,47369672055e-05	1,1967668895e-05	8,31013299119e-05	3,19740080943e-05	8,31013299119e-05	3,6856899824e-06	4,17390512117e-05	3,78666478256e-05
148500	2,76775502103e-05	4,41267716062e-06	0,0	7,88044694412e-06	7,88044694412e-06	3,07859333073e-06	2,16931400627e-06	4,41267716062e-06	0,0	1,30221103472e-06	6,52350203503e-07	1,78632442037e-06	5,17990436006e-07	1,78632442037e-06	2,77068835334e-07	6,39761069269e-07	7,08535579351e-07
149400	3,78465679679e-05	5,39008485967e-06	0,0	1,01876300963e-05	1,01876300963e-05	3,75956163314e-06	2,39664772989e-06	5,39008485967e-06	0,0	1,42297083174e-06	6,61376424029e-07	1,82367718287e-06	5,47331928095e-07	1,82367718287e-06	-2,73414253528e-07	6,87126335926e-07	6,36595371453e-07
150300	2,89664569288e-05	4,33244708106e-06	0,0	7,94983184968e-06	7,94983184968e-06	3,04897308419e-06	1,96150035611e-06	4,33244708106e-06	0,0	1,17423645345e-06	5,91156704526e-07	1,51570426069e-06	4,81717112213e-07	1,51570426069e-06	-2,11016428254e-07	5,35427231655e-07	5,12204434117e-07
151200	3,90957752502e-05	5,71029296072e-06	0,0	1,06255721949e-05	1,06255721949e-05	4,070291874e-06	2,47050331265e-06	5,71029296072e-06	0,0	1,60343410009e-06	8,3862053949e-07	2,08358623397e-06	6,62581728647e-07	2,08358623397e-06	-2,85623238912e-07	7,46667473874e-07	6,66354361401e-07
152100	3,8784858383e-05	5,74442114216e-06	0,0	1,06426910844e-05	1,06426910844e-05	4,13730220861e-06	2,53905578532e-06	5,74442114216e-06	0,0	1,50494446027e-06	7,86027017165e-07	2,01418894887e-06	6,33381640812e-07	2,01418894887e-06	-2,82629051034e-07	7,21118493267e-07	6,91228769292e-07
153000	4,14037630888e-05	6,74777397661e-06	0,0	1,18899696208e-05	1,18899696208e-05	4,78990513204e-06	3,26001525538e-06	6,74777397661e-06	0,0	1,98162608225e-06	1,13975472418e-06	2,77370601463e-06	8,40672526621e-07	2,77370601463e-06	-3,92225478605e-07	9,30020920671e-07	9,64923248034e-07
153900	4,88605955453e-05	8,1493892425e-06	0,0	1,42334458578e-05	1,42334458578e-05	5,87648017615e-06	3,919201569e-06	8,1493892425e-06	0,0	2,54857707029e-06	1,46568256915e-06	3,6759916041e-06	1,08708180896e-06	3,6759916041e-06	-5,46300590415e-07	1,35522711238e-06	1,29608873823e-06
154800	5,2539965165e-05	9,0728346845e-06	0,0	1,56198882935e-05	1,56198882935e-05	6,63181137771e-06	4,38349662553e-06	9,0728346845e-06	0,0	3,10195534714e-06	1,74747117268e-06	4,48097156398e-06	1,31177013696e-06	4,48097156398e-06	6,8959885029e-07	1,71894216711e-06	1,59812190521e-06
155700	5,06101701487e-05	8,66377585335e-06	0,0	1,49913030876e-05	1,49913030876e-05	6,32786990764e-06	4,17136676425e-06	8,66377585335e-06	0,0	2,95214011571e-06	1,70574558768e-06	4,33883447471e-06	1,25719855738e-06	4,33883447471e-06	6,71917406332e-07	1,66443743884e-06	1,5722003867e-06
156600	4,51803677883e-05	8,01633943547e-06	0,0	1,37257981614e-05	1,37257981614e-05	5,90706738999e-06	3,96767863378e-06	8,01633943547e-06	0,0	2,95534127802e-06	1,66518905807e-06	4,41150551273e-06	1,24731706995e-06	4,41150551273e-06	7,32008143661e-07	1,91115993253e-06	1,58247987053e-06
157500	5,01007485309e-05	8,01047709584e-06	0,0	1,4325338282e-05	1,4325338282e-05	5,81513005881e-06	3,78064155636e-06	8,01047709584e-06	0,0	2,23070726563e-06	1,22942998869e-06	3,23811078701e-06	9,5672900978e-07	3,23811078701e-06	5,03478903652e-07	1,36345100302e-06	1,07588354597e-06
158400	4,39112057193e-05	6,84550620797e-06	0,0	1,23267812139e-05	1,23267812139e-05	4,83462595531e-06	3,26555994379e-06	6,84550620797e-06	0,0	1,73653657343e-06	9,17484103655e-07	2,31618124342e-06	7,3952246613e-07	2,31618124342e-06	-2,99146400429e-07	7,93004423652e-07	7,44889110993e-07
159300	4,07600355428e-05	6,3782895116e-06	0,0	1,15250272496e-05	1,15250272496e-05	4,58729735605e-06	3,00290160341e-06	6,3782895116e-06	0,0	1,7053552094e-06	9,70906328703e-07	2,48730819443e-06	7,28080701442e-07	2,48730819443e-06	3,773400768e-07	9,55271329951e-07	8,62212758533e-07
160200	2,71186406512e-05	4,33413398641e-06	0,0	7,72749477438e-06	7,72749477438e-06	3,01599889225e-06	2,13220384748e-06	4,33413398641e-06	0,0	1,29604502886e-06	7,30355290531e-07	1,80582296049e-06	5,46310154607e-07	1,80582296049e-06	-2,65877510451e-07	7,06288651912e-07	5,90786802623e-07
161100	2,84261924554e-05	4,65705179651e-06	0,0	8,19089471278e-06	8,19089471278e-06	3,31650967823e-06	2,25118051836e-06	4,65705179651e-06	0,0	1,4104036814e-06	7,74084700982e-07	1,95297721376e-06	5,85295443576e-07	1,95297721376e-06	2,85354815689e-07	7,30108910475e-07	6,40764882607e-07
162000	0,000189564964655	6,98823282271e-05	0,0	0,000124458806341	0,000124458806341	7,41282164862e-05	5,10183519098e-05	6,98823282271e-05	0,0	5,45876621983e-05	2,14331681329e-05	0,0001036072179	4,29457972946e-05	0,0001036072179	3,07989425661e-06	5,50488673733e-05	4,57295108395e-05
162900	2,64481109516e-05	4,36534227148e-06	0,0	7,63801006935e-06	7,63801006935e-06	3,1004985905e-06	2,1263635413e-06	4,36534227148e-06	0,0	1,2972204262e-06	7,08795998017e-07	1,75038734201e-06	5,50196591044e-07	1,75038734201e-06	-2,45358550747e-07	6,37441470046e-07	5,66401180279e-07
163800	2,52257090561e-05	4,10836901453e-06	0,0	7,24865831254e-06	7,24865831254e-06	2,91311218883e-06	1,98166407412e-06	4,10836901453e-06	0,0	1,26195711907e-06	7,16168440378e-07	1,77056449994e-06	5,39140997222e-07	1,77056449994e-06	-2,65004706716e-07	6,85571672655e-07	5,97232136067e-07
164700	0,000156869190142	5,64995517689e-05	0,0	0,000104249508843	0,000104249508843	6,15809996146e-05	4,32512645937e-05	5,64995517689e-05	0,0	3,9713438313e-05	1,81206223103e-05	8,12205559544e-05	3,35907225038e-05	8,12205559544e-05	6,26083684399e-08	4,39560952642e-05	3,7527428802e-05
165600	0,000150067210825	5,40320444293e-05	0,0	9,97459269774e-05	9,97459269774e-05	5,91625213195e-05	4,11411595137e-05	5,40320444293e-05	0,0	3,69766000712e-05	1,50743490286e-05	7,6932220987e-05	2,95860100487e-05	7,6932220987e-05	2,03854204913e-06	4,40304192667e-05	3,51385781372e-05
166500	0,000151534370183	5,50263604521e-05	0,0	0,000100280230392	0,000100280230392	5,92030332867e-05	4,16354918083e-05	5,50263604521e-05	0,0	3,8750800913e-05	1,43864557415e-05	7,8268845938e-05	3,03410925858e-05	7,8268845938e-05	2,42235959079e-07	3,77844547866e-05	4,04388643302e-05
167400	0,000128247690289	4,65158767959e-05	0,0	8,49216129057e-05	8,49216129057e-05	4,88063184043e-05	3,65886733052e-05	4,65158767959e-05	0,0	3,40509557532e-05	1,29128166651e-05	6,80771322665e-05	2,58041551713e-05	6,80771322665e-05	5,79770288336e-07	3,49645718723e-05	3,27027932647e-05
168300	0,000106208200133	3,85377856351e-05	0,0	7,03130906538e-05	7,03130906538e-05	3,97466262438e-05	3,09589391339e-05	3,85377856351e-05	0,0	2,73818991452e-05	1,05876559686e-05	5,61776338398e-05	2,06566476649e-05	5,61776338398e-05	2,15897892453e-07	2,63063253825e-05	3,02362888585e-05
169200	0,00011514703947	4,1356499638e-05	0,0	7,6632650435e-05	7,6632650435e-05	4,3703084445e-05	3,33590967915e-05	4,1356499638e-05	0,0	2,90997129311e-05	8,71687860138e-06	5,79003098276e-05	2,15879643609e-05	5,79003098276e-05	1,10745231197e-06	2,98744232221e-05	2,92801449361e-05
170100	0,000113622656833	4,07032751841e-05	0,0	7,57182438398e-05	7,57182438398e-05	4,45660074987e-05	3,15766830184e-05	4,07032751841e-05	0,0	2,94405406295e-05	9,06224165453e-06	5,67729853411e-05	2,27466438828e-05	5,67729853411e-05	1,92523704365e-06	2,73604013381e-05	2,76152256539e-05
171000	8,18814417528e-05	2,99060571349e-05	0,0	5,40236212949e-05	5,40236212949e-05	3,3078301879e-05	2,12461999648e-05	2,99060571349e-05	0,0	2,27999427144e-05	8,23798621029e-06	4,29845651505e-05	1,82172815802e-05	4,29845651505e-05	1,12443507805e-06	2,07562652079e-05	2,12072750526e-05
171900	8,22475582626e-05	3,04400686701e-05	0,0	5,38871602928e-05	5,38871602928e-05	3,21486868795e-05	2,20357962803e-05	3,04400686701e-05	0,0	2,39116404443e-05	8,27302132341e-06	4,43994675703e-05	1,84987976525e-05	4,43994675703e-05	1,85587064503e-06	2,09102853969e-05	2,17397063641e-05
172800	7,99255766013e-05	2,94610506263e-05	0,0	5,24787909344e-05	5,24787909344e-05	3,10536829838e-05	2,17151704341e-05	2,94610506263e-05	0,0	2,44725814984e-05	8,62556684813e-06	4,39776127297e-05	1,88633767094e-05	4,39776127297e-05	1,95722845501e-06	2,2124701782e-05	2,00003662732e-05
173700	5,99452114103e-05	2,19948709426e-05	0,0	3,94555497042e-05	3,94555497042e-05	2,39118786967e-05	1,57626443108e-05	2,19948709426e-05	0,0	1,70617169492e-05	7,94610127241e-06	3,41256069117e-05	1,30992427585e-05	3,41256069117e-05	3,60111760009e-07	1,79809113046e-05	1,58748810694e-05
174600	7,14667868532e-05	2,6226874843e-05	0,0	4,70345909287e-05	4,70345909287e-05	2,96803554796e-05	1,76171581088e-05	2,6226874843e-05	0,0	1,95549311074e-05	1,0100290505e-05	3,9221494733e-05	1,69128898698e-05	3,9221494733e-05	2,94067154728e-06	1,90534680151e-05	1,73149234555e-05
175500	4,67649626018e-05	1,72682316549e-05	0,0	3,06771669307e-05	3,06771669307e-05	1,87898300796e-05	1,20572765988e-05	1,72682316549e-05	0,0	1,27345930167e-05	5,23238137646e-06	2,48192769105e-05	1,05667642271e-05	2,48192769105e-05	3,25700293495e-06	1,14169052507e-05	1,0193663833e-05
176400	3,53763137109e-05	1,26621839431e-05	0,0	2,35852845426e-05	2,35852845426e-05	1,44792560206e-05	9,23880214376e-06	1,26621839431e-05	0,0	9,05146983722e-06	3,38450522298e-06	1,73773872966e-05	7,81873804124e-06	1,73773872966e-05	1,77267276172e-06	7,60914619532e-06	8,02942760695e-06
177300	3,45901674326e-05	1,29165645836e-05	0,0	2,25549264628e-05	2,25549264628e-05	1,31756659066e-05	9,50311245163e-06	1,29165645836e-05	0,0	1,04461887749e-05	4,40902661287e-06	1,83536564086e-05	9,53893096777e-06	1,83536564086e-05	3,24485278829e-06	7,6735551315e-06	7,46894168548e-06
178200	2,96183148921e-05	1,09113017613e-05	0,0	1,94532851553e-05	1,94532851553e-05	1,12784676594e-05	8,28241663219e-06	1,09113017613e-05	0,0	8,64092491616e-06	3,43912617052e-06	1,63101426322e-05	6,78492163478e-06	1,63101426322e-05	5,96747249598e-07	8,68679302351e-06	7,06584358737e-06
179100	3,97981323535e-05	1,46747133426e-05	0,0	2,61268626966e-05	2,61268626966e-05	1,63169358753e-05	9,95529271024e-06	1,46747133426e-05	0,0	1,03785777846e-05	5,61524196869e-06	2,15834961103e-05	9,22089268768e-06	2,15834961103e-05	9,39185327513e-07	1,1133943943e-05	9,56093606667e-06
180000	2,79733698968e-05	1,02950108487e-05	0,0	1,83826162e-05	1,83826162e-05	1,11572765652e-05	7,32724270791e-06	1,02950108487e-05	0,0	7,45618451823e-06	3,15061231235e-06	1,52163036134e-05	5,7779884056e-06	1,52163036134e-05	3,96320224883e-08	7,84667791638e-06	7,44925738114e-06
180900	2,01548515298e-05	7,24711294154e-06	0,0	1,34058758089e-05	1,34058758089e-05	7,96573254855e-06	5,51520853805e-06	7,24711294154e-06	0,0	5,02495262369e-06	1,24661096723e-06	9,60994979185e-06	3,9585142294e-06	9,60994979185e-06	5,66740165407e-07	4,37470318019e-06	4,68833803381e-06
181800	1,89947256051e-05	6,79831223536e-06	0,0	1,26641996386e-05	1,26641996386e-05	7,57851398793e-06	5,15679089599e-06	6,79831223536e-06	0,0	4,45101761831e-06	1,81270997266e-06	9,45920233535e-06	3,65442531554e-06	9,45920233535e-06	4,03483273774e-07	4,32655236497e-06	4,75035492064e-06
182700	1,89787292503e-05	6,96895430116e-06	0,0	1,24867427398e-05	1,24867427398e-05	7,22219983209e-06	5,3337262036e-06	6,96895430116e-06	0,0	5,32939817256e-06	1,7346058529e-06	1,01044468358e-05	3,98872531182e-06	1,01044468358e-05	3,51287419139e-07	4,91215113949e-06	4,86511507275e-06
183600	1,99572738364e-05	7,25237832035e-06	0,0	1,32022746639e-05	1,32022746639e-05	7,66612728557e-06	5,60968342547e-06	7,25237832035e-06	0,0	5,47137473067e-06	2,04812392214e-06	1,08104955302e-05	4,02671365873e-06	1,08104955302e-05	1,82604618504e-07	5,60587884399e-06	5,41652323436e-06
184500	1,68525759971e-05	6,19642849685e-06	0,0	1,10801440346e-05	1,10801440346e-05	6,67175319941e-06	4,46979651929e-06	6,19642849685e-06	0,0	4,57293279342e-06	1,96360306022e-06	9,26679346038e-06	3,52343096897e-06	9,26679346038e-06	1,99221292354e-07	4,84310935315e-06	4,64860862339e-06
185400	2,0724673274e-05	7,48703563074e-06	0,0	1,37517435443e-05	1,37517435443e-05	8,30183675594e-06	5,52680327164e-06	7,48703563074e-06	0,0	4,52924284206e-06	2,07416994952e-06	1,00355416796e-05	4,10811390355e-06	1,00355416796e-05	6,19001667522e-07	4,60405670257e-06	4,83332359162e-06
186300	1,40784568921e-05	5,08321042956e-06	0,0	9,34434581103e-06	9,34434581103e-06	5,3930655462e-06	4,00350458208e-06	5,08321042956e-06	0,0	3,82788019158e-06	1,28613416403e-06	7,33047446973e-06	2,90954210709e-06	7,33047446973e-06	4,44259615353e-07	3,38039619892e-06	3,52217672858e-06
187200	1,63877127291e-05	5,93331237952e-06	0,0	1,08616403624e-05	1,08616403624e-05	6,46148199317e-06	4,46077820916e-06	5,93331237952e-06	0,0	4,30743215531e-06	1,76382354277e-06	8,62164556811e-06	3,43406441815e-06	8,62164556811e-06	3,182473771e-07	4,20871150615e-06	4,11491054054e-06
188100	1,52784721409e-05	5,55712919461e-06	0,0	1,01024037647e-05	1,01024037647e-05	6,15477703843e-06	4,00399399922e-06	5,55712919461e-06	0,0	4,11289806431e-06	1,56863087023e-06	8,08765501341e-06	3,19913792354e-06	8,08765501341e-06	2,15060770226e-07	3,99121404242e-06	3,90088253202e-06
189000	1,55138737134e-05	5,67287795581e-06	0,0	1,02295839208e-05	1,02295839208e-05	6,12377905196e-06	4,16262204501e-06	5,67287795581e-06	0,0	3,93621238414e-06	1,46496720911e-06	7,81967633688e-06	3,29852351398e-06	7,81967633688e-06	4,70841910874e-07	3,67206804634e-06	3,69354650317e-06
189900	1,46700794038e-05	5,38475910264e-06	0,0	9,6539017167e-06	9,6539017167e-06	5,66181741623e-06	4,04557555274e-06	5,38475910264e-06	0,0	3,93692250129e-06	1,61283359934e-06	7,68244203387e-06	3,29819396185e-06	7,68244203387e-06	7,91606589717e-07	3,35198964068e-06	3,55473078594e-06
190800	1,46187539e-05	5,28396065767e-06	0,0	9,69759669133e-06	9,69759669133e-06	5,60235032526e-06	4,14941515704e-06	5,28396065767e-06	0,0	3,83784975131e-06	1,35368972989e-06	7,50428011421e-06	3,014266769e-06	7,50428011421e-06	5,29955529432e-07	3,4225955394e-06	3,56792233839e-06
191700	1,82517625279e-05	6,53842328002e-06	0,0	1,21631458645e-05	1,21631458645e-05	7,24859794192e-06	4,98279862503e-06	6,53842328002e-06	0,0	4,57831568942e-06	1,46755977448e-06	9,07912381764e-06	3,55470833494e-06	9,07912381764e-06	1,75063675043e-07	4,57180063286e-06	4,35312351242e-06
192600	2,27886073762e-05	8,25316832585e-06	0,0	1,51018371471e-05	1,51018371471e-05	9,15577861982e-06	6,03044931737e-06	8,25316832585e-06	0,0	6,27562979527e-06	2,42974931319e-06	1,25007691963e-05	4,53427908198e-06	1,25007691963e-05	4,28894700825e-07	5,94744218183e-06	7,01925849252e-06
193500	1,80459116498e-05	6,53904349243e-06	0,0	1,19555961196e-05	1,19555961196e-05	6,99771478696e-06	5,02455500838e-06	6,53904349243e-06	0,0	4,93271881323e-06	1,2737852947e-06	9,1031935194e-06	3,6932203284e-06	9,1031935194e-06	3,35062549784e-07	4,48836346807e-06	4,30017851421e-06
194400	2,07263611277e-05	7,56142613156e-06	0,0	1,36830923181e-05	1,36830923181e-05	7,90386304494e-06	5,85530885021e-06	7,56142613156e-06	0,0	5,74786196753e-06	1,80166931878e-06	1,05577277964e-05	4,61455485622e-06	1,05577277964e-05	1,27815906221e-06	4,60123818306e-06	4,69878566122e-06
195300	2,33058044593e-05	8,36142837428e-06	0,0	1,55193798693e-05	1,55193798693e-05	8,63924357514e-06	6,96746102866e-06	8,36142837428e-06	0,0	6,23569011665e-06	1,44822674471e-06	1,16210749427e-05	4,487407525e-06	1,16210749427e-05	4,97145589205e-07	5,76912186745e-06	5,38016872652e-06
196200	2,76639067422e-05	9,99068374232e-06	0,0	1,83592504739e-05	1,83592504739e-05	1,07610037938e-05	7,70080127505e-06	9,99068374232e-06	0,0	6,92716920192e-06	2,79560193104e-06	1,43401122975e-05	5,45550604557e-06	1,43401122975e-05	1,91963654782e-07	7,30835625319e-06	6,87445967966e-06
197100	3,05987934922e-05	1,10527581331e-05	0,0	2,03049495459e-05	2,03049495459e-05	1,22694651136e-05	8,14904646088e-06	1,10527581331e-05	0,0	8,05586489551e-06	2,95173524242e-06	1,59978446902e-05	6,1555550073e-06	1,59978446902e-05	9,36821322209e-08	8,02968768773e-06	7,91440334566e-06
198000	3,29337634233e-05	1,19281297907e-05	0,0	2,1824170355e-05	2,1824170355e-05	1,29926973603e-05	8,95324562784e-06	1,19281297907e-05	0,0	8,93072130915e-06	2,88479847176e-06	1,63850474879e-05	7,45240037547e-06	1,63850474879e-05	1,39210194063e-06	7,4868572842e-06	7,53916070329e-06
198900	3,48345396403e-05	1,27882980126e-05	0,0	2,29214281093e-05	2,29214281093e-05	1,32026752126e-05	9,84579688845e-06	1,27882980126e-05	0,0	9,98444039851e-06	2,96287886534e-06	1,72474998722e-05	8,58930597979e-06	1,72474998722e-05	2,30762521707e-06	7,03395783056e-06	7,93830765148e-06
199800	3,7276107682e-05	1,37732346934e-05	0,0	2,44443352345e-05	2,44443352345e-05	1,40460690945e-05	1,0533314925e-05	1,37732346934e-05	0,0	1,12375348895e-05	4,5749298555e-06	2,12248929028e-05	8,50024113196e-06	2,12248929028e-05	9,37307605087e-07	1,08204846844e-05	9,51927670829e-06
200700	5,93682851874e-05	2,19243155648e-05	0,0	3,89425682187e-05	3,89425682187e-05	2,26365130262e-05	1,65211197694e-05	2,19243155648e-05	0,0	1,73872045288e-05	9,22893752149e-06	3,48095120631e-05	1,39695641296e-05	3,48095120631e-05	1,77680575425e-07	1,6957768175e-05	1,81302969788e-05
201600	0,000109097338432	3,86466201638e-05	0,0	7,31152290206e-05	7,31152290206e-05	4,77784195858e-05	2,57574163158e-05	3,86466201638e-05	0,0	2,54271252169e-05	1,50677290555e-05	5,4415114941e-05	2,50456818957e-05	5,4415114941e-05	8,5488053424e-06	2,34668191801e-05	2,24961825857e-05
202500	8,28215612219e-05	3,0430068489e-05	0,0	5,4473233241e-05	5,4473233241e-05	3,1926084084e-05	2,28486912768e-05	3,0430068489e-05	0,0	2,33620072699e-05	1,12744210167e-05	4,75820554625e-05	1,77956082539e-05	4,75820554625e-05	1,74748017827e-07	2,26187368966e-05	2,52740335937e-05
203400	0,000154164653033	5,60410449382e-05	0,0	0,000101964519573	0,000101964519573	5,61201462248e-05	4,6415139891e-05	5,60410449382e-05	0,0	4,39200909265e-05	9,89150187978e-06	8,08551973947e-05	2,94583186511e-05	8,08551973947e-05	1,18958834051e-06	4,30408852594e-05	3,92133521087e-05
204300	0,000173064783927	6,43347388584e-05	0,0	0,000113120807935	0,000113120807935	6,47760218418e-05	4,8967575655e-05	6,43347388584e-05	0,0	5,22626624334e-05	1,11255236265e-05	9,58031712445e-05	3,24921251875e-05	9,58031712445e-05	5,40221563761e-06	5,36780886645e-05	4,78123738286e-05
205200	3,7448076673e-05	6,21444285235e-06	0,0	1,08857458243e-05	1,08857458243e-05	4,47560640646e-06	3,01390510239e-06	6,21444285235e-06	0,0	1,83782415235e-06	9,44800489547e-07	2,6171739558e-06	7,58989160065e-07	2,6171739558e-06	4,09207918809e-07	9,81695307241e-07	9,96062991903e-07
206100	3,57783777361e-05	5,6292808312e-06	0,0	1,01344176284e-05	1,01344176284e-05	3,94284714528e-06	2,70187428753e-06	5,6292808312e-06	0,0	1,72356797169e-06	1,00655702559e-06	2,54187844457e-06	7,17077702258e-07	2,54187844457e-06	4,02097265373e-07	9,64487915184e-07	9,37955917725e-07
207000	9,03067151273e-05	3,57424113238e-05	0,0	5,98456955069e-05	5,98456955069e-05	3,79405641847e-05	2,50864953487e-05	3,57424113238e-05	0,0	2,94342620155e-05	1,43569345766e-05	5,68891041079e-05	2,59807242628e-05	5,68891041079e-05	1,1385302198e-05	2,64796857403e-05	2,20788453962e-05
207900	9,43850793687e-05	3,57372154574e-05	0,0	6,57718134772e-05	6,57718134772e-05	4,60840461956e-05	2,47542709641e-05	3,57372154574e-05	0,0	2,63957460099e-05	1,20936070654e-05	5,6990649627e-05	2,23778306107e-05	5,6990649627e-05	9,10370554907e-06	2,16286945844e-05	3,11957064405e-05
208800	-1,30417866206e-07	-1,14601620421e-07	0,0	-4,89451862168e-08	-4,89451862168e-08	-1,34096147061e-07	-2,21311643211e-07	-1,14601620421e-07	0,0	-4,38047902685e-08	-1,26243703685e-07	-4,32711743001e-07	-1,48637539933e-07	-4,32711743001e-07	-2,10323980475e-07	-1,90899999641e-07	-6,42390302666e-07
209700	-7,10255765268e-05	-2,207134013e-05	0,0	-4,13734643546e-05	-4,13734643546e-05	-1,38842304621e-05	-1,51786155756e-05	-2,207134013e-05	0,0	-3,49680119113e-05	-1,18482181938e-05	-3,90550971673e-05	-1,78797725351e-05	-3,90550971673e-05	-2,7439349807e-06	-1,49310225707e-05	-1,38150328324e-05
210600	-1,25132213101e-08	-2,38658776843e-08	0,0	-3,0583532315e-08	-3,0583532315e-08	-7,73795013894e-08	-3,52260320926e-08	-2,38658776843e-08	0,0	-2,57844101185e-08	-2,26259325324e-08	-2,92174089182e-08	-1,69251089769e-08	-2,92174089182e-08	-1,75970061662e-08	-2,99803214616e-09	-2,95738358956e-08
211500	-1,54878215429e-05	-1,03892565274e-06	0,0	-6,62835666006e-06	-6,62835666006e-06	-3,3280936726e-06	-2,42416226846e-06	-1,03892565274e-06	0,0	-1,24530149844e-06	-7,01538839385e-07	-1,17881866757e-06	-4,85845585871e-07	-1,17881866757e-06	-3,16257007293e-07	-5,06454478963e-07	-4,40703986387e-07
212400	-1,21960569259e-05	-3,49060982968e-06	0,0	-5,97023646661e-06	-5,97023646661e-06	-5,11629579398e-06	-2,7265585381e-06	-3,49060982968e-06	0,0	-4,80016290177e-06	-4,71356845752e-06	-4,903688407e-06	-4,55507196618e-06	-4,903688407e-06	-4,25113141184e-07	-2,05439413163e-06	-2,79171208147e-06
213300	-1,18725576681e-05	-3,97664049196e-07	0,0	-4,57730444562e-06	-4,57730444562e-06	-2,20994619193e-06	-1,55456880141e-06	-3,97664049196e-07	0,0	-6,55468041007e-07	-4,50764206784e-07	-4,08341445977e-07	-2,13861442203e-07	-4,08341445977e-07	-1,33695696547e-07	-1,67722686867e-07	-1,53079417342e-07
214200	-2,81395350823e-05	-8,17876973826e-07	0,0	-1,08524526915e-05	-1,08524526915e-05	-5,23330280397e-06	-3,58480048378e-06	-8,17876973826e-07	0,0	-1,5504897646e-06	-9,78090171017e-07	-9,31776957647e-07	-4,83605421452e-07	-9,31776957647e-07	-3,01434322143e-07	-3,72763639015e-07	-3,47155249706e-07
215100	-6,52207183555e-05	-1,94298300856e-05	0,0	-3,87055847659e-05	-3,87055847659e-05	-1,69727526432e-05	-1,03186654182e-05	-1,94298300856e-05	0,0	-1,34272083371e-05	-1,02642070789e-05	-1,92996333461e-05	-1,23956328365e-05	-1,92996333461e-05	-4,64797164845e-06	-9,48726492234e-07	-1,07728802978e-05
216000	-1,53147630015e-05	-1,57036658256e-07	0,0	-5,47992586275e-06	-5,47992586275e-06	-2,48470943716e-06	-1,77228107036e-06	-1,57036658256e-07	0,0	-6,47916588854e-07	-4,53296343444e-07	-3,03090010557e-07	-1,62708199617e-07	-3,03090010557e-07	-1,0373852011e-07	-1,54073332816e-07	-8,72113318578e-08
216900	-3,64570620274e-05	-8,87827464698e-07	0,0	-1,37158514427e-05	-1,37158514427e-05	-6,45709772447e-06	-4,50351846005e-06	-8,87827464698e-07	0,0	-1,91015122675e-06	-1,28038462564e-06	-1,12423999725e-06	-5,90622360091e-07	-1,12423999725e-06	-3,58000100317e-07	-4,90219391826e-07	-4,17661342759e-07
217800	-4,85702128217e-05	-1,31402803677e-05	0,0	-2,97989833122e-05	-2,97989833122e-05	-1,71493897961e-05	-3,81112936443e-06	-1,31402803677e-05	0,0	-8,91101782208e-06	-1,38544465574e-05	-2,13802771984e-05	-5,6269339631e-06	-2,13802771984e-05	-1,28531434502e-05	-1,7996839721e-05	-6,872052507e-06
218700	-1,37483977277e-05	-5,27852784059e-07	0,0	-5,39140837868e-06	-5,39140837868e-06	-2,66115243104e-06	-1,85877625577e-06	-5,27852784059e-07	0,0	-7,42838045731e-07	-5,76173041561e-07	-6,1056964194e-07	-2,60222191833e-07	-6,1056964194e-07	-1,86595672415e-07	-3,01003507996e-07	-2,267176377e-07
219600	-4,98129161383e-05	-1,51555785993e-06	0,0	-1,91935543918e-05	-1,91935543918e-05	-9,15671385457e-06	-6,43771802336e-06	-1,51555785993e-06	0,0	-2,63932772493e-06	-1,95452397018e-06	-1,91870749155e-06	-8,84379315202e-07	-1,91870749155e-06	-5,96626774077e-07	-9,22445290298e-07	-7,61051593096e-07
220500	-8,68767293686e-05	-3,45565996241e-06	0,0	-3,51349160165e-05	-3,51349160165e-05	-1,72505719013e-05	-1,21493441724e-05	-3,45565996241e-06	0,0	-4,84656789767e-06	-3,48832621405e-06	-3,60265477993e-06	-1,7478054894e-06	-3,60265477993e-06	-1,1276877891e-06	-1,65079502713e-06	-1,29396800549e-06
221400	-0,000112615863452	-4,59897371678e-06	0,0	-4,55548710178e-05	-4,55548710178e-05	-2,23695391243e-05	-1,56106995941e-05	-4,59897371678e-06	0,0	-6,3103180257e-06	-4,80952932404e-06	-4,96215393891e-06	-2,38254911687e-06	-4,96215393891e-06	-1,52448528017e-06	-2,20114846776e-06	-1,93244820324e-06
222300	-6,76036314413e-05	-2,2350850455e-05	0,0	-3,89824892544e-05	-3,89824892544e-05	-2,61622582266e-05	-2,05350486522e-06	-2,2350850455e-05	0,0	-2,43062253357e-05	-1,44701116422e-05	-3,05426680302e-05	-2,01413169298e-05	-3,05426680302e-05	-3,10921406246e-06	-8,13611984748e-06	-1,39911518927e-05
223200	8,02370037655e-05	2,93196620402e-05	0,0	5,81100899802e-05	5,81100899802e-05	2,84131994583e-05	3,5251847814e-05	2,93196620402e-05	0,0	1,60122601336e-05	7,28731536913e-06	4,74048428187e-05	1,0737679072e-05	4,74048428187e-05	4,3056296482e-06	3,56070817846e-05	2,15671172512e-05
224100	-2,44501975984e-05	-6,46606562521e-06	0,0	-1,32936942276e-05	-1,32936942276e-05	-4,28445541586e-06	-2,63542765582e-06	-6,46606562521e-06	0,0	-1,23614570771e-05	-9,62913794603e-06	-1,32653365668e-05	-8,93869747439e-06	-1,32653365668e-05	-3,34209640286e-06	-2,82191076462e-06	-7,15372257205e-06
225000	-3,81732294989e-05	-9,13150334293e-06	0,0	-2,41599407127e-05	-2,41599407127e-05	-1,14401551836e-05	-5,3280862025e-06	-9,13150334293e-06	0,0	-2,78808992907e-06	-6,07260613941e-06	-7,11443533405e-06	-3,29656942566e-06	-7,11443533405e-06	-4,5481594075e-06	-3,1166120551e-06	-6,90132114268e-06
225900	-9,98484477299e-07	-1,49002890507e-07	0,0	-3,60856877631e-07	-3,60856877631e-07	-1,34175346318e-07	-6,31543174971e-07	-1,49002890507e-07	0,0	-5,30495260087e-07	-1,52750882807e-06	-1,82779911847e-07	-1,2355790514e-07	-1,82779911847e-07	-1,07886429523e-06	-6,33879356958e-08	-3,65517552096e-07
226800	0,000107312339661	4,03544952377e-05	0,0	7,22186671983e-05	7,22186671983e-05	4,05904931919e-05	3,4539848318e-05	4,03544952377e-05	0,0	3,11938242296e-05	7,0257303428e-06	4,7729238637e-05	1,95492065785e-05	4,7729238637e-05	2,00424411577e-06	2,34186458666e-05	2,49651570003e-05
227700	3,67831363667e-05	1,38244739424e-05	0,0	2,60435563678e-05	2,60435563678e-05	1,48019773199e-05	1,35338910379e-05	1,38244739424e-05	0,0	6,90399326651e-06	5,08742933275e-06	1,31943046863e-05	4,65966700749e-06	1,31943046863e-05	1,69912999455e-06	5,0417398122e-06	8,65625764254e-06
228600	5,34820410565e-05	2,07338255811e-05	0,0	3,60841208329e-05	3,60841208329e-05	2,2307702108e-05	1,59011552093e-05	2,07338255811e-05	0,0	1,42619355068e-05	2,61440968267e-06	2,66482885091e-05	1,30659907082e-05	2,66482885091e-05	5,60591073362e-06	1,03417097098e-05	1,27195615714e-05
229500	0,000136314362971	5,10248417643e-05	0,0	8,98709853173e-05	8,98709853173e-05	5,34915734425e-05	3,797486951e-05	5,10248417643e-05	0,0	4,01534333352e-05	9,10333934467e-06	7,11037312336e-05	3,07109664876e-05	7,11037312336e-05	7,75107569396e-06	2,92826796767e-05	3,53462605581e-05
230400	3,15258245612e-05	5,14352917544e-06	0,0	9,06089563875e-06	9,06089563875e-06	3,69704255083e-06	2,45121318406e-06	5,14352917544e-06	0,0	1,48495319081e-06	8,18677485016e-07	2,06717519294e-06	6,3570060799e-07	2,06717519294e-06	-2,97294173179e-07	6,72629144907e-07	7,87583825655e-07
231300	0,00015659826221	5,81897655151e-05	0,0	0,000102380326644	0,000102380326644	6,01640976165e-05	4,27795293609e-05	5,81897655151e-05	0,0	4,61897948825e-05	1,70381195495e-05	8,62142539329e-05	3,5747458907e-05	8,62142539329e-05	9,68078522593e-06	3,70132026114e-05	3,97045577638e-05
232200	2,82466566643e-05	4,70651599738e-06	0,0	8,21331811575e-06	8,21331811575e-06	3,41675554574e-06	2,24652146127e-06	4,70651599738e-06	0,0	1,38054433011e-06	7,58584731583e-07	1,97208456916e-06	5,9460155035e-07	1,97208456916e-06	-2,82353333399e-07	6,51660339343e-07	7,53725646064e-07
233100	3,43340321951e-05	5,45564869428e-06	0,0	9,76622163854e-06	9,76622163854e-06	3,99073477333e-06	2,50743109406e-06	5,45564869428e-06	0,0	1,53056913648e-06	8,24806904867e-07	2,18584076698e-06	6,51479815744e-07	2,18584076698e-06	-3,18648967826e-07	7,49053294306e-07	8,33998845378e-07
234000	0,000189202447769	6,8296102485e-05	0,0	0,000125593626999	0,000125593626999	8,01217058744e-05	4,61816458404e-05	6,8296102485e-05	0,0	4,17106688491e-05	2,72173548047e-05	0,000100868118504	3,6952364041e-05	0,000100868118504	1,18375330879e-06	4,88624502373e-05	5,34610693186e-05
234900	3,18342295755e-05	4,80334219195e-06	0,0	8,78907197883e-06	8,78907197883e-06	3,36030202553e-06	2,21253217273e-06	4,80334219195e-06	0,0	1,3127449347e-06	7,73235218551e-07	1,81343667898e-06	5,78066975495e-07	1,81343667898e-06	-2,42236768197e-07	5,46982225553e-07	7,01836203461e-07
235800	3,57808952334e-05	5,14319100449e-06	0,0	9,60487874915e-06	9,60487874915e-06	3,40251804148e-06	2,45683199916e-06	5,14319100449e-06	0,0	1,17348894248e-06	6,51184100668e-07	1,43848301452e-06	5,09815534059e-07	1,43848301452e-06	-1,62336483282e-07	3,78081292375e-07	5,03959471079e-07
236700	3,05143012289e-05	4,62501776648e-06	0,0	8,41383086294e-06	8,41383086294e-06	3,13173119569e-06	2,2216274908e-06	4,62501776648e-06	0,0	1,28432948187e-06	7,05088933684e-07	1,62451757292e-06	5,52961618871e-07	1,62451757292e-06	-2,18540990295e-07	5,94989677641e-07	5,05151446966e-07
237600	3,00233365097e-05	4,67976106559e-06	0,0	8,433445045e-06	8,433445045e-06	3,26725775943e-06	2,2394472602e-06	4,67976106559e-06	0,0	1,33952080322e-06	7,47285671406e-07	1,82121195506e-06	5,75686328875e-07	1,82121195506e-06	-2,75527845842e-07	6,98981887249e-07	6,30501812869e-07
238500	3,25165261398e-05	4,81512488247e-06	0,0	8,85265572758e-06	8,85265572758e-06	3,30801304381e-06	2,21784008017e-06	4,81512488247e-06	0,0	1,25994207351e-06	6,49598057563e-07	1,55751758211e-06	5,33309964941e-07	1,55751758211e-06	-2,06702032321e-07	5,50595978488e-07	4,93147261678e-07
239400	4,05424741916e-05	6,2913176111e-06	0,0	1,13070300087e-05	1,13070300087e-05	4,36709474894e-06	2,97990765998e-06	6,2913176111e-06	0,0	1,71773562627e-06	9,48879658217e-07	2,25978336885e-06	7,43998664488e-07	2,25978336885e-06	-3,00573180428e-07	7,1291235589e-07	8,08621880929e-07
240300	4,70906156811e-05	7,51029793652e-06	0,0	1,32319002178e-05	1,32319002178e-05	5,22087561855e-06	3,58236703236e-06	7,51029793652e-06	0,0	1,95675922277e-06	1,03461403381e-06	2,38144957021e-06	8,56639196765e-07	2,38144957021e-06	-2,24513266027e-07	6,18451386543e-07	6,91375789515e-07
241200	4,96107600287e-05	7,94041570828e-06	0,0	1,40662401822e-05	1,40662401822e-05	5,55617789961e-06	3,8433900051e-06	7,94041570828e-06	0,0	2,19043969161e-06	1,09821189008e-06	2,87728332065e-06	8,89454660115e-07	2,87728332065e-06	-4,07309217489e-07	9,93999633594e-07	9,93636822862e-07
242100	4,64946215685e-05	7,55211609568e-06	0,0	1,32515614316e-05	1,32515614316e-05	5,36825633527e-06	3,56504331281e-06	7,55211609568e-06	0,0	2,16212053796e-06	1,17190990253e-06	2,87364502935e-06	9,05709779845e-07	2,87364502935e-06	-4,15996127049e-07	9,90713203638e-07	9,77603627082e-07
243000	5,05741244218e-05	8,07564148916e-06	0,0	1,43064661355e-05	1,43064661355e-05	5,8173978829e-06	3,74024823865e-06	8,07564148916e-06	0,0	2,01495582352e-06	1,11061108568e-06	2,78925258601e-06	8,71130451038e-07	2,78925258601e-06	-4,02060816688e-07	9,63811343815e-07	9,50494607176e-07
243900	6,64593669425e-05	1,05122237094e-05	0,0	1,85959943029e-05	1,85959943029e-05	7,40231848984e-06	4,87113826416e-06	1,05122237094e-05	0,0	2,72265849603e-06	1,54951561235e-06	3,44843419226e-06	1,19168699053e-06	3,44843419226e-06	-4,31614520638e-07	1,11567949334e-06	9,8046099082e-07
244800	5,88166164064e-05	9,11267759354e-06	0,0	1,63550065733e-05	1,63550065733e-05	6,39061799187e-06	4,24439575185e-06	9,11267759354e-06	0,0	2,26462330934e-06	1,30734685853e-06	2,97169573377e-06	1,04068630534e-06	2,97169573377e-06	-4,2849834616e-07	1,08703247909e-06	1,02608860528e-06
245700	4,62168239936e-05	6,73945484971e-06	0,0	1,26564301294e-05	1,26564301294e-05	4,7452065105e-06	3,09350505015e-06	6,73945484971e-06	0,0	1,64929044776e-06	1,0408827118e-06	2,54228045616e-06	7,33801999526e-07	2,54228045616e-06	4,09389481037e-07	1,02629343298e-06	9,5956983494e-07
246600	3,18811025058e-05	4,71817841029e-06	0,0	8,74896471555e-06	8,74896471555e-06	3,22460572878e-06	2,24586401905e-06	4,71817841029e-06	0,0	1,27882363755e-06	7,16996952085e-07	1,76504336218e-06	5,23504276153e-07	1,76504336218e-06	2,67359365224e-07	6,7962753986e-07	5,99712049165e-07
247500	3,51309244535e-05	5,10138514463e-06	0,0	9,5391507824e-06	9,5391507824e-06	3,47012433474e-06	2,38232382497e-06	5,10138514463e-06	0,0	1,39108267508e-06	7,65439063557e-07	1,87556540511e-06	5,5694175675e-07	1,87556540511e-06	2,88813071839e-07	7,07393021185e-07	6,49166133168e-07
248400	3,60788856533e-05	5,26741005724e-06	0,0	9,81317549412e-06	9,81317549412e-06	3,55739863411e-06	2,51581576275e-06	5,26741005724e-06	0,0	1,3284789793e-06	7,51604139964e-07	1,77312699951e-06	5,46084534506e-07	1,77312699951e-06	2,66623794974e-07	6,22196567492e-07	6,31908105973e-07
249300	3,25520463556e-05	4,84189986007e-06	0,0	8,93939779728e-06	8,93939779728e-06	3,36162548127e-06	2,24706703858e-06	4,84189986007e-06	0,0	1,29773944021e-06	7,40806818816e-07	1,80651971441e-06	5,40999350905e-07	1,80651971441e-06	2,78975213303e-07	6,89062543412e-07	6,32476341448e-07
250200	3,02786084193e-05	4,50185382972e-06	0,0	8,32646634905e-06	8,32646634905e-06	3,12362787132e-06	2,10667829735e-06	4,50185382972e-06	0,0	1,19417554052e-06	6,80700241397e-07	1,67986951086e-06	4,98273831404e-07	1,67986951086e-06	2,5586439707e-07	6,30165631415e-07	5,97229823021e-07
251100	0,00018221596262	6,68738625999e-05	0,0	0,000119916523894	0,000119916523894	6,98907947033e-05	5,06897096594e-05	6,68738625999e-05	0,0	4,96234430915e-05	1,89292994686e-05	9,86639470734e-05	3,7357417386e-05	9,86639470734e-05	1,29212893131e-06	5,61895015463e-05	4,40265583077e-05
252000	0,000143781829293	5,29490218252e-05	0,0	9,44528007415e-05	9,44528007415e-05	5,51449932035e-05	3,98299409992e-05	5,29490218252e-05	0,0	3,93679416809e-05	1,57329599712e-05	7,46622878627e-05	3,38380450538e-05	7,46622878627e-05	3,14161417171e-06	3,72741055e-05	3,44156649993e-05
252900	0,000143614482241	5,33040783686e-05	0,0	9,39496032567e-05	9,39496032567e-05	5,39615725044e-05	4,05056168973e-05	5,33040783686e-05	0,0	3,96711452793e-05	1,43799096599e-05	7,71910336706e-05	3,06282791114e-05	7,71910336706e-05	3,99038833543e-06	3,57051074936e-05	3,7676332388e-05
253800	0,000161256327012	5,97737414387e-05	0,0	0,000105564199205	0,000105564199205	6,02386552451e-05	4,59077562321e-05	5,97737414387e-05	0,0	4,66070571417e-05	1,94023013944e-05	9,12245477214e-05	3,51440255573e-05	9,12245477214e-05	1,28320186998e-06	4,35718879113e-05	4,66137776564e-05
254700	0,000161812352433	5,93860090937e-05	0,0	0,000106488790792	0,000106488790792	5,92698113914e-05	4,78110648025e-05	5,93860090937e-05	0,0	4,64199766359e-05	1,75034207602e-05	8,86694560833e-05	3,51914348436e-05	8,86694560833e-05	2,93130372906e-06	4,40643849154e-05	4,18905110045e-05
255600	0,000125553424056	4,5970382788e-05	0,0	8,27295114744e-05	8,27295114744e-05	4,63647374674e-05	3,68249137386e-05	4,5970382788e-05	0,0	3,59695514086e-05	1,44148501877e-05	6,95813315946e-05	2,72119955221e-05	6,95813315946e-05	2,01960476678e-06	3,53553022214e-05	3,23791710298e-05
256500	9,56599357211e-05	3,4616545589e-05	0,0	6,34186015133e-05	6,34186015133e-05	3,51641266053e-05	2,86099044894e-05	3,4616545589e-05	0,0	2,64272509367e-05	8,50733836841e-06	4,83994973914e-05	2,14324784247e-05	4,83994973914e-05	4,59636167563e-06	2,25831008811e-05	2,13165383955e-05
257400	9,50216201865e-05	3,49030050827e-05	0,0	6,25063601057e-05	6,25063601057e-05	3,54826337067e-05	2,73703450719e-05	3,49030050827e-05	0,0	2,62552171985e-05	1,08914634783e-05	4,98408778021e-05	2,25141473306e-05	4,98408778021e-05	5,76936866687e-06	2,22969408694e-05	2,18741037214e-05
258300	8,55081755683e-05	3,1137063252e-05	0,0	5,65049110713e-05	5,65049110713e-05	3,04100322536e-05	2,641248439e-05	3,1137063252e-05	0,0	2,43555306753e-05	7,69356793713e-06	4,45252970764e-05	1,89252252339e-05	4,45252970764e-05	4,24688867559e-06	2,08150735348e-05	1,95544781702e-05
259200	7,41080541529e-05	2,66811650717e-05	0,0	4,92597784076e-05	4,92597784076e-05	2,65798513157e-05	2,29582450941e-05	2,66811650717e-05	0,0	1,94451140321e-05	6,76585801944e-06	3,75033038582e-05	1,56023605424e-05	3,75033038582e-05	2,59966983135e-06	1,88170934634e-05	1,61644201796e-05
260100	5,72904900977e-05	2,13626837236e-05	0,0	3,7385599428e-05	3,7385599428e-05	2,24353600948e-05	1,51558291909e-05	2,13626837236e-05	0,0	1,60070558936e-05	7,62038068946e-06	3,23740426288e-05	1,28251087107e-05	3,23740426288e-05	5,35165659276e-07	1,70526493895e-05	1,48699549338e-05
261000	6,32926806536e-05	2,35966756078e-05	0,0	4,13062499735e-05	4,13062499735e-05	2,42690377371e-05	1,72641859752e-05	2,35966756078e-05	0,0	1,84300555619e-05	6,70025030574e-06	3,51402077737e-05	1,38070732279e-05	3,51402077737e-05	4,66237471618e-07	1,89268975519e-05	1,58367309376e-05
261900	6,14606204674e-05	2,28549733114e-05	0,0	4,01659569115e-05	4,01659569115e-05	2,40008684468e-05	1,63862132513e-05	2,28549733114e-05	0,0	1,72414317122e-05	6,96709778128e-06	3,36817628231e-05	1,35912818906e-05	3,36817628231e-05	2,35270020249e-06	1,62913048187e-05	1,5113742737e-05
262800	3,14401248312e-05	1,16434863355e-05	0,0	2,05922285266e-05	2,05922285266e-05	1,23136099415e-05	8,39225229125e-06	1,16434863355e-05	0,0	8,98428870493e-06	4,50916066513e-06	1,74805627853e-05	7,77170375528e-06	1,74805627853e-05	2,38022860456e-06	7,42458298524e-06	7,71179197004e-06
263700	3,83272268422e-05	1,43069293877e-05	0,0	2,49965260976e-05	2,49965260976e-05	1,50761395972e-05	1,00578438939e-05	1,43069293877e-05	0,0	1,07926235012e-05	6,07595802422e-06	2,22107382358e-05	9,11507936094e-06	2,22107382358e-05	1,20632064148e-06	9,81093489843e-06	1,12501991671e-05
264600	2,98574955972e-05	1,12090405485e-05	0,0	1,94126447312e-05	1,94126447312e-05	1,17964442702e-05	7,72272401879e-06	1,12090405485e-05	0,0	9,01484717284e-06	4,60953928641e-06	1,77469263338e-05	7,21000956833e-06	1,77469263338e-05	7,69508981908e-07	8,40590898806e-06	8,61798154915e-06
265500	3,24396140137e-05	1,21379203918e-05	0,0	2,11296333095e-05	2,11296333095e-05	1,27377726153e-05	8,50790999795e-06	1,21379203918e-05	0,0	9,54361315665e-06	4,67570458519e-06	1,92414039143e-05	7,24650524525e-06	1,92414039143e-05	9,69466902358e-08	9,44078845845e-06	9,95376233531e-06
266400	2,54257264475e-05	9,32622192596e-06	0,0	1,67379051819e-05	1,67379051819e-05	9,58189029338e-06	7,24885322645e-06	9,32622192596e-06	0,0	6,99713160168e-06	2,68561115828e-06	1,3347872773e-05	5,7415160282e-06	1,3347872773e-05	1,2630352674e-06	5,94519946795e-06	6,16765532577e-06
267300	2,04931084928e-05	7,4239303913e-06	0,0	1,35786487207e-05	1,35786487207e-05	7,8357257675e-06	5,8186906804e-06	7,4239303913e-06	0,0	5,54176051368e-06	2,29612752819e-06	1,07936090556e-05	4,53346977181e-06	1,07936090556e-05	1,12561151226e-06	4,53022814924e-06	5,16054336016e-06
