time	sensor_1	sensor_2	sensor_3	sensor_4	sensor_5	sensor_6	sensor_7	sensor_8	sensor_9	sensor_10	sensor_11	sensor_12	sensor_13	sensor_14	sensor_15	sensor_16	sensor_17
0	0	0	0	0	0	0	0	0	0	0	0	0	0	0	0	0	0
900	0,00505956876369	0,00475718017256	0	0,00521776024798	0,00521776024798	0,00574842063628	0,00436914483967	0,00475718017256	0	0,00316213362825	0,00622667757614	0,00444953846389	0,00431599255963	0,00444953846389	0,0100613980987	0,00432499681379	0,00407265705594
1800	-0,0278495112214	-0,0318621014503	0	-0,0260036472176	-0,0260036472176	-0,0326151057282	-0,0184662857621	-0,0318621014503	0	-0,0360943460522	-0,0187538965761	-0,0621445845958	-0,0533719223591	-0,0621445845958	0,00655882009191	-0,146419583359	-0,0678837065019
2700	0,01132796399	0,0117785125911	0	0,0110915753702	0,0110915753702	0,0117390869194	0,0101092131221	0,0117785125911	0	0,0122631236213	0,00814555419183	0,0135650472569	0,0132588596077	0,0135650472569	-0,00703736796647	0,0151827905421	0,0137388211565
3600	-0,000107835817423	-0,000510385314126	0	9,5907662314e-05	9,5907662314e-05	-0,000443581024113	0,000852388554695	-0,000510385314126	0	-0,000472015438379	0,000405216830884	-0,000516423245735	-7,58222192504e-05	-0,000516423245735	0,00287254585757	-0,00138916081139	-2,43677393949e-05
4500	-0,00218884453583	-0,00180875856652	0	-0,00238723672055	-0,00238723672055	-0,00378022403161	-0,000725753072321	-0,00180875856652	0	4,45847391281e-05	-0,00428545435343	-0,00153177407544	-0,000888595309667	-0,00153177407544	0,00178387976584	-0,00262545667149	-0,000973251576164
5400	-0,00307218915611	-0,00273138630514	0	-0,00325487581276	-0,00325487581276	-0,00255102032223	-0,00416489691876	-0,00273138630514	0	-0,00278551095559	0,00391462350746	-0,00135941912526	-0,00279643025891	-0,00135941912526	-0,00740574389946	-0,00045173110852	-0,00163248381256
6300	-0,00173546808069	-0,00148556553309	0	-0,00187228334267	-0,00187228334267	-0,00106858852642	-0,00302607836921	-0,00148556553309	0	-0,00148638805238	0,00253578690828	-0,000796994968823	-0,000640774519317	-0,000796994968823	0,00578929775324	-0,00149994010292	-0,00122455742737
7200	0,0020737025378	0,0019723765369	0	0,00212858422054	0,00212858422054	0,00224831549084	0,00195317642342	0,0019723765369	0	0,000368135339705	-0,00250572867591	0,000846629332205	0,000456770203211	0,000846629332205	-0,0392011552068	0,00151361090548	0,00199052681598
8100	-0,0041137026186	-0,00446979613877	0	-0,0039257761638	-0,0039257761638	-0,00339880408331	-0,00474976619961	-0,00446979613877	0	-0,00397189390457	-0,00662914659252	-0,00446145300929	-0,00492767639107	-0,00446145300929	-0,110416625612	-0,00313098101125	-0,00502780045992
9000	-0,000926431402691	-0,0010347335076	0	-0,000869808945545	-0,000869808945545	-0,000962080927268	-0,000727448877624	-0,0010347335076	0	-0,00120811239136	-0,00569396982114	-0,00214116196082	-0,000401812355146	-0,00214116196082	0,0150059198488	-0,00351726285955	-0,00229054379093
9900	0,000282653409975	0,00070070688116	0	5,52557339112e-05	5,52557339112e-05	-0,00104466463061	0,00150769053307	0,00070070688116	0	0,00218557270236	-0,000190477228502	0,00126255353667	0,00101024837852	0,00126255353667	0,00716031482965	0,000310269348495	0,00130434453577
10800	-0,00179787946371	-0,0020371603142	0	-0,00167027493428	-0,00167027493428	-0,00171162340118	-0,00161595802473	-0,0020371603142	0	-0,00205488753948	0,00166893696176	-0,00136398420322	-0,00210681425198	-0,00136398420322	-0,00242431743874	-0,00132652925806	-0,0012593143048
11700	0,000864585229072	0,0007595128966	0	0,000920050966963	0,000920050966963	0,00153589594478	3,05825553101e-05	0,0007595128966	0	-0,00132956803491	0,00429133289103	0,000808825342737	0,00015810877161	0,000808825342737	-0,708905070532	0,0031650687021	0,000419890331611
12600	0,00116561291559	0,00122508382366	0	0,00113403212305	0,00113403212305	0,00150391911118	0,000566783754917	0,00122508382366	0	0,00152167521958	-0,000592775261198	0,00109222202559	0,000973949711157	0,00109222202559	0,0128867108193	0,00103508688076	0,00129342896263
13500	0,0010980814563	0,00106453923763	0	0,00111583245112	0,00111583245112	0,00131573186494	0,000798951811433	0,00106453923763	0	0,000258842195216	0,000528731160734	0,000486877964904	0,00127590136068	0,000486877964904	0,014100902957	-0,00117836303558	0,000689876967427
14400	-0,00226990441868	-0,0022859406235	0	-0,00226142476258	-0,00226142476258	-0,00270255504395	-0,0016018820285	-0,0022859406235	0	-0,00131080011108	-0,00337957897641	-0,0024678035728	-0,00120529352017	-0,0024678035728	0,00882854312224	-0,00449589539264	-0,00276214781192
15300	-0,00210730832011	-0,00196575591706	0	-0,00218299884438	-0,00218299884438	-0,003023822741	-0,00105177231793	-0,00196575591706	0	-0,000292694349424	-0,0012995812341	-0,00107952573623	-0,00165344303665	-0,00107952573623	0,000222115418809	-0,00128596043304	-0,00115868997139
16200	0,0025297003422	0,00272754350608	0	0,00242158122391	0,00242158122391	0,00268908115772	0,00204511113234	0,00272754350608	0	0,00255768643709	0,00566824826884	0,00288326598925	0,00378387707904	0,00288326598925	-0,107343054601	0,00619594617835	0,00137387631427
17100	-0,000959122582801	-0,00123410334486	0	-0,000812391504604	-0,000812391504604	-0,000487282338157	-0,00129138481371	-0,00123410334486	0	-0,00244096381915	-0,00163069205028	-0,000970474797225	-0,00366100347532	-0,000970474797225	-0,0340932715662	-0,00195086199581	0,000633434352713
18000	2,77539180063e-05	-9,21194632897e-05	0	9,10193336692e-05	9,10193336692e-05	0,000116266918075	5,36805415237e-05	-9,21194632897e-05	0	-0,000846351727887	-0,0179039743532	-0,00222532869434	-0,00140232714836	-0,00222532869434	0,0125025344096	-0,00283184423075	-0,002393672807
18900	0,00047819076	0,000470544676786	0	0,00048222260261	0,00048222260261	0,000335023119897	0,00069511630045	0,000470544676786	0	0,00122847090692	0,00341054926627	0,000990383688448	0,00125395704944	0,000990383688448	0,0109626301364	-0,000509727845169	0,0014691983164
19800	-0,00129340434412	-0,0014093009602	0	-0,00123287667552	-0,00123287667552	-0,00151391113545	-0,000841451193782	-0,0014093009602	0	-0,00131332220949	0,00102880308774	-0,00109335730908	-0,00104061787722	-0,00109335730908	0,00746534074224	-0,00219315474333	-0,00169288081237
20700	0,00139009016785	0,0015309304632	0	0,00131548893703	0,00131548893703	0,00139358384441	0,00120537734386	0,0015309304632	0	0,00197181547925	0,00200537306257	0,00194451642988	0,00126678304761	0,00194451642988	-0,0375252647941	0,00388044927942	0,00191051782671
21600	0,00131487511786	0,00151451910707	0	0,00120698068652	0,00120698068652	0,00164923323163	0,000537247852116	0,00151451910707	0	0,00198151616421	0,00396562520846	0,00223094369534	0,00151577609908	0,00223094369534	-0,00238522317028	0,00412138063195	0,00114204248071
22500	0,000980277539774	0,000844285870126	0	0,00105280091523	0,00105280091523	0,000730976588519	0,00151614727621	0,000844285870126	0	8,06388113191e-05	-0,00102213610918	-9,7181572139e-05	0,0013402655221	-9,7181572139e-05	0,0104111952777	-0,00328581786226	0,000799838358138
23400	0,000658690612841	0,000605707878721	0	0,000686802793754	0,000686802793754	0,000389305332136	0,00109651519404	0,000605707878721	0	-2,44738986389e-05	-0,00205879433699	6,67274642021e-05	6,42935871091e-05	6,67274642021e-05	0,00407446322214	-0,00157881960415	0,00101655287997
24300	-0,000584922889354	-0,000758099129316	0	-0,000494423302216	-0,000494423302216	-0,000631722336906	-0,000308864227513	-0,000758099129316	0	-0,000162824298002	-0,00016658045534	-0,000704654934735	8,63022838761e-05	-0,000704654934735	0,00404666574317	-0,00122184875681	-0,00112599765911
25200	0,00186779083522	0,00192864902353	0	0,00183578420385	0,00183578420385	0,0023433970968	0,00108969964573	0,00192864902353	0	0,00159697927635	0,00556064282798	0,00268325372387	0,00156933327121	0,00268325372387	-0,0507578265784	0,00398671993381	0,00341883744442
26100	0,000410222585343	0,000669510555711	0	0,000270467773722	0,000270467773722	0,000196210325149	0,000378402974484	0,000669510555711	0	0,00170878811352	-0,000870489820905	0,000875550458216	0,000761489518972	0,000875550458216	-0,00683470646955	0,00114077008259	0,000812736544227
27000	-0,00016006402178	-0,000196591151997	0	-0,000140441464233	-0,000140441464233	-0,000382226806035	0,000199019123199	-0,000196591151997	0	-0,000256175945104	-0,00242215657606	-0,000736672658674	9,04116512232e-05	-0,000736672658674	0,00716878859206	-0,000630127360715	-0,00120835136872
27900	0,00188502166195	0,00200446153884	0	0,00182004850772	0,00182004850772	0,00168186242972	0,00200981100498	0,00200446153884	0	0,00243147819272	0,00347260218785	0,00252969780825	0,00194408115681	0,00252969780825	-0,0413147718076	0,00231618455004	0,0031994926103
28800	0,00304803057398	0,00309377665062	0	0,00302301088623	0,00302301088623	0,00305030208644	0,00298535217263	0,00309377665062	0	0,00343243129657	0,00393104073946	0,00319422172336	0,00369567430681	0,00319422172336	0,0159550031244	0,00100169384907	0,00227642635018
29700	0,00228243742759	0,001615187721	0	0,00262285170592	0,00262285170592	0,00227555450343	0,0030754153714	0,001615187721	0	-0,000592410271489	-0,00371712117628	0,000315466922141	-6,08162739159e-05	0,000315466922141	-0,00871945333683	0,00231254047977	-0,000377096819328
30600	0,00485494451711	0,00552628975188	0	0,0044802610659	0,0044802610659	0,0051614074973	0,00346150349801	0,00552628975188	0	0,00742698555111	0,0106815679778	0,00702023091945	0,00750850336646	0,00702023091945	0,0109667398188	0,00614088258077	0,00685322167237
31500	-0,00224719830505	-0,00251361252663	0	-0,0021016997534	-0,0021016997534	-0,00282370699617	-0,00111642322295	-0,00251361252663	0	-0,00279359690804	-0,0192077259391	-0,00346715138572	-0,00695154771553	-0,00346715138572	-0,0165629983005	-0,00103439081232	0,000877616243838
32400	-0,00394616399038	-0,00369164627005	0	-0,0040878473789	-0,0040878473789	-0,00398035535746	-0,00423634737434	-0,00369164627005	0	-0,00335499482485	0,00393026725548	-0,00348812346004	0,000195438882011	-0,00348812346004	0,0049790009821	-0,00621314912511	-0,00937644226367
33300	0,00119237417507	0,00115446209511	0	0,00121339729095	0,00121339729095	0,00113618468533	0,00131881462985	0,00115446209511	0	0,000961540979746	0,00313825990795	0,00137761591264	0,00156448398439	0,00137761591264	0,00146681126794	0,00168665492401	0,00104552567664
34200	-0,00190394268453	-0,00259655687592	0	-0,00097436011	-0,00097436011	-0,00280285400909	0,00198802222106	-0,00259655687592	0	-0,00962418983259	-0,00503423473546	-0,00387443046547	-0,00623327632943	-0,00387443046547	-0,0212045928306	-0,00215935234194	-0,00149271010565
35100	0,00515834970313	0,00500153671422	0	0,00487189418984	0,00487189418984	0,00720947373208	-0,00056864013252	0,00500153671422	0	0,00567354924761	0,00655968080454	0,00531900949164	0,00479150786257	0,00531900949164	-0,0960571696725	0,00658628104499	0,0045769137578
36000	-0,0198566286833	-0,0171396239095	0	-0,0172918723226	-0,0172918723226	-0,0118967983151	-0,0187810139578	-0,0171396239095	0	-0,0138172344787	-0,0143037826015	-0,0116077082742	-0,0155499257014	-0,0116077082742	0,015488961469	-0,0142394603468	-0,0116164697137
36900	0,00302166324383	0,00438460671166	0	0,00187512205444	0,00187512205444	-0,00221784005308	0,00657703018948	0,00438460671166	0	0,00742984063444	-0,00160333221083	0,00428619024366	0,00530574334267	0,00428619024366	0,00330844967994	0,00277589225684	0,00512615096945
37800	0,00436348917383	0,00382664583226	0	0,00432328012063	0,00432328012063	0,00448851646566	0,00330379749125	0,00382664583226	0	0,00050486937681	0,00848927647762	0,00412243993207	0,00120058865912	0,00412243993207	-0,0281872230557	0,00496549676582	0,00671136635572
38700	-0,121200539033	-1,53949104544	0	-0,209943613439	-0,209943613439	-0,826351149688	-0,11640876111	-1,53949104544	0	-0,44762415913	-0,0292529476175	-0,239574705823	-0,157021982787	-0,239574705823	0,00732182295187	-0,0600256971472	-13,9954876403
39600	0,0112652045404	0,0151497060788	0	0,0129408909795	0,0129408909795	0,0145522057924	0,0013429794235	0,0151497060788	0	-0,000155237003624	-0,0842035192731	0,00434616253142	-0,0515652841629	0,00434616253142	0,00724081053107	-0,00694013937076	0,0163948557761
40500	0,00677483044294	0,0120313649329	0	0,006408829751	0,006408829751	0,0091504196841	0,00970764479963	0,0120313649329	0	0,0159167211368	0,0129887166567	0,0108067558986	0,0161494496335	0,0108067558986	-0,278317962212	-0,0576554075451	0,00468997555387
41400	0,00458423335103	0,00449205316047	0	0,00548280071271	0,00548280071271	0,00821819697931	0,00393343725229	0,00449205316047	0	-0,0192487913707	0,00743729068102	-0,00177207758072	-0,00155642500823	-0,00177207758072	0,0133702129292	0,00869942583651	-0,00187020539369
42300	0,0131706440111	0,0137487800885	0	0,0132845976439	0,0132845976439	0,0134593453601	0,0142362164901	0,0137487800885	0	0,0147249650606	0,0134754120351	0,0150098927668	0,0137033091389	0,0150098927668	-0,416602298766	0,0160862955234	0,0156054702971
43200	-0,00190460383662	-0,00223054872946	0	-0,00187164671532	-0,00187164671532	-0,00224533288176	-0,0016389624373	-0,00223054872946	0	-0,00266562587521	-0,000938414978549	-0,00269743126434	-0,00157839603111	-0,00269743126434	0,0163079330559	-0,0105449421535	0,000243646013244
44100	-0,0171153579211	-0,0171972685339	0	-0,0186197366684	-0,0186197366684	-0,0195796810333	-0,0228486537415	-0,0171972685339	0	-0,0135390626366	-0,0248341414109	-0,021002572781	-0,014963084724	-0,021002572781	-0,0110907262788	-0,0203216956656	-0,0341937687829
45000	0,00649171905187	0,00651045963552	0	0,00655779616325	0,00655779616325	0,00622839188106	0,00733219241722	0,00651045963552	0	0,00799173581316	0,00874779548088	0,00855089331024	0,00599643147054	0,00855089331024	0,013287896864	0,0108220434501	0,0104459097327
45900	-0,000405918586169	0,000188051552623	0	-0,000706138145615	-0,000706138145615	-0,000589768543513	-0,000975217927875	0,000188051552623	0	-0,000779641111133	0,00145868701679	-0,000512649765731	0,00136513109988	-0,000512649765731	-0,0764446615868	-0,00450776242621	-0,00257832355664
46800	-0,00636870286657	-0,00740775697593	0	-0,00681750599593	-0,00681750599593	-0,00649764169484	-0,0114503197318	-0,00740775697593	0	-0,00910166931399	-0,00762360452157	-0,00896519467035	-0,010328144296	-0,00896519467035	-0,569952145506	-0,00597302500513	-0,019443317426
47700	0,00889969334181	0,0	0	0,0	0,00942084342162	0,0096461408805	0,0107914069903	0,00888683952747	0	0,00754465289442	0,00894029014355	0,00915003865557	0,00856795346239	0,00915003865557	0,0163890252208	0,0103532134877	0,0105310611742
48600	-0,00892273414907	0,0	0	0,0	-0,00905386394751	-0,00927979691881	-0,011158732843	-0,0102452845207	0	-0,0134471667778	-0,00737884148752	-0,00980056781967	-0,0166941985394	-0,00980056781967	0,013119280608	-0,012759148021	-0,00201230923091
49500	-0,00762657302531	0,0	0	0,0	-0,00772591715229	-0,00802846477003	-0,00660145428292	-0,00696939497954	0	-0,00273329158323	-0,006456281647	-0,00797633951557	0,000458778419506	-0,00797633951557	-0,248169778107	-0,01353568243	-0,0146522178445
50400	0,0101026166433	0,0	0	0,0	0,0101742769643	0,010463919433	0,0105235880303	0,0104974617226	0	0,0105219823821	0,00954822043863	0,0109550113974	0,00990467822484	0,0109550113974	-0,0639430650682	0,0121754728224	0,0111914928311
51300	-0,0252784256506	0,0	0	0,0	-0,0261343159778	-0,0252257056311	-0,0327961112015	-0,0262334856939	0	-0,0262321770065	-0,0148373729726	-0,0247432812912	-0,0236491977704	-0,0247432812912	0,0131667288585	-0,0271276002826	-0,0254524101244
52200	-0,110282591833	0,0	0	0,0	-0,147644752795	-0,296574377547	-0,860128719038	-0,208138242072	0	-0,0728740855601	-0,0993085245245	-1,08299654134	-0,0742187032607	-1,08299654134	0,00929545020108	-0,128328246491	-0,0691180813109
53100	0,0101871602914	0,0	0	0,00016501650165016404	0,0121534117669	0,0145563075349	0,0161051022793	0,0137001632325	0	0,00593749458704	0,00601604235552	0,016112271541	0,00595839413123	0,016112271541	-0,0559876277065	0,0136464245492	0,0112958977508
54000	-0,000616635413526	0,0	0	0,0	-0,000304563487606	4,56115077738e-05	3,51734694304e-05	-0,000434387929509	0	0,000319355836702	-0,0121648658928	-0,00131037396138	-0,000126946486754	-0,00131037396138	0,0109052542255	-0,0117398896229	0,00323702438387
54900	0,00670285690499	0,0	0	0,0	0,0048348894726	0,00170029734895	-0,00303966948871	0,00381023255334	0	0,0100565457018	0,0117284142739	0,00468673612235	0,00635642457176	0,00468673612235	0,0139849977303	0,00863693376464	-0,00433281005825
55800	-0,0278283175841	0,0	0	0,0	-0,0212606263044	-0,0169052680571	-0,00207204526208	-0,0155684853767	0	-0,0218552761203	-0,0347990136521	-0,0114748964815	-0,0131919039965	-0,0114748964815	-0,0794806613626	-0,0298687367875	0,000946773340595
56700	0,0114090477223	0,0	0	0,0	0,0111010749815	0,0111631178223	0,00923191484672	0,0106426552092	0	0,0102189613693	0,0123564199089	0,01018565934	0,0103608313794	0,01018565934	-0,0202226472705	0,0114993474641	0,00876151088729
57600	-0,00956261021325	0,0	0	0,0	-0,0090659803725	-0,0090651414197	-0,00788692292739	-0,00951629366605	0	-0,0107958778123	-0,0271667117333	-0,0128491443033	-0,00918109500919	-0,0128491443033	0,0144032341322	-0,00982893143215	-0,0258298476263
58500	0,00692715477619	0,0	0	0,0	0,0068737359428	0,00632302846465	0,00712194985978	0,00666495906502	0	0,00671559618584	0,00239084901776	0,00566830879129	0,007007498547	0,00566830879129	0,00261376275275	0,0062482759778	0,00516456022551
59400	0,00165055530802	0,0	0	0,0001650165016501663	0,00163241602633	0,00180244132825	0,00141511623756	0,00168405296298	0	0,00151974777602	0,0051663570657	0,00268989369904	0,000474594816168	0,00268989369904	-0,000876281061146	0,00307964575042	0,00302239832598
60300	-0,000447495024957	0,0	0	0,0	-0,000148864473084	-0,000285125191878	2,21262781122e-05	-0,00102779877771	0	-0,00589011831348	0,000245222217	-0,00252979554856	-0,00232863403801	-0,00252979554856	-0,0059713456211	-0,00315778883843	-0,00121150652472
61200	0,00180601631459	0,0	0	0,0	0,00161805882468	0,0022659827029	0,00071756873737	0,00215814991881	0	0,00317991309028	0,00361779784874	0,00307749807167	0,00182007192509	0,00307749807167	-0,0315760076669	0,0038621482478	0,00386120434238
62100	-0,00239900717034	0,0	0	0,0	-0,00231164529353	-0,00263079009765	-0,00188523173396	-0,00256486119061	0	-0,00173874060892	-0,0024492286651	-0,00204871275643	-0,00280227180324	-0,00204871275643	0,00190012876872	-0,00153325186291	-0,000712536846769
63000	0,000321598562012	0,0001650165016501641	0	0,0	0,000336426331103	0,000367879510515	0,000294211379846	0,000293374253873	0	-0,00113567378232	0,000778179735553	5,60825261302e-05	-0,000555376322267	5,60825261302e-05	0,000517068720384	-0,000763455664044	0,000870367034936
63900	-0,000928737989242	0,0	0	0,0	-0,00114861724221	-6,51417250006e-05	-0,00284435200855	-0,000524857050136	0	-0,000770798187479	0,00397142167276	4,90701944497e-05	0,000867265179849	4,90701944497e-05	-0,0263936095952	0,000205380005739	-0,000696387483706
64800	-0,00199310251571	0,0	0	0,0	-0,00201642236082	-0,00290352830711	-0,000778790959352	-0,00195055673851	0	0,000190748916042	-0,0092485331856	-0,0024079546504	-0,00176239144346	-0,0024079546504	-0,036206574878	-0,00321650571805	-0,0019045755978
65700	0,00307157258727	0,0	0	0,0	0,0030670328691	0,00288326679886	0,00331539983453	0,00307997432617	0	0,00356843369181	0,00231488353391	0,00302749387888	0,00347276647674	0,00302749387888	0,0150828561235	0,00321775454077	0,00170606786301
66600	-0,000258882357759	0,0	0	0,0	-8,76068721929e-05	0,000810346605105	-0,00147611166105	-0,000581307997819	0	-0,0039813101629	-0,00176348812513	-0,00148177914658	-0,00287484793431	-0,00148177914658	-0,623504247357	-0,00214762382914	0,000361412845746
67500	-0,00163971007519	0,0	0	0,0001650165016501656	-0,00155192881807	-0,00264973019483	-8,02094538653e-05	-0,00180727411453	0	0,000759488183788	-0,0300300266806	-0,00330682234282	-0,000213419517669	-0,00330682234282	0,0165064073278	-0,00640975067057	-0,00584214193968
68400	0,00483361912177	0,0	0	0,0	0,00493322656669	0,0053798435505	0,00427592917996	0,00463870766131	0	0,00489837475844	0,00899674782779	0,00508973254048	0,0051247122176	0,00508973254048	0,00775358411132	0,00619774148266	0,00266631019281
69300	-0,0018158561469	0,0	0	0,0	-0,00184064877052	-0,00223055215191	-0,00129522037676	-0,00176753370049	0	-0,00238980345495	-0,0104691747205	-0,00200859684511	-0,00374871096455	-0,00200859684511	-0,0169977518853	-0,00229463963343	0,0011322241918
70200	0,00195196259848	0,0	0	0,0	0,00193523482312	0,00242417277748	0,00119210119797	0,00198445719703	0	0,00141199218171	0,00962967993685	0,00274532328288	0,00248194580992	0,00274532328288	0,000309275914345	0,00399699849332	0,00172800800073
71100	0,00139271755273	0,0001650165016501646	0	0,0	0,00111522477873	0,000328513056259	0,00217575151465	0,00190440737253	0	0,00334464902718	0,00405362874178	0,00281539616642	0,00249436475781	0,00281539616642	0,00275929282943	0,00265074978707	0,00300982425958
72000	0,000655686153576	0,0	0	0,0	0,000678109072803	0,000861149086338	0,000424545975572	0,000614173505493	0	-0,00015901704756	-0,00219560669166	0,000303925547375	-0,000786641965625	0,000303925547375	-0,102656477698	0,00296939309268	-9,45498247824e-05
72900	-0,00331632615604	0,0	0	0,0	-0,00333320031292	-0,00365918309015	-0,00289852002241	-0,00328516124901	0	-0,00215995474314	0,00215894515508	-0,00228655688243	-0,00150997196658	-0,00228655688243	0,00605319176086	-0,0070293636964	0,000976226415338
73800	-0,000383065331649	0,0	0	0,0	-0,000291740157782	6,70723332012e-06	-0,000706746066548	-0,000554345874842	0	-0,0023105775704	-0,00504480149721	-0,00225899361816	-0,000553477241657	-0,00225899361816	0,0127111002702	-0,0034771238013	-0,00389446834564
74700	-0,00092967664897	0,0	0	0,0	-0,000883761768828	-0,000666954155778	-0,00119441762905	-0,00101644110599	0	-0,00130781067778	-0,0102743714189	-0,00122580963498	-0,0037639506056	-0,00122580963498	-0,032654741223	0,00131558342772	0,000373138055308
75600	-0,00321696787204	0,0	0	0,0	-0,0030584522697	-0,00241849068876	-0,00405401159766	-0,00352357504021	0	-0,0077687692942	0,00663579359941	-0,00345646057335	-0,00215492365634	-0,00345646057335	-0,0295286467876	-0,00367658309904	-0,00513469412609
76500	4,18867428846e-05	0,0	0	0,0	-7,15029858849e-05	0,000187899546755	-0,000491685838101	0,000256906448527	0	0,000469088790048	8,11106407941e-05	0,000594977106943	-0,000511609137945	0,000594977106943	0,00949908027865	0,00188538512457	0,000614562995655
77400	-0,00263946936812	0,0	0	0,0	-0,0028410601691	-0,00363220910009	-0,0016826597936	-0,0022685575833	0	0,00212604596149	-0,00889482331141	-0,00175154102515	-0,00049548240346	-0,00175154102515	0,000980571289726	-0,00312797486328	-0,00293841533926
78300	0,00123438606868	0,0	0	0,0	0,00131704407871	0,00188544718848	0,000401220189896	0,00108000929783	0	0,000795496098931	0,00560782148467	0,00185652226001	0,00130384941807	0,00185652226001	-0,000607142864673	0,00131272582957	0,00258498476391
79200	-0,00217090795183	0,0	0	0,0	-0,00228060919652	-0,00280355556144	-0,00149467577153	-0,00196937167158	0	-0,00164033031512	-0,00132511716081	-0,00223059015995	-0,000610358378276	-0,00223059015995	0,0052973064646	-0,0028982539349	-0,00238258919236
80100	-0,000677191734533	0,0	0	0,0	-0,000733145774568	-0,000682530626599	-0,000809774677805	-0,000575256863991	0	-0,0001623195153	-0,00129079198	-0,000272755824323	-0,00118660414502	-0,000272755824323	-0,0106919643064	0,000890084642208	-0,000847399068798
81000	-0,00140184592915	0,0	0	0,0	-0,00133550014594	-0,00135172206543	-0,00131099407356	-0,00152396206964	0	-0,00254980694355	-0,00156266784783	-0,00200116015474	-0,00163110306273	-0,00200116015474	-0,0181717888852	-0,00393338919574	0,00026754788122
81900	0,000798465230114	0,0	0	0,0	0,000798290971912	0,000773197779141	0,000836044569351	0,000798780946585	0	-0,000322672105958	0,00248641952474	0,00066655905561	0,000877789713514	0,00066655905561	0,0102653568548	0,000808127096578	-0,000314496301485
82800	-0,00365051322479	0,0	0	0,0	-0,00373498731494	-0,00437974382828	-0,0028360478718	-0,00349681385811	0	-0,00218681966108	-0,00269747180336	-0,00281992442609	-0,00309733988571	-0,00281992442609	-0,0668222267741	-0,00242087590008	-0,00193747460965
83700	-0,00068676350507	0,0	0	0,0	-0,000599152759621	-0,000391446589995	-0,000897328897455	-0,000848442533237	0	-0,00224521309509	-0,00543369160267	-0,00170580269271	-0,00285017155824	-0,00170580269271	0,0036176787515	-0,00129403683556	-0,00226332369796
84600	-0,000376980704703	0,0	0	0,0	-0,00037451171221	-0,000140515609286	-0,000722052088552	-0,000381537057996	0	0,00087508268067	-2,71638273609e-05	-9,26966617395e-05	0,000645373248295	-9,26966617395e-05	-0,00298596099576	0,00107558580526	-0,00134820229496
85500	-0,00197441138571	0,0	0	0,0	-0,00191379800317	-0,00232120326653	-0,00133997000336	-0,00208735266272	0	-0,00234997474228	-0,00822010352075	-0,00267063380278	-0,00354743960238	-0,00267063380278	-0,00383780958668	-0,00250496972219	-0,00283364356147
86400	-0,00515896954538	0,0	0	0,0	-0,00477325202992	-0,00465271824733	-0,00494534816665	-0,00591603135725	0	-0,00669847955477	-0,0132523127774	-0,00703788649305	-0,00653718602131	-0,00703788649305	0,00932300510368	-0,00819888717227	-0,00706579066333
87300	-0,000883843178884	0,0	0	0,0	-0,00108786901739	-0,00116345906767	-0,000981043242814	-0,000496711958384	0	0,000591441808753	0,00815217002075	0,001454817113	0,00107985726589	0,001454817113	0,00488570866539	0,00145665405381	0,00108894786722
88200	-6,34618792259e-06	0,0	0	0,0	9,09103445744e-05	0,000662297795717	-0,000789850179717	-0,000194057797998	0	-0,00252195003753	-0,00174930185361	-0,00118676412249	-0,00128878494056	-0,00118676412249	-0,0227224362321	-0,00125775492578	-0,000137210021489
89100	-0,00271772207421	0,0	0	0,0	-0,00268442163438	-0,00314417920236	-0,00201608527145	-0,0027823100379	0	-0,000913583594298	-0,0214885227304	-0,00389889247021	-0,00323714915478	-0,00389889247021	0,00435231639526	-0,00389722682109	-0,00454359153578
90000	-0,00221393134141	0,0	0	0,0	-0,0022023102933	-0,00263284643953	-0,00160963410652	-0,0022365085876	0	-0,00221005507923	-0,0181523018399	-0,00312514073359	-0,00274369422268	-0,00312514073359	-0,0102304027523	-0,00362069018539	-0,00223061265658
90900	0,000767932813934	0,0	0	0,0	0,000573157633294	0,000586269067541	0,000555073143477	0,00113327275839	0	0,001824684519	0,0109490873185	0,00266612554965	0,00240531174891	0,00266612554965	0,00441219796443	0,00118024537534	0,00382320595588
91800	-0,00306581045599	0,0	0	0,0	-0,00302994687351	-0,00378934668191	-0,00207053827479	-0,00313342540055	0	-0,00251050016733	-0,00285144584972	-0,00286184987294	-0,00285503068997	-0,00286184987294	0,00642622865131	-0,00195033781533	-0,0048752228104
92700	0,00159744339315	0,0	0	0,0	0,00156721427429	0,00200722020395	0,00097206745322	0,00165411075341	0	0,000482773052249	0,0054729637951	0,00215992483416	0,00104798723477	0,00215992483416	-0,0128067222044	0,00351869661636	0,00322087458742
93600	0,000413831673581	0,0	0	0,0	0,00033316420874	0,00106909177796	-0,000780263817015	0,000562931680447	0	0,000733493391521	-0,000806468903294	0,000432626636004	0,000379646572314	0,000432626636004	0,0022098154455	0,00122857192989	-0,000329717414823
94500	-0,000911797864544	0,0	0	0,00016501650165016624	-0,000793368065837	-0,000913560963354	-0,000614613040146	-0,00113497704706	0	-0,00115704475556	-0,0098264737448	-0,00257764157055	-0,00080762951393	-0,00257764157055	-0,00380749408571	-0,00461422751596	-0,00297193632482
95400	-0,000758021328351	0,0	0	0,0	-0,000793858343869	-0,00116519857371	-0,000269334940294	-0,000690882770232	0	-0,00017654531032	0,000513187174993	-0,000495252130501	-3,73605840389e-05	-0,000495252130501	0,00877212091371	-0,00278173011385	0,000270607841524
96300	-0,00171914197311	0,0	0	0,0	-0,00179098524929	-0,00265608604776	-0,00069315349365	-0,00158604191976	0	-0,000533237163957	-0,000648191967294	-0,00096678705937	-0,00130671924659	-0,00096678705937	0,00327398018341	-0,00146205500145	-0,00127907782667
97200	0,000901193857616	0,0	0	0,0	0,00092141281159	0,00145678433513	0,000185216183824	0,000863597011144	0	-0,000397172013151	0,00436028883497	0,00115636675173	0,000311834734242	0,00115636675173	-0,229999075697	0,00387388560835	0,000865377879278
98100	0,000536264821296	0,0	0	0,0	0,000523634711314	0,00125618280257	-0,000605386965013	0,000559695513184	0	0,00023387795863	0,00237498982518	0,000884197919238	0,000364154851363	0,000884197919238	0,0129915088662	0,00187136055443	0,000702817826619
99000	0,000255149527242	0,0	0	0,0	0,000284858475029	-4,11310521083e-05	0,000763097434246	0,00019974538823	0	-0,000186675084545	-0,00529309523364	-0,000913149649858	2,2023108426e-05	-0,000913149649858	-0,0327129582697	-0,0026962689237	-0,000253360615276
99900	0,000192358872259	0,0	0	0,0	0,000266651180693	-0,000157416209467	0,000851467491197	5,19989871889e-05	0	0,000557148121797	-0,00374858615672	-0,000391930417142	0,000391955721836	-0,000391930417142	0,0142518321846	-0,0016879874175	-0,000921149872084
100800	-0,00300416613222	0,0	0	0,00016501650165016556	-0,00296784120799	-0,00314098796086	-0,00273396580589	-0,00307315530955	0	-0,00227324531715	0,0015517742137	-0,00212537174376	-0,00225001421786	-0,00212537174376	0,00519583346514	-0,00365796140456	-0,00222255067983
101700	0,00180781528662	0,0	0	0,0	0,00170188574019	0,00189751681711	0,00142926305986	0,0020049417497	0	0,00102225424306	0,0041846428993	0,00217756886455	0,00154862783165	0,00217756886455	-0,0330191495157	0,00377326824987	0,00261322159407
102600	0,000900811867758	0,0	0	0,0	0,000887963607456	0,00142005985096	8,13530251874e-05	0,00092466427415	0	0,000621634825902	-0,00117373221718	0,000475294592485	0,000640151766382	0,000475294592485	0,000351429548772	0,0012652070591	-0,000355291831236
103500	-0,0010039619382	0,0	0	0,0	-0,00100709019641	-0,00111310976844	-0,000848763018369	-0,000998154512617	0	-0,000460850212941	0,000748770517399	-0,000422608582914	-0,000847020106333	-0,000422608582914	-0,0421943572654	0,000965896230037	-0,000745841828414
104400	0,00314661323966	0,0	0	0,0	0,00323966434812	0,00245440950937	0,00426310213493	0,00297047058282	0	0,0031724499528	-0,0309311275026	0,0010843938217	0,00214348817652	0,0010843938217	0,0149066657265	-0,00241694057251	0,00176760284479
105300	-0,000394518810169	0,0	0	0,0	-0,000286144387682	-2,28727658715e-05	-0,000642000623274	-0,000603498881346	0	-0,00019322956332	0,00672222086041	0,000466858632978	-0,000652878564045	0,000466858632978	-0,00721868066499	0,000618594369341	0,0010644188317
106200	0,000390157106093	0,0	0	0,0	0,000310813802823	0,00124352975011	-0,00114516863378	0,000541002492325	0	-0,000106154760755	0,0093379339455	0,00163092704756	0,00209487414623	0,00163092704756	0,00527911856427	0,00244138914322	0,00029814205011
107100	0,00292003100676	0,0	0	0,0	0,00267836848203	0,00264316261139	0,00273297171736	0,00335717337556	0	0,00425443873099	0,00418817279827	0,00382161220016	0,00382456118589	0,00382161220016	0,00544161311583	0,00376647912401	0,00362076691792
108000	0,00407162626411	0,0	0	0,0	0,00427431998017	0,00396380975479	0,00472698885876	0,00368759450489	0	0,000828658708231	-0,00538528580989	0,00177664439273	0,00136857407245	0,00177664439273	-0,0059305972236	0,0018573415757	0,0024678898556
108900	0,000443619758672	0,0	0	0,0	0,000402912563184	8,61666006655e-06	0,000945403969235	0,000520184453476	0	0,00256853275603	0,00385916092167	0,0016290609421	0,00192579238182	0,0016290609421	0,00611769281964	0,00123671304774	0,0013647751546
109800	0,00252212212323	0,0	0	0,0	0,00259937637725	0,00262195789336	0,00256818620661	0,0023744790662	0	0,00175475958088	-0,00426821777695	0,00168725056312	0,00100143804042	0,00168725056312	-0,00143391076189	0,00260781263279	0,00106892842615
110700	0,000759788499767	0,0	0	0,0	0,00091054928438	0,00146596243088	7,31716804035e-05	0,000463509007953	0	-0,000865727433687	0,000606384623603	3,45332512077e-05	-4,91640779454e-05	3,45332512077e-05	-0,0250741022343	0,000352058981552	0,00088588710803
111600	0,00142493786234	0,0	0	0,0	0,00116713279966	0,00136962514331	0,000851500382895	0,00190737233048	0	0,00315423289063	0,00726954924892	0,00325482096888	0,00278512039339	0,00325482096888	-0,0259951182216	0,0046410313682	0,0023985290039
112500	-0,000223950478887	0,0	0	0,0	-0,00032744958964	-0,00073198078584	0,000266904620203	-3,36153714245e-05	0	0,00144142082767	0,00121569376071	8,61682383481e-05	0,0021509890419	8,61682383481e-05	0,0138186543336	-0,00136586459992	-2,50634350132e-05
113400	0,0018868604321	0,0	0	0,0	0,00199553608619	0,00136346099381	0,00283490976271	0,00168273463563	0	0,0018345922282	-0,000321438298626	0,0018054769063	0,000610229621223	0,0018054769063	-0,0111389261368	0,000202333111261	0,00381697930146
114300	0,000174182346357	0,0	0	0,0	8,01870194183e-05	0,0010602967231	-0,00142897075676	0,000347873811492	0	-0,000223746751484	0,00487752527534	0,00113605617389	0,000493555957587	0,00113605617389	-0,0419347842223	0,00394607663556	-0,00202755482483
115200	0,0031354451588	0,00016501650165016561	0	0,0	0,00315255729154	0,00244440521086	0,00411490312646	0,00310380224091	0	0,00402989922898	-0,00449862714941	0,00272201229288	0,00209557836168	0,00272201229288	0,014517118613	0,00213446617412	0,00460753380983
116100	0,000720902735315	0,0	0	0,0	0,000709364701302	0,00176140513211	-0,000983566405943	0,000742256551988	0	-0,00227077609304	0,00433120606209	-0,000399454559474	0,00194894012114	-0,000399454559474	0,00897900142104	-0,00557497720164	-0,000215659233426
117000	0,00159653967375	0,0	0	0,0	0,00168465929262	0,000481328833901	0,00328555220395	0,00143068924823	0	0,00391164826322	0,00222659019191	0,00267090239147	0,00203753664043	0,00267090239147	-0,0190559184613	0,00392994389691	0,00293589105648
117900	-0,0066376308834	0,0	0	0,0	-0,00695478802431	-0,00590136748589	-0,00851882006406	-0,00606339371025	0	-0,00622197322409	-0,00233752109032	-0,00581357834863	-0,00456854123144	-0,00581357834863	0,00745705200275	-0,00533384697118	-0,0086792852096
118800	0,00301565866774	0,0	0	0,0	0,00303001960796	0,00267927060737	0,00368661592609	0,00312189109986	0	0,0025289112132	0,00431690728271	0,00388786554822	0,00128035478713	0,00388786554822	-0,0120848148039	0,00533414727104	0,00542896800376
119700	-0,0213963078993	0,0	0	0,0	-0,0184846447654	-0,0118551837839	-0,0216280193874	-0,0196550381084	0	-0,0176156268691	-0,0250565570533	-0,0144541515397	-0,0271232828814	-0,0144541515397	0,00517608291132	-0,0116298887376	-0,00915654892598
120600	0,0105445500338	0,0	0	0,0	0,00957456955574	0,00791110665792	0,00647116248332	0,00919000289277	0	0,00813374436356	0,0099065788485	0,00430909844677	0,0114658806292	0,00430909844677	-0,0362196773566	-0,00360453719022	-0,00385347743958
121500	-0,0188507874015	0,0	0	0,0	-0,0157515647994	-0,0165490499831	-0,00168551698332	-0,0129529298662	0	-0,00728300520733	-0,307751163527	-0,0068565538746	-0,0208905691615	-0,0068565538746	0,0101237969115	0,00147357635288	-0,00396169216398
122400	0,00780599693882	0,0	0	0,0	0,00662182415905	0,00534154950309	0,000762671175478	0,00589852957881	0	0,00657091435953	0,0161492410752	0,00637549499042	0,00974602631104	0,00637549499042	0,00475159816445	0,000723400423157	0,00738663382052
123300	0,00432266295184	0,0	0	0,0	0,00504856988938	0,00584888712027	0,00587319561134	0,00406468092762	0	-0,00150400245801	-0,0146146818816	-0,00183655452146	0,000467499410916	-0,00183655452146	0,0027035289246	-0,00151309629089	-0,0148647072923
124200	-7,51738780314e-05	0,0	0	0,0	-0,000472956573904	-0,00192905292171	0,000893874368696	0,000347293831391	0	0,00299580454994	0,00302938904596	0,00234112451282	0,00107353199397	0,00234112451282	-0,072911047299	0,00322631062816	0,00627719031056
125100	0,00540564660221	0,0	0	0,0	0,0056929615996	0,0065660880784	0,00531422258662	0,00545123497338	0	0,00431287255314	0,00568927885152	0,00580274506161	0,00466537736111	0,00580274506161	0,0103065492977	0,00544440847293	0,0076367635678
126000	-0,00230551245525	0,0	0	0,0	-0,00235439191526	-0,00221150887252	-0,00262129313812	-0,0022190391296	0	-0,00187328731303	-0,000440652081246	-0,000664155524002	-0,00399636333606	-0,000664155524002	0,0121820172141	0,00344653249722	-0,00174893240833
126900	0,000422623841122	0,0	0	0,0	0,000411041584152	8,77087268772e-05	0,000431555418763	0,000109210626722	0	0,000329856415904	-0,00121486779828	0,000317693989043	-0,00195897434784	0,000317693989043	-3,34544555006e-05	0,00136331109133	-0,00192974605443
127800	-0,00292714690547	0,0001650165016501656	0	0,0	-0,00299268476081	-0,00240176447477	-0,00379866577908	-0,00264681441953	0	-0,00353888715721	0,000543354947067	-0,00284084514329	-0,000283615547353	-0,00284084514329	-0,00706689027719	-0,00606828814262	-3,26319703746e-05
128700	0,00363639019364	0,0	0	0,0	0,00352591222217	0,00305762095905	0,00444152901407	0,00400928331861	0	0,00532846758554	0,000769074432397	0,00423257807438	0,0035205264284	0,00423257807438	0,00618493091543	0,00496998030433	0,00434478447787
129600	-0,000730183449903	0,0	0	0,0	-0,000721859757354	-0,000981887998964	-0,000209555177022	-0,000657616848641	0	0,000419200541977	0,00124488463064	-0,000184404996986	0,00116447447559	-0,000184404996986	-0,0202652626121	-0,000714663021073	-0,00128298900671
130500	-0,00356212292497	0,0	0	0,0	-0,00391074746935	-0,00286331550907	-0,00715337514733	-0,00361237406594	0	-0,00330182852365	-0,00295695823359	-0,00296542558043	-0,00551155123872	-0,00296542558043	0,00837926267883	-0,00164516051707	-0,00271223530706
131400	0,000489231524083	0,0	0	0,0	0,0006635098101	0,00066497155558	0,000610349421486	6,64747526388e-05	0	-0,000715776578364	0,00144144642739	-0,000574601470256	0,00124240095832	-0,000574601470256	-0,0962526477531	-0,00180039553958	-0,0038804650744
132300	-0,000144879898474	0,0	0	0,0	-4,12519764436e-05	-0,000512007842492	0,00103406247679	-0,000177732284886	0	-0,000100877872933	-0,00268099422732	-0,000872120462414	-3,23120681012e-05	-0,000872120462414	0,00816182784302	-0,000102547693372	-0,00115508457609
133200	-0,00148877166456	0,0	0	0,0	-0,0014248240221	-0,00136827294557	-0,00147351422537	-0,00160516549145	0	-0,00385531022171	0,00166124757017	-0,00241296063254	-4,12542814357e-05	-0,00241296063254	-0,0034836264587	-0,00687776163806	-0,00137341304665
134100	-0,0111378492534	0,0	0	0,0	-0,0112430666437	-0,0116858951714	-0,0128241918418	-0,0124035286565	0	-0,0153603190905	-0,0116495663424	-0,0113585979376	-0,0215845501921	-0,0113585979376	0,0104779608126	-0,00985281821101	-0,00528764738802
135000	0,00558933873193	0,0	0	0,0	0,00569655387344	0,00584303372741	0,00643365173239	0,00600314920178	0	0,00673659531064	0,00400339176806	0,00615132034853	0,00630359277826	0,00615132034853	0,00400798230943	0,0069290527263	0,00612656975014
135900	0,0027090269412	0,0	0	0,0	0,00268961862592	0,002945100798	0,00249108527841	0,0029027236682	0	0,00330097797711	0,000705855009915	0,00225626906065	0,00372848627375	0,00225626906065	-0,0013758252067	0,00181143773561	0,00203550400555
136800	-0,008141820518	0,0	0	0,0	-0,00858402190977	-0,0073882502446	-0,0121363695967	-0,00781572850116	0	-0,00657576455655	-0,00386813637832	-0,00614168315884	-0,00781258565238	-0,00614168315884	0,00299978753423	-0,00239656620827	-0,00742478763704
137700	0,0076695408023	0,0	0	0,0	0,0078015228204	0,00756763082318	0,00887735706181	0,0078145605083	0	0,00790909224243	0,00806084480865	0,0078736531312	0,00866230896201	0,0078736531312	-0,00567393283473	0,00704650922493	0,00765787455261
138600	0,00333123955425	0,0	0	0,0	0,00337192124356	0,00302640084129	0,00395341610292	0,00326333526587	0	0,00361313189336	0,00156898653264	0,0030566855299	0,00301603326258	0,0030566855299	0,00498743140547	0,00272514366164	0,00362030745856
139500	-0,0269056758987	0,0	0	0,0	-0,0280136539522	-0,0297869817839	-0,0318011010031	-0,0285795139692	0	-0,0263032727354	-0,0149667338424	-0,0245047484516	-0,0293199872616	-0,0245047484516	-0,0153322049062	-0,0246198138275	-0,0273727283299
140400	-0,0186325685744	0,0	0	0,0	-0,0207209977997	-0,0191471546936	-0,0411125533149	-0,0199943567593	0	-0,0135088964932	-0,0154512076192	-0,0209446565043	-0,0133441109945	-0,0209446565043	-0,0372670011289	-0,0182460513993	-0,0496228843937
141300	-0,025021902761	0,0	0	0,0	-0,0175636483724	-0,0139625967517	0,00387117293186	-0,012382992629	0	-0,0167324076189	-0,0847648864876	-0,0144205414261	-0,0211129275973	-0,0144205414261	0,00633681421575	-0,0243041504726	0,0049120461634
142200	-0,0638195815241	0,0	0	0,0	-0,0410928725153	-0,0232256334644	-0,0151654831387	-0,0214888068869	0	-0,0168970207802	0,00618671347307	-0,00792096059174	-0,169132757462	-0,00792096059174	-0,0182911067141	0,00665077283457	-0,00687759045518
143100	0,0138185807598	0,0	0	0,0	0,0127338512326	0,011227120422	0,00922808796658	0,0106475465346	0	0,00956228910345	0,00660038254134	0,00614687392172	0,0151837850069	0,00614687392172	-0,137503608043	0,00317921081573	0,00276918492347
144000	0,0117687597769	0,0	0	0,0	0,0113406737431	0,0109697157625	0,00968020476649	0,0109478280629	0	0,0107415152157	0,0100537293834	0,0123833027642	0,0117802192773	0,0123833027642	0,0159591143284	0,0115555483418	0,0119272672701
144900	-0,000561999651689	0,0	0	0,0	-0,000584267772806	-0,000923533775524	-9,91346344253e-05	-0,000522280438342	0	-0,000472213797339	-0,000102732635173	-0,00118946641441	0,00143228537029	-0,00118946641441	0,00621372451422	-0,00358082900038	-0,00481183912367
145800	-0,00203913411485	0,0	0	0,0	-0,00190216873507	-0,0017420844193	-0,00213597630069	-0,00228848437702	0	-0,00321258841056	-0,00305670135016	-0,00272784863024	-0,00282432122803	-0,00272784863024	-0,00406222824159	-0,00270452496903	-0,0024544309171
146700	0,0039812558667	0,0	0	0,0	0,00395165884533	0,00400789567008	0,00386861405715	0,00403476700315	0	0,00320536904447	0,00273183355812	0,00392531510154	0,00244542358252	0,00392531510154	-0,0877122470925	0,00414478165241	0,00633188570888
147600	-2,41071537954e-05	0,0	0	0,0	7,89695742844e-05	-0,000462967821135	0,000819298811129	-0,00021383555638	0	0,000657627912341	-0,0102170464252	-0,00122453434021	-0,000128899576282	-0,00122453434021	0,0123889717816	-0,00275769125817	-0,00169729747321
148500	0,0023947091959	0,0	0	0,0	0,00252751845847	0,00229568572517	0,00283241299291	0,00214372259474	0	0,00174765588713	-0,00359643813499	0,0017696298605	0,000906316047931	0,0017696298605	-0,0616435280411	0,00115517885944	0,0038227011982
149400	0,00281279094237	0,0	0	0,0	0,00319752175348	0,00463090521434	0,000696322689716	0,00202192493947	0	-0,00137296190709	0,0027963213964	0,000639646257359	0,00162640194312	0,000639646257359	0,00426357669827	0,00174794940283	-0,00123122025751
150300	-0,00258733185058	0,0	0	0,0	-0,00285093954937	-0,00320818985098	-0,00225737445131	-0,00206720996269	0	-0,000884010637417	0,00519988553238	-0,00111848738388	0,000329859355389	-0,00111848738388	0,0126354701608	-0,00205660571024	-0,00155429331142
151200	0,00239607032508	0,0	0	0,0	0,00252769657077	0,00304018502557	0,00158529281793	0,00212903706675	0	0,00150256708636	0,00585954568631	0,00262030787533	0,0024915014644	0,00262030787533	0,00247058108053	0,00276268465099	0,00248106052501
152100	-0,000134146709895	0,0	0	0,0	-0,000246945894016	-0,000606833688192	0,000377145236892	9,01310554049e-05	0	-0,00128174840048	-0,00255005704975	-0,000662192789107	-0,000967266723253	-0,000662192789107	0,00222378069755	-0,00131399310762	-0,000346032193661
153000	0,000135317413206	0,0	0	0,0	-0,000271821738043	-0,00199198321945	0,00206289839175	0,000889335925424	0	0,00433190219889	0,00329695227761	0,00276343887942	0,00186095615156	0,00276343887942	-0,154789089524	0,00402324532186	0,0029062226631
153900	0,00121178771898	0,0	0	0,0	0,00116240045679	0,00149906409167	0,000680806660443	0,00130242648455	0	0,0014796477792	0,00250430332613	0,00167472005273	0,00132817080816	0,00167472005273	-0,000159115588227	0,00153284545464	0,00184627387436
154800	0,00041481001831	0,0	0	0,0	0,000304505421239	0,000357934329374	0,000227464494478	0,000613426219434	0	0,00185096260544	0,00185031500797	0,00132054154961	0,0012241206264	0,00132054154961	0,0126006007027	0,00130922390821	0,00194309620985
155700	-0,000273447304554	0,0	0	0,0	-0,000207284682805	-0,000335647230301	-2,5569991084e-05	-0,000393898296679	0	-0,000944589758738	0,000217308489085	-0,000370144957474	-0,000745960565209	-0,000370144957474	0,00392965710312	-0,000274093562704	-0,000291174949167
156600	-0,00120616034345	0,0	0	0,0	-0,00133314404693	-0,0013411323853	-0,00132184757489	-0,000979524448633	0	0,000421800843056	-0,00257300049006	-0,000633930726631	-0,000978587299616	-0,000633930726631	0,00954251410208	0,000960178990469	-0,00148746655527
157500	0,00135298089372	0,0	0	0,0	0,0016267356612	0,00212385234178	0,000862794788897	0,000838796322725	0	-0,00472349765348	-0,00410396360279	-0,0020702399734	-0,000903301259279	-0,0020702399734	-0,102150824986	-0,00250088959972	-0,00332059449791
158400	-0,000989471414149	0,00016501650165016377	0	0,0	-0,000963338231908	-0,00126637554417	-0,000517104871436	-0,00103876651935	0	-0,000418702682884	-0,00548413148084	-0,00165588445525	-0,000718543045839	-0,00165588445525	0,0143463560583	-0,00485983962651	-0,00113742560107
159300	-0,000672364240243	0,0	0	0,0	-0,000606566778043	-0,000498133304423	-0,000768756392065	-0,000797852651436	0	-0,00221665476235	0,00261768367501	-0,000241893217871	-0,00200674378614	-0,000241893217871	-0,0380274891006	0,00160348909994	0,000590609158586
160200	-0,00386631048456	0,00016501650165016426	0	0,0	-0,00391721653834	-0,00550403786071	-0,00192669814916	-0,00376991762345	0	0,000394697880502	-0,00532980794376	-0,00270583656438	-0,00170576033619	-0,00270583656438	-0,0255585223191	-0,00285360287907	-0,00373809249454
161100	0,000281108355571	0,0	0	0,0	0,000140027796235	0,000975996263563	-0,00104358979946	0,000541756957836	0	0,000611648512812	0,00275092519035	0,000916044553452	0,00088153932461	0,000916044553452	0,00404977983053	0,0013047687694	0,00113916130228
162000	-0,0011786523987	0,0	0	0,0	-0,00122269384901	-0,00103527154055	-0,00149498034777	-0,00109799399207	0	-0,000659502581558	-0,00181154517459	-0,00141797154237	-0,00012747147488	-0,00141797154237	0,009882869649	-0,00203060608315	-0,00235984273139
162900	0,000501816024875	0,0	0	0,0	0,000470889600933	6,79501448767e-05	0,00102257644474	0,00055837622324	0	0,000523843678159	0,00102475747608	0,000591439565545	0,000674412690701	0,000591439565545	0,00280346327718	0,000583799210068	0,000425722413631
163800	-0,000342521136609	0,0001650165016501655	0	0,0	-0,00020144225844	-0,000324145194739	-3,62970041518e-05	-0,00060612768265	0	-0,0011780794366	0,00063145190411	-0,000427801021818	-0,00106561338353	-0,000427801021818	-0,0314474937196	-0,000266540435678	0,0002206683615
164700	-0,00184297786644	0,0	0	0,0	-0,00174140901166	-0,00131287886698	-0,00235151200103	-0,00203593225085	0	-0,0034087362972	-0,00317430815241	-0,00285762848117	-0,00229930135378	-0,00285762848117	-0,293457550145	-0,00267348413011	-0,00252179005083
165600	-0,000373505717456	0,0001650165016501663	0	0,0	-0,00037070047789	-0,00030152510498	-0,000470159720214	-0,000378830973286	0	-0,000840826847386	-0,00292828653969	-0,000541986466023	-0,00183697726418	-0,000541986466023	0,0161660326772	0,000392077319589	-0,000740500906489
166500	8,08740490674e-05	0,0	0	0,0	9,22251681593e-06	-6,76513862767e-05	0,000118521557719	0,000215278025744	0	0,000679739004256	-0,00088816365289	0,000198221078719	0,0003291644868	0,000198221078719	-0,124333942561	-0,00284946535307	0,00210229354012
167400	-0,00144994948344	0,0	0	0,0	-0,00143914574753	-0,00192922014402	-0,000785222968658	-0,00147023960809	0	-0,00078155925244	-0,00041502934078	-0,000963651053396	-0,00136112153942	-0,000963651053396	0,0102594942843	9,19011622057e-05	-0,00229249415371
168300	-0,00164770211683	0,0	0	0,0	-0,00165149209568	-0,00195553106059	-0,00126093372774	-0,00164057399026	0	-0,00219460731489	-0,00183153853985	-0,00171294959599	-0,00227866905182	-0,00171294959599	-0,0240597787434	-0,0034875853751	0,000256443454982
169200	0,000659942982455	0,0	0	0,0	0,000742426091733	0,000881112373069	0,00056065783654	0,000502711376805	0	0,000344199279427	-0,00440218418375	-0,000158444120938	6,98754775792e-05	-0,000158444120938	0,0132859208535	0,00139482588995	-0,00123430277708
170100	-0,000111422146314	0,0	0	0,0	-8,96283252868e-05	0,000427547712399	-0,000819511106683	-0,000153121791464	0	0,000303989756971	0,000743265111441	-0,000215608177089	0,000953203518284	-0,000215608177089	0,00714256557581	-0,00140487092936	-0,000882535290462
171000	-0,00296623334303	0,0	0	0,0	-0,00315992692307	-0,00239583178535	-0,00434875459002	-0,00260595647563	0	-0,00161752244557	0,00108983135467	-0,00204083249124	-0,0010184633505	-0,00204083249124	-0,00758336769795	-0,00200581808014	-0,00178036637636
171900	3,71344394325e-05	0,0	0	0,0	-7,75103919665e-05	-0,0005146151103	0,000560030335569	0,00024624390574	0	0,000730310318622	2,42726415226e-05	0,000483243306271	0,000207371976819	0,000483243306271	0,00653766732139	7,37419293946e-05	0,000359081255801
172800	-0,000240352468879	0,0	0	0,0	-0,000204589892512	-0,00034232389206	-7,65006649146e-06	-0,000305973351075	0	0,000616024316113	0,00091103246372	8,00243154934e-05	0,000555016445986	8,00243154934e-05	0,00108815267016	0,00113625369542	-0,00118793383415
173700	-0,00257804463616	0,0	0	0,0	-0,00253217341155	-0,00208204014016	-0,00321467803405	-0,00266277476791	0	-0,00403210596053	0,00100123777751	-0,00193499427545	-0,00411002259051	-0,00193499427545	-0,061767592328	-0,00109789203884	-0,00152202151308
174600	0,00140241052562	0,0	0	0,0	0,00140103270179	0,00200157148824	0,000390438231798	0,00140494901097	0	0,000788905068096	0,00234966515588	0,000836898775255	0,00256876296378	0,000836898775255	0,0144377325337	-0,000497687615065	-9,38616761294e-06
175500	-0,00393662173811	0,0	0	0,0	-0,00400293370486	-0,00462365350956	-0,00303625694219	-0,00381524001306	0	-0,00404132335346	-0,00936419879862	-0,00463943209893	-0,0049149893385	-0,00463943209893	0,00448921359055	-0,00582954703203	-0,00622798966305
176400	-0,00249576071948	0,0	0	0,0	-0,00219321345368	-0,00215194159816	-0,00225784756427	-0,00307536490216	0	-0,00370088588712	-0,00571420958321	-0,00400044668965	-0,00289753846345	-0,00400044668965	-0,00991433214152	-0,00503953912332	-0,00170646260467
177300	-0,000188325467845	0,0	0	0,0	-0,000560042337971	-0,00142943189574	0,000645402457085	0,000480777259694	0	0,00236060350439	0,0039929145723	0,00102792765067	0,00312515465999	0,00102792765067	0,00763856355682	0,000287446839505	-0,00108713320317
178200	-0,00134458166187	0,0	0	0,0	-0,00121690079755	-0,0013520697168	-0,00103280344165	-0,00157906095628	0	-0,00196691011028	-0,00309357634719	-0,000682495470274	-0,00499071190919	-0,000682495470274	-0,0670898184219	0,0030386417614	0,000365250078575
179100	0,0022886251148	0,0	0	0,00016501650165016513	0,0022818792385	0,00330636270552	0,000604368008878	0,00230099016733	0	0,000581491407703	0,00483329003986	0,00206814782509	0,00244978045462	0,00206814782509	0,00439133829365	0,00159604414712	0,00238930758474
180000	-0,00321281959295	0,0	0	0,0	-0,00319316429176	-0,00376466941709	-0,00232338157736	-0,00324895784958	0	-0,00278144375099	-0,00823420117164	-0,00315203298977	-0,0056235079897	-0,00315203298977	-0,314266172221	-0,00315905374889	-0,00127196684619
180900	-0,00296826329963	0,0	0	0,00016501650165016475	-0,00273628322815	-0,00315121154764	-0,00213711099285	-0,00340971945731	0	-0,00430444404629	-0,0190511897225	-0,00569363229201	-0,00396036832664	-0,00569363229201	0,0156785177277	-0,00864908565108	-0,00576307757356
181800	-0,000501411842349	0,0	0	0,0	-0,000461491081194	-0,000341618986842	-0,000637602475815	-0,000577897298441	0	-0,00159574737245	0,00554139844082	0,000227733378078	-0,000855307436826	0,000227733378078	-0,00605937742757	0,000304111355831	0,000693623318868
182700	-7,02217262214e-06	0,0	0	0,00016501650165016385	-0,000225864334711	-0,000805849000282	0,000559636458389	0,00039681607344	0	0,00273734434908	-0,000761595161869	0,00104782975844	0,0013837118472	0,00104782975844	-0,00249576161084	0,00196751854219	0,000375154308935
183600	0,000413724579248	0,0	0	0,0	0,000500497969065	0,000563040130928	0,000415015302422	0,000251127082624	0	2,65706685501e-05	0,00219808538676	0,00069698270271	-0,000253929682657	0,00069698270271	-0,0161921255715	0,0016924634703	0,00131766238817
184500	-0,00147032765572	0,0	0	0,0	-0,00158019435623	-0,000933098390388	-0,00254567970084	-0,00126797760967	0	-0,00166676507548	0,000683851112157	-0,00121058642406	-0,000846594238492	-0,00121058642406	0,00262023363396	-0,00107224480742	-0,00119008459722
185400	0,00163735301114	0,0	0	0,0	0,00177248523796	0,00180992900082	0,00171626489545	0,00138194434053	0	-0,00197935738159	-0,000817381179262	-0,000373802672751	0,000828414788845	-0,000373802672751	0,0107247060624	-0,00273480003493	-0,00107369665007
186300	-0,00355482062131	0,0	0	0,0	-0,003549180351	-0,00447298773283	-0,00230442673527	-0,00356548005232	0	0,000412564822044	-0,00548596141985	-0,00214711138185	-0,00273039563458	-0,00214711138185	-0,00248133409227	-0,00205312780399	-0,00219511959547
187200	0,00121882418138	0,0	0	0,0	0,00119725286697	0,00165585835349	0,000533101339657	0,00125946085353	0	0,000685217894996	0,00355313223672	0,0013751403356	0,00142924248556	0,0013751403356	-0,00843583848969	0,00221910581852	0,00127226040791
188100	-0,000594399103437	0,00016501650165016396	0	0,0	-0,000634768225225	-0,000229687919141	-0,00125707438798	-0,000518853712315	0	-0,000190539279494	-0,00143188906626	-0,00049247824837	-0,000611003740254	-0,00049247824837	-0,00715150222435	-0,000307492992736	-0,000313680669922
189000	0,000126926862195	0,0	0	0,0	8,1680845256e-05	-0,00020990991793	0,000510516079172	0,000210936976891	0	-0,0008853882365	-0,00132020407616	-0,000701842251868	0,000373823981031	-0,000701842251868	0,00899489483527	-0,00158191379814	-0,0010655172649
189900	-0,000472605316491	0,0	0	0,0	-0,000506273885476	-0,000859721027906	-1,16210685555e-05	-0,000410439097371	0	0,000459693674741	0,00194291888175	0,000163465653837	0,000452918897857	0,000163465653837	0,00702027985766	-0,00109355936993	-0,000180671115818
190800	-2,92321479647e-05	0,0	0	0,0	0,000101855271179	-0,000148852865969	0,000440427813845	-0,000276802729359	0	-0,000389260788963	-0,00314273332604	-0,000352819178816	-0,00152206933541	-0,000352819178816	-0,0081610338692	0,000383765470458	0,000102762310684
191700	0,00175065808289	0,0	0	0,0	0,00181759305675	0,00226892780903	0,00116118534105	0,00162258111158	0	0,00106167132049	-0,000504669190831	0,00128268046614	0,000883140168674	0,00128268046614	-0,039661245337	0,00273054942564	0,00141231978137
192600	0,00175097090863	0,0	0	0,0	0,00166878083924	0,00192293237784	0,00128310947489	0,00190574387152	0	0,00307380135692	0,00541291546455	0,00312629247176	0,0020594018349	0,00312629247176	0,00905852860851	0,00233461969217	0,00509517924264
193500	-0,00206243312683	0,0	0	0,0	-0,00206752105558	-0,00273398529156	-0,00113930236816	-0,00205285347642	0	-0,00220273797183	-0,0116236606816	-0,00368941188705	-0,00154384101616	-0,00368941188705	-0,00231330954068	-0,00297398568801	-0,00750995036201
194400	0,00111498329722	0,0	0	0,0	0,0010610147847	0,000855351997745	0,00133869470555	0,00121552703238	0	0,0013337128523	0,0040346406511	0,00126058198629	0,00236403464647	0,00126058198629	0,0119802641214	-0,000758342250375	0,000317151577873
195300	0,000949331464389	0,0	0	0,0	0,00108210614198	0,000498214491282	0,0018066622433	0,00069583077579	0	0,00038735605976	-0,00530404705316	0,000623538229752	-0,00148815501007	0,000623538229752	-0,0287124311333	0,00257909158845	0,00124319784208
196200	0,0013690028322	0,0	0	0,0	0,00131809282832	0,00208513488621	0,000246224899877	0,00146526613482	0	0,000316839506726	0,00725704090574	0,00194386241621	0,00172576285201	0,00194386241621	-0,0303747041924	0,0023234159575	0,0024452600398
197100	0,000819412426093	0,0	0	0,0	0,000817847053628	0,00129022843184	0,000106940872254	0,000822369066554	0	0,00159373363742	6,52975993204e-05	0,000953523692311	0,00113072127276	0,000953523692311	-0,0192523461815	0,000712091371014	0,00143858122933
198000	0,000601666170477	0,0	0	0,0	0,000579805808759	0,000340342534393	0,000927228678186	0,000642826915078	0	0,00106773281052	-0,00102722415959	-0,000212196721245	0,00237862368681	-0,000212196721245	0,0155027734736	-0,00186839892615	-0,0014747806599
198900	0,000461078053479	0,0	0	0,0	0,000348304114932	-0,000195410558274	0,00107759386413	0,000669251429196	0	0,00132586032707	-3,18795849358e-05	0,000374308222992	0,001782487245	0,000374308222992	0,00631765128941	-0,00158317565626	0,000379271952425
199800	0,000555053735215	0,0	0	0,0	0,000500861342588	0,000462499329443	0,000552032039972	0,00065413971715	0	0,00134391525544	0,00549741496148	0,0026400034551	-0,00075553637803	0,0026400034551	-0,0258067591506	0,00543716439046	0,00226796916913
200700	0,00346007448271	0,0	0	0,0	0,00346377674188	0,00361421532238	0,00325762202731	0,0034532875564	0	0,00307287511622	0,00623987806744	0,00383918062134	0,00386723303738	0,00383918062134	-0,0942708437112	0,00324370001939	0,0056143164536
201600	0,00437174486903	0,0	0	0,0	0,00462847401825	0,00594867603198	0,00218386623801	0,00387243222607	0	0,00124471914355	0,00285233855226	0,00225372358896	0,00408735180424	0,00225372358896	0,0161978849915	0,000394995558437	-0,00147047092377
202500	-0,00246182652164	0,0	0	0,0	-0,00281806673115	-0,00503999394895	0,000286635364833	-0,00180500945444	0	0,000836828264644	-0,00276990543021	1,94666960097e-05	-0,00379795051844	1,94666960097e-05	-0,694721723062	0,00155680233003	0,00369477143945
203400	0,00445046075344	0,0	0	0,0	0,00451738258113	0,00373399901139	0,00546544953705	0,00432510020395	0	0,00457659692766	-0,0092380638848	0,00329916202347	0,00294025410484	0,00329916202347	0,0133296991792	0,00472839387826	0,00203480600309
204300	0,000936307176869	0,0	0	0,0	0,000752632140527	0,00136790766387	-6,15672659311e-05	0,00126913782116	0	0,00181246317813	0,00095176079959	0,00174392585617	0,000642338711844	0,00174392585617	0,0127731232109	0,00248527842524	0,00216157545199
205200	0,0036523621093	0,0	0	0,0	0,0036839063244	0,0042208664354	0,00289782894161	0,00359490750528	0	0,00202195257188	0,00693614166756	0,00315157199813	0,00410992249757	0,00315157199813	-0,0430394596775	0,00155828365216	0,00355476274611
206100	-0,000138123876539	0,0	0	0,0	0,000224736363815	-0,00105060996742	0,0017922330525	-0,000843171181788	0	-0,00148862111821	0,00382720008389	-8,292558386e-05	-0,00105248658753	-8,292558386e-05	0,0129628713525	0,000984815692122	0,000266720302974
207000	-0,0126373652049	0,0	0	0,0	-0,0129535735768	-0,00925178458364	-0,015210011673	-0,0097078029386	0	-0,00572819569167	-0,00413522521469	-0,00830232534537	-0,00220557594768	-0,00830232534537	0,00945422960957	-0,0120443083723	-0,0171189832454
207900	0,000364038224986	0,0	0	0,0	0,00114920109687	0,00261142661323	-0,000609233051287	-0,000339925787592	0	-0,00229572813247	-0,00352101945762	-0,000303806345622	-0,00306486446449	-0,000303806345622	-0,0045875491175	-0,00413535543394	0,0046213285557
208800	-0,415316534557	0,0	0	0,0	-0,823143174415	-0,193056259616	-0,0501085108703	-0,149723424661	0	-0,307650186619	-0,0334254591678	-0,0496166494936	-0,0640989597299	-0,0496166494936	-0,00513247219753	-0,0392204763157	-0,00525867544049
209700	0,0159525131806	0,0	0	0,0	0,0162023767815	0,0127555123133	0,0106195677778	0,0143527430995	0	0,0160959674943	0,0116349802187	0,0112531286657	0,0128381457257	0,0112531286657	-0,0209545021439	0,0102632653118	-0,00872699349818
210600	-1,2389665726	0,0	0	0,0	-0,262716731131	-0,0152418211627	-0,0645055582401	-0,0695791549561	0	-0,0676169247628	-0,0330581569029	-0,0880046034849	-0,0746980442414	-0,0880046034849	0,00630546599802	-0,367056203748	-0,00810956608523
211500	0,01655850137	0,0	0	0,0	0,0162151182431	0,0145449921353	0,0141153355929	0,0152392499988	0	0,0142750663125	0,014197681014	0,0153927187121	0,0148855844604	0,0153927187121	0,012815194953	0,0164197171012	0,0129482379907
212400	-0,0655960059558	0,0	0	0,00016501650165016543	-0,0887315578521	-0,0600510403572	-0,0345475819936	-0,0818846495877	0	-0,0526088752815	-0,0223165271097	-0,0975980278401	-0,0294731797737	-0,0975980278401	-0,292376557436	-0,129605061094	-0,0859148633639
213300	0,013112918832	0,0	0	0,0	0,0139884611238	0,0124721663688	0,0127813229772	0,0135620702034	0	0,0119406182199	0,00749596952042	0,0135374418237	0,0109805881233	0,0135374418237	0,0124206671464	0,0135013878569	0,0125838723918
214200	0,00575257859909	0,0	0	0,0	0,00588475706579	0,00615817576436	0,00608107465989	0,00588160957335	0	0,00376291658863	0,00623386078431	0,00544604893531	0,00525404067195	0,00544604893531	0,00535513421099	0,00567742929708	0,00575821357592
215100	-0,034948835146	0,0	0	0,0	-0,0405132187582	-0,0567408250851	-0,0526147302745	-0,0407705835185	0	-0,046431380726	-0,0350413834423	-0,0609165087454	-0,0440479336207	-0,0609165087454	-0,00370697191084	-0,650914632908	-0,0456389835995
216000	0,00981357474725	0,00016501650165016505	0	0,0	0,0105316843123	0,0116689612256	0,0117356795984	0,0101833507377	0	0,0100494112254	0,00681762205549	0,0109427305349	0,0100996945511	0,0109427305349	-0,0100024729514	0,0158498400282	0,00928030276624
216900	0,0053861587921	0,0	0	0,0	0,0053685288759	0,00567026314136	0,00535877117594	0,00575402830038	0	0,00687262007877	0,00761269986732	0,00733379415723	0,00574626901402	0,00733379415723	0,00480286922862	0,00990908086887	0,00550215019593
217800	-0,0527303802456	0,0	0	0,0	-0,0581988749242	-0,0553117980001	-0,177439839715	-0,066845729772	0	-0,0759630532914	-0,0163285779805	-0,0506197018644	-0,105667728347	-0,0506197018644	0,0121180670429	-0,0214238172749	-0,0591630374298
218700	0,010042514215	0,0	0	0,0	0,0103294943929	0,0095931351801	0,0142576437537	0,0112031245035	0	0,0126588497327	0,00326799358504	0,0101273664016	0,01337192876	0,0101273664016	-0,0137778187911	0,00740628495562	0,00965449922394
219600	0,00788427967216	0,0	0	0,0	0,00812360281386	0,00846064371874	0,00848115288597	0,00794880922769	0	0,00698820088824	0,00669617624554	0,0076418128001	0,00751051392789	0,0076418128001	-0,00404461533436	0,00647480260775	0,00863763025853
220500	0,00351705611917	0,0	0	0,0	0,00335105023804	0,00382844232443	0,00278479783995	0,00400947743355	0	0,00443170600096	0,00553766694533	0,00485629138445	0,00419950179492	0,00485629138445	0,0053676234941	0,00358958981467	0,00720732808121
221400	0,00194912959694	0,0	0	0,0	0,00205290963563	0,00164119651735	0,00305019003945	0,00198743050483	0	0,00216461070819	0,0012428715184	0,00207560283305	0,00195503678908	0,00207560283305	-0,00132628508048	0,00170880537137	0,00253637187057
222300	-0,0801500542905	0,0	0	0,0	-0,093426517406	-0,0720727226999	-0,738140816247	-0,0840884454616	0	-0,064428552551	-0,0472321996627	-0,088504966318	-0,0604757918	-0,088504966318	-0,0327389123466	-0,166439932067	-0,0830647096705
223200	0,000787508145446	0,0	0	0,0	0,00469168687889	0,000384867101749	0,0156325085549	0,00266051125972	0	-0,01023643674	-0,0184135838245	0,00524910570099	-0,0163826660409	0,00524910570099	0,0039350259911	0,0126235987867	0,00519629483384
224100	-0,0124217623794	0,0	0	0,0	-0,0242430693813	-0,0459457883363	-0,109092099615	-0,0245783258568	0	0,004591355906	0,00959382817277	-0,016757789751	0,00536593781678	-0,016757789751	0,00455421555913	-0,101670061412	-0,0116262718779
225000	0,00332813442727	0,0	0	0,0	0,0052092393202	0,00885146152226	0,00634422573862	0,00191810660078	0	-0,0762429137522	-0,0164211022298	-0,0220548080304	-0,0396409409617	-0,0220548080304	0,00146832242945	-0,00204419111257	-0,00477001565544
225900	-0,0863879869873	0,0	0	0,0	-0,163868025142	-0,211703769519	-0,00561142516152	-0,145554167188	0	0,00314295256084	0,0067904800344	-0,0833859428913	-0,0518112469407	-0,0833859428913	0,0059692835052	-0,109832774335	-0,0318711288916
226800	0,0149980172364	0,0	0	0,0	0,0158192782447	0,0161081780144	0,0135297842852	0,0160088150898	0	0,0136437048264	-0,0234817827525	0,0159826509219	0,0155397816804	0,0159826509219	-0,0806484130536	0,0161835192843	0,0140505298289
227700	-0,0118001210482	0,0	0	0,0	-0,0104157416302	-0,0101244725101	-0,00828309845626	-0,0118153679965	0	-0,0274144271971	0,00317033387546	-0,0185920816871	-0,0242410696018	-0,0185920816871	0,00516490522922	-0,0285759434601	-0,0114466777187
228600	0,00284462271608	0,00016501650165016513	0	0,0	0,00217437053577	0,00333930318641	-0,000397019630911	0,00324787557779	0	0,00692410599601	-0,0223767507047	0,00668564977835	0,00947944251248	0,00668564977835	0,010552833388	0,00683489215954	0,00294883487701
229500	0,00622685108692	0,0	0	0,0	0,00598732131238	0,00557869460958	0,00553387182637	0,00587145207439	0	0,00722973324977	0,00903634542516	0,00670637618424	0,00536580699313	0,00670637618424	-0,00254284122896	0,00727898902646	0,00710056365287
230400	0,00414834294251	0,0	0	0,0	0,0041191464836	0,00424003577738	0,00356352702612	0,00392323470821	0	0,00253859962458	0,00974786749069	0,00449577408219	0,00362134255623	0,00449577408219	-0,0292785835677	0,00539144396822	0,00522656853777
231300	-0,00403621306119	0,0	0	0,0	-0,00415924476989	-0,00462936907879	-0,00349812385697	-0,00381328058621	0	-0,00164720756186	-0,00631881419524	-0,00350926783267	-0,00293515129902	-0,00350926783267	0,0114778010845	-0,00422873779754	-0,00650075345446
232200	0,00240327823847	0,0	0	0,0	0,00241211386444	0,00270792624671	0,00197425927067	0,00238733208746	0	0,000638696985358	0,0040484162762	0,00245848287188	0,000967529239303	0,00245848287188	-0,0418373642726	0,00351940353434	0,00386359911254
233100	0,00174087001842	0,0	0	0,0	0,00194369140215	0,00268004570953	0,000699343331633	0,0013578154065	0	-0,000848711132656	0,00105768870105	0,000667425529288	0,00043688308793	0,000667425529288	-0,000490126837015	0,000880945352108	0,000527301134638
234000	-0,00311756623563	0,0	0	0,0	-0,00310447413169	-0,00292320196363	-0,0034185863398	-0,00314249937677	0	-0,00338070522376	0,000511589395549	-0,00244029105784	-0,00262318165876	-0,00244029105784	-0,0247051174675	-0,00188490752436	-0,00160463991256
234900	0,0022953814514	0,0	0	0,0	0,00250440063166	0,00102582431874	0,00449758459119	0,00188261641588	0	0,00229181724193	2,27152737019e-05	0,00113026759202	0,0029946990198	0,00113026759202	0,0142545808115	-0,00149887094255	0,000601544615603
235800	0,00114472207519	0,0	0	0,0	0,00122198543589	0,000399094796045	0,00220792096871	0,000989806233344	0	0,00120824675784	-0,0128592131802	-0,000991750121802	0,000977046041931	-0,000991750121802	0,00678196636749	-0,00319123756601	-0,00147725510878
236700	-0,00161718691873	0,0	0	0,0	-0,0017705256372	-0,00150312347689	-0,00210146035435	-0,00131729507538	0	0,00126006811166	0,00367167413597	0,000273537703446	0,000319921695585	0,000273537703446	-0,00808547901319	0,00436649507555	-0,0027170760245
237600	-0,000276192609853	0,0	0	0,00016501650165016453	-0,000376374888175	0,000283649297652	-0,00127071438704	-8,36268577373e-05	0	-0,000878886893357	0,00159196032444	0,000267265577953	-0,00101749049197	0,000267265577953	-0,0286424236017	0,000661665882384	0,00185267053332
238500	0,000880016397487	0,0	0	0,0	0,00103381242725	0,00168709570908	5,19811562693e-05	0,000575734443262	0	-0,00024244794506	-0,00258317388414	-0,000533252991053	0,000779220537936	-0,000533252991053	0,0105798389082	-0,00140174679014	-0,00193084339741
239400	0,00155991828317	0,0	0	0,0	0,00138996309627	0,000863028635604	0,00211896590621	0,00188526869565	0	0,00249270941515	0,00435805496042	0,00278586706146	0,00171951060696	0,00278586706146	0,00187085990549	0,00101437252708	0,00447737351256
240300	0,00111345074151	0,0	0	0,0	0,000906014336968	0,000708974063417	0,00117072742472	0,00149569512894	0	0,00242445811238	0,00153254511658	0,00174546334769	0,00205910289393	0,00174546334769	0,00797675101536	0,00205532089375	-0,000762000423142
241200	0,000383319346816	0,0	0	0,0	0,000430371128674	0,000531731065575	0,000292177741083	0,000295898638988	0	0,000115448927834	-0,00687038867222	4,92753321003e-06	-0,00181337431835	4,92753321003e-06	-0,0694109134646	0,00225052224487	0,00182387085439
242100	-0,000609144603645	0,0	0	0,0	-0,000659008994243	-0,000210211858099	-0,00131079845265	-0,000517256161601	0	-0,000505604187441	0,00655698755389	0,000154980183972	0,00176491889306	0,000154980183972	-0,0187485089142	0,000795913670716	-2,11575250215e-05
243000	0,000756129271609	0,0	0	0,0	0,000773142268474	0,00132105485542	-9,60771823253e-05	0,000724682699962	0	-0,00254272354137	-0,000338685385903	-0,000286994999719	-0,000967515256428	-0,000286994999719	0,00207221641815	0,000337132018176	-0,00112827548174
243900	0,00218593892509	0,0	0	0,00016501650165016567	0,00222135586193	0,00181252695835	0,00282569247374	0,00212001552012	0	0,00381162934538	0,00453664022511	0,00256402731243	0,00429654924101	0,00256402731243	0,0135054036457	0,00276654283907	0,000304001470987
244800	-0,000971244969366	0,0	0	0,0	-0,000855352503254	-0,00102674558862	-0,00060799305128	-0,00119109511229	0	-0,00280727249635	-0,00416345525297	-0,00295417523046	-0,000875705764756	-0,00295417523046	0,00203840350441	-0,0064753124048	-0,000300163249091
245700	-0,00191695901474	0,0	0	0,0	-0,00149279766084	-0,00166087308066	-0,0012555904136	-0,00277857334971	0	-0,0098816685416	-0,00502930639693	-0,00257421287443	-0,0116507277968	-0,00257421287443	-0,111729254228	-0,000301229361551	-0,000833018045103
246600	-0,00344640095493	0,0	0	0,0	-0,00353545865265	-0,00421940574813	-0,00264304684194	-0,00326789085252	0	0,00238769852222	-0,00881942359329	-0,0022060964255	-0,00143373631173	-0,0022060964255	-0,00233517864548	-0,00133431716931	-0,00325455870025
247500	0,000866693893943	0,0	0	0,0	0,000949449678297	0,00131421224399	0,000446612305085	0,000698163486474	0	0,000747091598566	0,00111286100009	0,000568617476123	0,00125543428895	0,000568617476123	0,00933695919463	0,000979012218058	0,000638356730712
248400	0,000202724930674	0,0	0	0,0	0,000118989284461	-0,000493558735444	0,000895075465689	0,000370657338404	0	1,55371140782e-05	-0,000451651635855	-0,000226462359238	0,0010023244971	-0,000226462359238	-0,0843426041115	-0,00190867451289	0,000677422355685
249300	-0,000960822663337	0,0	0	0,0	-0,000993882174259	-0,000467543552829	-0,00170906247024	-0,000894893215692	0	-0,00147189019795	0,00283620591466	-0,000235472811496	-0,00120160662576	-0,000235472811496	0,0105677021678	0,00078990281885	-0,00112062089289
250200	-0,000618844888824	0,0	0	0,00016501650165016456	-0,000619510922521	-0,000808524286898	-0,000369140170673	-0,000617516794626	0	-0,000851444607831	-0,002190153176	-0,000640972579711	-0,00161372256895	-0,000640972579711	-0,00950546607984	-0,00157203100278	0,000184242295029
251100	-0,00259714614845	0,0	0	0,0	-0,00311028936358	-0,00277522484569	-0,00357235195644	-0,00164964213065	0	0,00152720677277	-0,000431791788077	-0,00015382050622	-0,000735613641349	-0,00015382050622	0,00477236172792	0,0012403242195	-0,00178834093795
252000	-0,00209563811918	0,0	0	0,0	-0,00212891824653	-0,00209651401059	-0,00217378192101	-0,00203447019573	0	-0,001997668113	-0,00114868490048	-0,00289496201973	0,000313441293469	-0,00289496201973	0,010576575429	-0,00563845178099	-0,00226987189651
252900	-9,70691225716e-06	0,0	0	0,0	-7,83149519896e-05	-0,000352281475176	0,0002867773407	0,00011490447586	0	0,000131491422393	-0,00156346443061	0,000546484162841	-0,00173690016031	0,000546484162841	0,00354463687938	-0,000729922173947	0,00143877543367
253800	0,000938022959538	0,00016501650165016586	0	0,0	0,000948834578753	0,000846619737029	0,00108301101852	0,000918341494311	0	0,00163476392876	0,00357794812729	0,00171837461212	0,0012751481998	0,00171837461212	-0,0382549632397	0,0021876498921	0,00238347625969
254700	2,86578824954e-05	0,0	0	0,0	0,000114748667327	-0,000301049014847	0,000630598212186	-0,000130330261665	0	-8,89351710721e-05	-0,00183194026482	-0,000498946657102	8,25116777533e-07	-0,000498946657102	0,00936177313986	0,000167774625275	-0,00189279986151
255600	-0,0022540035247	0,0	0	0,0	-0,0022309680753	-0,0021018864103	-0,0023935959772	-0,00229667547885	0	-0,00227777507396	-0,00115826490126	-0,00204132843562	-0,00231720924172	-0,00204132843562	-0,00464058907045	-0,00163180486686	-0,00232613828771
256500	-0,00242722393576	0,0	0	0,0	-0,00231292346472	-0,00251633529187	-0,00206270056123	-0,00264270660528	0	-0,0031241390817	-0,00797045308172	-0,00422537331539	-0,00179683630395	-0,00422537331539	0,0102786388924	-0,00607548229766	-0,00539841772988
257400	-5,58828520613e-05	0,0	0	0,0	-0,000184458529727	0,000205324232376	-0,000690014963809	0,00018126892011	0	-6,35559356229e-05	0,00368337842466	0,000522451773264	0,000841407195245	0,000522451773264	0,00341987311488	-0,000171231425127	0,000464209927012
258300	-0,000902650987192	0,0001650165016501643	0	0,0	-0,000824253627882	-0,00177692005287	0,000273976249925	-0,00104910478039	0	-0,000370797886402	-0,00570663635751	-0,00102396512809	-0,00213141274979	-0,00102396512809	-0,0047999137604	-0,000263798641306	-0,00101170733249
259200	-0,00123602250996	0,0	0	0,0	-0,00113310391523	-0,00108765954559	-0,00118578031437	-0,00143150763941	0	-0,00275779868578	-0,000968433986399	-0,00174247125627	-0,00214232926167	-0,00174247125627	-0,00865977154378	-0,000487458218319	-0,0020889236224
260100	-0,00228893551425	0,0	0	0,0	-0,00263549658841	-0,000698518607608	-0,00550182981572	-0,00166377803916	0	-0,00116125097962	0,00363621684495	-0,000346081489844	-0,00118966098113	-0,000346081489844	-0,0546492348311	0,00045530562959	0,000694852499314
261000	0,00080991455457	0,0	0	0,0	0,000811379256359	0,000474387569756	0,00128509062106	0,000807268253068	0	0,00145167185832	-0,00325633187572	0,000529717371954	0,000395827132276	0,000529717371954	-0,00343805588469	0,000885133762925	0,000221976406642
261900	-0,000246570411268	0,0	0	0,0	-0,000223664213334	5,72025433958e-05	-0,000634933285148	-0,000288057049772	0	-0,000887142640618	0,00087363545253	-0,000464807890335	-1,65861171044e-05	-0,000464807890335	0,0134113668897	-0,00240440567287	-0,000538468095518
262800	-0,00663567179607	0,0	0	0,0	-0,00658531550056	-0,00656895619132	-0,00660930537356	-0,00672740468478	0	-0,0062053989988	-0,00174884189126	-0,00629991615489	-0,00418302374837	-0,00629991615489	0,00487965428916	-0,00948037609597	-0,00669310365921
263700	0,00157147456167	0,0	0	0,0	0,00150826619811	0,00163736465263	0,00131483600651	0,00168530702815	0	0,00134302949565	0,00300528016582	0,00217483635566	0,000973490735439	0,00217483635566	-0,0196448539184	0,00272979644121	0,00403747204293
264600	-0,00221646201682	0,00016501650165016453	0	0,0	-0,0022738868887	-0,00213301941722	-0,00248894374347	-0,00211390626292	0	-0,000949203277295	-0,00272796035185	-0,00175140340558	-0,00193579804304	-0,00175140340558	-0,00640180059815	-0,000513532244838	-0,00254337570483
265500	0,000677045730891	0,0	0	0,0	0,000705434266772	0,000578251506648	0,000895768325964	0,000626096065071	0	0,000259231426195	-0,000457297235251	0,000646053767161	-0,000611912679859	0,000646053767161	-0,121153578034	0,00119960202417	0,001624569783
266400	-0,00215890948417	0,0	0	0,0	-0,00196348436967	-0,00294663199915	-0,000663437314744	-0,00252010107151	0	-0,00344116750667	-0,00899992023884	-0,00456802944287	-0,00194127372396	-0,00456802944287	0,0155351847014	-0,00671383206462	-0,00708902943896
267300	-0,0018977033548	0,0	0	0,00016501650165016605	-0,00177959306649	-0,00163423507194	-0,00197538629774	-0,00212002650542	0	-0,00221585473363	-0,000825361526861	-0,00182803266378	-0,00227255388328	-0,00182803266378	-0,00011585407107	-0,00295778198468	-0,00120958577648
