time	I_real	d/dt
0	0,0788372990716	0
900	0,106464927371	0,000460460471662
1800	0,0108802272167	-0,00159307833591
2700	0,122205025932	0,00185541331192
3600	0,112802940473	-0,000156701424315
4500	0,0974516373823	-0,000255855051513
5400	0,0948800219333	-4,28602574843e-05
6300	0,0870461786807	-0,000130564054209
7200	0,0957410615748	0,000144914714901
8100	0,0805996947486	-0,00025235611377
9000	0,0665543468166	-0,000234089132199
9900	0,067816835947	2,10414855063e-05
10800	0,0628171117485	-8,33287366414e-05
11700	0,0775428112452	0,000245428324945
12600	0,0826775159722	8,55784121166e-05
13500	0,0772180614171	-9,09909092527e-05
14400	0,0608134160069	-0,000273410756836
15300	0,0564573044279	-7,26018596503e-05
16200	0,0898653607312	0,000556800938389
17100	0,0804487018304	-0,000156944315013
18000	0,0687648253873	-0,000194731274051
18900	0,0667241557786	-3,40111601457e-05
19800	0,058964994355	-0,00012931935706
20700	0,0768600967864	0,000298251707191
21600	0,102110195779	0,000420834983208
22500	0,0852944701623	-0,000280262093611
23400	0,0779137635251	-0,000123011777287
24300	0,0725919784106	-8,86964185753e-05
25200	0,0954157247134	0,000380395771714
26100	0,102426424777	0,000116845001052
27000	0,0986949995997	-6,21904196135e-05
27900	0,114624487639	0,000265491467327
28800	0,121954129737	0,000122160701627
29700	0,141601711068	0,00032745968885
30600	0,224214034654	0,00137687205977
31500	0,211111713637	-0,000218372016958
32400	0,153783080801	-0,000955477213934
33300	0,171098086618	0,000288583430283
34200	0,151473063724	-0,000327083714894
35100	0,250441913317	0,00164948082655
36000	0,1350551587	-0,00192311257695
36900	0,162044191725	0,000449817217074
37800	0,23080910299	0,00114608185442
38700	0,0501590796249	-0,00301083372275
39600	0,0354128660645	-0,000245770226006
40500	0,00794130735274	-0,000457859311863
41400	0,0166124164397	0,000144518484782
42300	0,477063014853	0,00767417664022
43200	0,292193317201	-0,00308116162752
44100	0,131660022584	-0,00267555491028
45000	0,375444853913	0,00406308052215
45900	0,295517494448	-0,00133212265776
46800	0,217551177177	-0,00129943862118
47700	0,574305827601	0,0059459108404
48600	0,325284580731	-0,00415035411449
49500	0,179502914211	-0,00242969444201
50400	0,666129172009	0,00811043762998
51300	0,253506991673	-0,00687703633895
52200	0,0291397569463	-0,00373945391211
53100	0,160802543929	0,00219437978305
54000	0,0943459098494	-0,001107610568
54900	0,195826168816	0,00169133764945
55800	0,0701351925205	-0,00209484960493
56700	0,226213986307	0,00260131322977
57600	0,142296584174	-0,00139862336888
58500	0,227636859383	0,00142233792014
59400	0,279233224102	0,000859939411981
60300	0,234754849492	-0,000741306243494
61200	0,305562512925	0,00118012772389
62100	0,279820403618	-0,000429035155127
63000	0,267564008166	-0,000204273257529
63900	0,270902282911	5,56379124189e-05
64800	0,227078353552	-0,000730398822646
65700	0,281408577173	0,000905503727009
66600	0,249286198378	-0,000535372979913
67500	0,180043977895	-0,00115403700805
68400	0,286632382234	0,00177647340564
69300	0,251945002889	-0,000578122989073
70200	0,33142804721	0,00132471740534
71100	0,39410912852	0,00104468468851
72000	0,4795469288	0,001423963338
72900	0,337290621715	-0,00237093845142
73800	0,279069143956	-0,000970357962657
74700	0,302985289498	0,000398602425705
75600	0,248227539018	-0,00091262917467
76500	0,279889510156	0,00052769951897
77400	0,235661007663	-0,000737141708223
78300	0,25580946955	0,000335807698128
79200	0,217915075967	-0,000631573226393
80100	0,230209428579	0,000204905876869
81000	0,186253077918	-0,000732605844354
81900	0,195744251958	0,000158186234007
82800	0,170917978985	-0,000413771216215
83700	0,158603641708	-0,000205238954623
84600	0,169545270912	0,000182360486741
85500	0,147392452991	-0,000369213632022
86400	0,0987929285264	-0,000809992074406
87300	0,108254269782	0,00015768902092
88200	0,100658078164	-0,00012660319363
89100	0,0815815661106	-0,000317941867553
90000	0,0670216814554	-0,000242664744254
90900	0,0721295128967	8,51305240221e-05
91800	0,0645731459882	-0,000125939448476
92700	0,0818543924032	0,000288020773583
93600	0,0883684092271	0,000108566947065
94500	0,0692079387178	-0,000319341175155
95400	0,0593090349973	-0,000164981728676
96300	0,0545258476972	-7,9719788334e-05
97200	0,0710372611041	0,000275190223448
98100	0,080022295095	0,000149750566516
99000	0,0688792725683	-0,000185717042113
99900	0,0625447840572	-0,000105574808518
100800	0,0512881743256	-0,000187610162193
101700	0,0662977190182	0,00025015907821
102600	0,0717439782846	9,07709877733e-05
103500	0,0761575985227	7,35603373017e-05
104400	0,066512231823	-0,000160756111661
105300	0,0690760345861	4,27300460513e-05
106200	0,0809310919385	0,000197584289208
107100	0,104560614165	0,000393825370448
108000	0,117674295895	0,000218561362156
108900	0,127105907986	0,000157193534851
109800	0,150683106508	0,000392953308699
110700	0,153934753255	5,41941124565e-05
111600	0,213342510166	0,000990129281852
112500	0,197182993902	-0,000269325271076
113400	0,199606210639	4,03869456257e-05
114300	0,261526404765	0,00103200323542
115200	0,299938981366	0,000640209610027
116100	0,224757803531	-0,00125301963058
117000	0,294107319434	0,00115582526505
117900	0,2228033735	-0,00118839909891
118800	0,327675552866	0,00174786965611
119700	0,193000848916	-0,00224457839916
120600	0,158682278466	-0,000571976174161
121500	0,174072857232	0,000256509646096
122400	0,181971137087	0,000131637997571
123300	0,166825733199	-0,000252423398128
124200	0,206871669075	0,000667432264602
125100	0,307234167289	0,00167270830356
126000	0,387331126082	0,00133494931323
126900	0,421836814564	0,000575094808025
127800	0,309242469802	-0,00187657241269
128700	0,440641135763	0,00218997776602
129600	0,422523423773	-0,000301961866507
130500	0,384563320319	-0,0006326683909
131400	0,347071374992	-0,000624865755451
132300	0,344948951831	-3,53737193414e-05
133200	0,244183002568	-0,00167943248773
134100	0,153461378614	-0,00151202706589
135000	0,262660818064	0,0018199906575
135900	0,294689521204	0,000533811718998
136800	0,257642135113	-0,00061745643484
137700	0,446358140314	0,00314526675335
138600	0,53360757902	0,00145415731177
139500	0,215408519784	-0,00530331765394
140400	0,102831924733	-0,00187627658417
141300	0,041831370031	-0,00101667591171
142200	0,0696083157633	0,000462949095539
143100	0,0860161181528	0,000273463373159
144000	0,280486945925	0,00324118046287
144900	0,23088200679	-0,000826748985581
145800	0,198647224129	-0,000537246377686
146700	0,26440005359	0,00109588049102
147600	0,226862971579	-0,000625618033526
148500	0,243758018141	0,000281584109375
149400	0,272317891937	0,000475997896591
150300	0,242405891498	-0,00049853334065
151200	0,29057130447	0,000802756882877
152100	0,269336895047	-0,000353906823719
153000	0,35504220957	0,00142842190872
153900	0,391003043884	0,000599347238568
154800	0,424336102082	0,000555550969961
155700	0,417470542778	-0,000114425988394
156600	0,442991617418	0,000425351243999
157500	0,38519222383	-0,000963323226469
158400	0,298230948846	-0,00144935458306
159300	0,329977907522	0,000529115977933
160200	0,281739541514	-0,00080397276681
161100	0,305669198991	0,000398827624612
162000	0,272472179125	-0,000553283664421
162900	0,282362768808	0,000164843161383
163800	0,277918182797	-7,40764335255e-05
164700	0,239500186009	-0,000640299946454
165600	0,245270076049	9,61648339927e-05
166500	0,209459261532	-0,000596846908615
167400	0,210620638419	1,93562814553e-05
168300	0,174173864968	-0,000607446224188
169200	0,190081719153	0,000265130903081
170100	0,175304875732	-0,000246280723691
171000	0,156473440384	-0,000313857255785
171900	0,157168836379	1,15899332353e-05
172800	0,168667801118	0,000191649412319
173700	0,158243729283	-0,000173734530577
174600	0,153655386318	-7,64723827584e-05
175500	0,113837961338	-0,000663623749653
176400	0,0874081529493	-0,000440496806485
177300	0,0889421208414	2,55661315347e-05
178200	0,108773552367	0,000330523858758
179100	0,12029314231	0,000191993165722
180000	0,101125490683	-0,000319460860451
180900	0,066576131081	-0,000575822660037
181800	0,0678135024514	2,06228561742e-05
182700	0,0768905130614	0,000151283510167
183600	0,0855810846306	0,000144842859486
184500	0,0804080573148	-8,62171219303e-05
185400	0,0690738648367	-0,000188903207968
186300	0,0614980619801	-0,000126263380943
187200	0,0709439960448	0,000157432234412
188100	0,069658820101	-2,14195990633e-05
189000	0,0636203093855	-0,000100641845259
189900	0,0597029839358	-6,52887574958e-05
190800	0,0611101007291	2,3451946556e-05
191700	0,0730836043644	0,000199558393921
192600	0,0849885626881	0,000198415972061
193500	0,0721196027109	-0,000214482666287
194400	0,0689809333377	-5,23111562203e-05
195300	0,0816096607053	0,000210478789461
196200	0,0948293409447	0,00022032800399
197100	0,0990618043074	7,05410560444e-05
198000	0,0890760307009	-0,000166429560108
198900	0,0813486760824	-0,000128789243643
199800	0,12073654154	0,000656464424286
200700	0,149912887754	0,000486272436915
201600	0,153552029943	6,06523698166e-05
202500	0,169372831022	0,000263680017979
203400	0,236456359062	0,00111805880066
204300	0,277895171517	0,000690646874251
205200	0,30655737199	0,000477703341221
206100	0,325809086023	0,000320861900552
207000	0,189131557753	-0,00227795880451
207900	0,15153299107	-0,000626642778043
208800	0,0451901764233	-0,00177238024411
209700	0,117620240449	0,00120716773376
210600	0,00510873208755	-0,00187519180602
211500	0,344789166349	0,00566134057103
212400	0,0392863760742	-0,00509171317125
213300	0,206861061514	0,002792911424
214200	0,313732813536	0,00178119586702
215100	0,00783257444288	-0,00509833731821
216000	0,159817152416	0,00253307629955
216900	0,39416727906	0,00390583544407
217800	0,17246970821	-0,00369495951415
218700	0,310407845652	0,00229896895736
219600	0,507607250675	0,00328665675038
220500	0,646942809951	0,00232225932127
221400	0,720850391175	0,00123179302039
222300	0,0656129995826	-0,0109206231932
223200	0,270475298833	0,00341437165418
224100	0,0380940196711	-0,00387302131937
225000	0,0339321871473	-6,93638753965e-05
225900	0,00447066364859	-0,000491025391645
226800	0,154220148004	0,00249582473926
227700	0,0568122792399	-0,0016234644794
228600	0,096307265792	0,000658249775868
229500	0,170981701551	0,00124457392931
230400	0,252739577928	0,00136263127295
231300	0,201591039121	-0,000852475646778
232200	0,255555138602	0,000899401658016
233100	0,269816768278	0,000237693827936
234000	0,242402401633	-0,00045690611076
234900	0,222401346666	-0,000333350916103
235800	0,186660639898	-0,000595678446139
236700	0,252924167921	0,00110439213371
237600	0,263380355646	0,000174269795421
238500	0,242947318236	-0,000340550623511
239400	0,258691916628	0,000262409973205
240300	0,295081097307	0,000606486344645
241200	0,341146574601	0,000767757954902
242100	0,35825497661	0,000285140033486
243000	0,365651343125	0,000123272775257
243900	0,438426961348	0,00121292697037
244800	0,31575156126	-0,00204459000146
245700	0,310146055365	-9,34250982454e-05
246600	0,28715657821	-0,000383157952586
247500	0,305077026387	0,000298674136282
248400	0,273729405953	-0,000522460340571
249300	0,287348026941	0,000226977016472
250200	0,262580907318	-0,000412785327043
251100	0,283693200141	0,000351871547041
252000	0,2119791479	-0,00119523420401
252900	0,203084974342	-0,000148236225968
253800	0,233769296981	0,000511405377316
254700	0,236146460012	3,96193838384e-05
255600	0,215087600421	-0,000350980993169
256500	0,157627731046	-0,00095766448959
257400	0,156024750622	-2,6716340404e-05
258300	0,153593682339	-4,05178047142e-05
259200	0,149229105117	-7,27429537016e-05
260100	0,153420292489	6,98531228634e-05
261000	0,162025127116	0,000143413910452
261900	0,141597637363	-0,000340458162542
262800	0,0902572671083	-0,000855672837581
263700	0,10793583931	0,000294642870028
264600	0,104709535928	-5,37717230408e-05
265500	0,112830648379	0,000135351874183
266400	0,0804307396485	-0,000539998478834
267300	0,0683082797021	-0,000202040999107
