time	Vm	d/dt
0	9997,79831896	0
900	9996,84210791	-0,0159368509206
1800	9998,82191758	0,0329968278707
2700	9996,30871194	-0,0418867605825
3600	9996,33614093	0,000457149846625
4500	9996,75866952	0,00704214314122
5400	9997,2611049	0,00837392289377
6300	9997,51792049	0,00428025995598
7200	9997,16606515	-0,00586425576333
8100	9997,72876542	0,00937833789282
9000	9997,84893664	0,00200285364893
9900	9997,8093662	-0,000659507332633
10800	9998,02378351	0,00357362189213
11700	9997,91625467	-0,00179214747829
12600	9997,75919022	-0,00261774071235
13500	9997,60136212	-0,00263046842432
14400	9997,88896642	0,00479340506199
15300	9998,12531024	0,00393906366456
16200	9997,78847674	-0,00561389162261
17100	9997,91023869	0,00202936579026
18000	9997,90740404	-4,72441781615e-05
18900	9997,84563374	-0,0010295050845
19800	9998,00133762	0,00259506468962
20700	9997,81859563	-0,00304569978243
21600	9997,63040463	-0,00313651659496
22500	9997,48326873	-0,00245226509784
23400	9997,38008465	-0,00171973463202
24300	9997,47000612	0,00149869110389
25200	9997,15017863	-0,00533045809473
26100	9997,07622233	-0,00123260504082
27000	9997,10430992	0,000468126489826
27900	9996,73386682	-0,00617405164955
28800	9996,0022455	-0,0121936886065
29700	9995,37693843	-0,0104217844789
30600	9993,46000687	-0,0319488594643
31500	9994,2406549	0,0130108006406
32400	9995,3407109	0,0183342665338
33300	9994,982221	-0,00597483167821
34200	9995,50389808	0,00869461812439
35100	9993,49227335	-0,033527078848
36000	9997,02028667	0,0588002219544
36900	9996,34195136	-0,011305588538
37800	9995,05498978	-0,0214493595975
38700	10000,5661985	0,0918534783363
39600	10001,7831937	0,020283253922
40500	10003,0583949	0,0212533526111
41400	10004,2176881	0,0193215532696
42300	10020,2389698	0,267021361526
43200	10018,1510553	-0,0347985750129
44100	10008,9541696	-0,153281427742
45000	10014,6680423	0,0952312116397
45900	10014,3391896	-0,00548087789017
46800	10010,3569154	-0,0663712377824
47700	10022,222802	0,197764778169
48600	10014,4468423	-0,129599329268
49500	10009,9214567	-0,0754230929799
50400	10025,2514985	0,255500697207
51300	10010,0247364	-0,253779368634
52200	10001,2938821	-0,145514238497
53100	9996,58394036	-0,078499029277
54000	9996,70415825	0,0020036314723
54900	10005,4532275	0,145817821682
55800	9997,92808925	-0,125418971599
56700	9993,47444833	-0,0742273486775
57600	9995,85327336	0,0396470838703
58500	9992,91253723	-0,0490122687945
59400	9992,13271878	-0,0129969741861
60300	9992,3494585	0,00361232854078
61200	9991,41083198	-0,0156437753005
62100	9992,49441365	0,0180596945979
63000	9992,34730583	-0,00245179712977
63900	9992,74390402	0,00660996995569
64800	9993,51795316	0,012900818911
65700	9992,05365063	-0,024405042131
66600	9992,18165249	0,00213336427839
67500	9992,88474673	0,0117182373212
68400	9989,98524977	-0,0483249492612
69300	9990,96817097	0,016382019934
70200	9989,76910007	-0,0199845148865
71100	9988,81976346	-0,0158222769338
72000	9988,36322827	-0,00760891978747
72900	9990,29377674	0,0321758078646
73800	9990,51599419	0,00370362406802
74700	9991,0189845	0,00838317195009
75600	9992,4769695	0,0242997499573
76500	9992,45380131	-0,000386136583832
77400	9993,47963625	0,0170972490177
78300	9992,9615325	-0,00863506246445
79200	9993,7694197	0,0134647867412
80100	9994,01114736	0,00402879424003
81000	9994,47745568	0,00777180542827
81900	9994,19955047	-0,0046317536095
82800	9995,24019981	0,0173441557459
83700	9995,43044589	0,00317076800347
84600	9995,53157403	0,00168546903642
85500	9996,00592943	0,00790592321103
86400	9996,95450263	0,0158095534301
87300	9997,10512193	0,00251032157333
88200	9997,10761409	4,1536092067e-05
89100	9997,5134923	0,00676463677555
90000	9997,80517617	0,00486139782703
90900	9997,69686041	-0,00180526267535
91800	9998,05499096	0,00596884257793
92700	9997,84845082	-0,00344233567418
93600	9997,79277859	-0,000927870609879
94500	9997,90842042	0,00192736389399
95400	9997,99907599	0,0015109261751
96300	9998,1855974	0,00310869010139
97200	9998,08207981	-0,00172529302436
98100	9998,01819036	-0,00106482417426
99000	9997,98767504	-0,000508588765115
99900	9997,96492839	-0,000379110846249
100800	9998,27599358	0,00518441996267
101700	9998,06511615	-0,00351462387592
102600	9997,95442563	-0,0018448420873
103500	9998,07061968	0,00193656755176
104400	9997,62291143	-0,00746180416918
105300	9997,67909415	0,000936378739364
106200	9997,62250995	-0,000943070146241
107100	9997,11339575	-0,00848523665933
108000	9996,18523103	-0,0154694119647
108900	9996,08010986	-0,00175201938952
109800	9995,38319505	-0,0116152469054
110700	9995,16646544	-0,00361216009154
111600	9994,70726943	-0,00765326683343
112500	9994,77485721	0,00112646289569
113400	9994,11128959	-0,01105946034
114300	9994,0463431	-0,0010824413998
115200	9992,66787145	-0,0229745275068
116100	9992,33593815	-0,00553222181194
117000	9991,52804431	-0,0134648971821
117900	9993,93412659	0,0401013712368
118800	9992,59189255	-0,0223705672634
119700	9996,74916359	0,0692878506403
120600	10008,7746884	0,200425414012
121500	9995,85061284	-0,215401259795
122400	10007,7410122	0,198173322435
123300	10010,443616	0,045043397427
124200	10010,4067885	-0,000613792708342
125100	10015,4047598	0,0832995226238
126000	10013,5351522	-0,0311601279713
126900	10013,8771371	0,00569974892369
127800	10011,8105193	-0,0344436292504
128700	10015,1236216	0,0552183706735
129600	10014,4912537	-0,0105394653314
130500	10011,9382949	-0,0425493128767
131400	10012,2869143	0,00581032394794
132300	10012,180109	-0,00178008890828
133200	10011,178577	-0,0166921999592
134100	10006,6891435	-0,07482389119
135000	10010,0792168	0,0565012221894
135900	10012,0419343	0,0327119572027
136800	10008,0940985	-0,0657972628888
137700	10015,0034467	0,11515580355
138600	10018,7475731	0,0624021067538
139500	10007,1605797	-0,193116557131
140400	10003,3760133	-0,0630761064626
141300	9998,6286536	-0,0791226617814
142200	9999,69966663	0,017850217138
143100	9998,33839169	-0,0226879156418
144000	9994,38775401	-0,0658439614075
144900	9994,57027272	0,00304197861763
145800	9995,1650494	0,00991294461555
146700	9993,64635033	-0,0253116512149
147600	9993,65869778	0,000205790850153
148500	9992,60069378	-0,0176333999808
149400	9991,11918147	-0,0246918718906
150300	9992,30382515	0,0197440613771
151200	9991,01856592	-0,0214209870571
152100	9991,08529262	0,00111211161129
153000	9990,99432411	-0,00151614182447
153900	9990,28569404	-0,0118105011837
154800	9990,03231585	-0,00422296978322
155700	9990,19630129	0,0027330906271
156600	9990,85271284	0,01094019251
157500	9990,05903549	-0,013227955828
158400	9990,61727548	0,00930399980058
159300	9990,98392161	0,00611076879868
160200	9992,68014565	0,0282704007202
161100	9992,54936657	-0,00217965140146
162000	9993,03968584	0,00817198796073
162900	9992,82291052	-0,00361292216006
163800	9992,9721844	0,00248789812931
164700	9993,67445126	0,011704447558
165600	9993,8131924	0,00231235233429
166500	9993,7808328	-0,0005393266261
167400	9994,27888132	0,00830080864425
168300	9994,79353196	0,00857751077228
169200	9994,5811545	-0,00353962431591
170100	9994,61771657	0,000609367681985
171000	9995,42726274	0,0134924362568
171900	9995,41450108	-0,000212694424924
172800	9995,48046458	0,00109939168221
173700	9996,08668297	0,0101036398579
174600	9995,72710103	-0,00599303237374
175500	9996,54263861	0,0135922931195
176400	9996,99684146	0,00757004743843
177300	9997,02513176	0,000471504983337
178200	9997,24879514	0,00372772300231
179100	9996,81073936	-0,00730092957298
180000	9997,32639663	0,00859428770133
180900	9997,73277562	0,00677298320519
181800	9997,79941403	0,00111064019363
182700	9997,79799902	-2,35834545795e-05
183600	9997,74292731	-0,00091786196017
184500	9997,9248888	0,00303269164075
185400	9997,70050407	-0,00373974562023
186300	9998,10479183	0,00673812936754
187200	9997,95502544	-0,00249610650156
188100	9998,02507076	0,00116742200162
189000	9998,00947254	-0,000259970312012
189900	9998,06405284	0,000909671617713
190800	9998,06868193	7,71514976501e-05
191700	9997,84279852	-0,00376472337072
192600	9997,58847201	-0,00423877530978
193500	9997,85398469	0,00442521136735
194400	9997,69947318	-0,00257519172953
195300	9997,56220802	-0,0022877526954
196200	9997,34331976	-0,00364813763399
197100	9997,20592527	-0,00228990823504
198000	9997,10095699	-0,00174947137417
198900	9997,0167896	-0,00140278977821
199800	9996,91317539	-0,00172690350986
200700	9996,10450144	-0,0134778991826
201600	9994,72840114	-0,0229350049889
202500	9995,39993991	0,0111923127523
203400	9993,72681349	-0,0278854402782
204300	9993,34714734	-0,00632776907875
205200	9991,48219936	-0,0310824664371
206100	9991,56725175	0,00141753987888
207000	9995,18104082	0,060229817757
207900	9995,0830164	-0,00163374022013
208800	10000,1588926	0,0845979367656
209700	10004,3872147	0,0704720340667
210600	10000,0251549	-0,0727009951052
211500	10009,00709	0,149698917706
212400	10001,8127365	-0,119905892069
213300	10008,5431127	0,112172936709
214200	10013,0519837	0,0751478506191
215100	10004,1977567	-0,147570450332
216000	10010,2296645	0,100531795922
216900	10015,1328947	0,0817205032539
217800	10003,6108252	-0,19203449164
218700	10009,1468828	0,0922676280332
219600	10017,3632934	0,136940175832
220500	10022,0404906	0,0779532869158
221400	10024,962041	0,0486925060344
222300	10004,2902336	-0,344530123391
223200	9995,47332081	-0,146948545892
224100	10002,56006	0,118112319457
225000	10003,1892588	0,010486646403
225900	10000,491903	-0,044955929859
226800	9994,75864452	-0,0955543075382
227700	9996,93143367	0,0362131525002
228600	9996,29490556	-0,0106088018011
229500	9994,09386843	-0,0366839520755
230400	9992,14326782	-0,0325100102212
231300	9993,67165841	0,0254731764444
232200	9992,60612597	-0,0177588739855
233100	9991,75290055	-0,0142204236634
234000	9993,05244955	0,0216591500956
234900	9991,95296783	-0,0183246954618
235800	9991,36310172	-0,00983110173732
236700	9992,12155588	0,0126409026411
237600	9992,24621347	0,00207762656352
238500	9991,82060945	-0,0070934004154
239400	9990,96765776	-0,014215861437
240300	9990,31056744	-0,0109515053175
241200	9990,08479946	-0,00376279977621
242100	9990,4321733	0,0057895640289
243000	9989,97834172	-0,00756385961328
243900	9988,46781076	-0,0251755160716
244800	9989,10870062	0,0106814977531
245700	9990,25085531	0,0190359115214
246600	9991,91839769	0,0277923729395
247500	9991,47883774	-0,00732599926038
248400	9991,37024647	-0,00180985438249
249300	9991,83935341	0,00781844888443
250200	9992,13149094	0,00486895886018
251100	9993,17721543	0,0174287416113
252000	9993,93844894	0,0126872251394
252900	9993,93996946	2,53420180343e-05
253800	9993,57889838	-0,00601785145809
254700	9993,57053429	-0,000139401422196
255600	9994,33706706	0,0127755461703
256500	9995,05938743	0,0120386727487
257400	9995,0728294	0,000224032832466
258300	9995,32767757	0,00424746953465
259200	9995,65231929	0,00541069541105
260100	9996,17170709	0,00865646334745
261000	9995,97619283	-0,00325857110847
261900	9996,03528803	0,000984919984755
262800	9997,16481697	0,0188254823798
263700	9996,86860185	-0,00493691870079
264600	9997,23549462	0,00611487962551
265500	9997,11884491	-0,0019441618964
266400	9997,45140669	0,00554269625245
267300	9997,71312403	0,00436195578841
