time	I_imag	d/dt
0	6,98529833173e-06	0
900	1,40205714058e-05	1,17254551234e-07
1800	1,79600704853e-06	-2,03742739287e-07
2700	1,91913004672e-05	2,89921556978e-07
3600	1,84817937362e-05	-1,18251121836e-08
4500	1,47502263027e-05	-6,21927905579e-08
5400	1,07091310099e-05	-6,7351588214e-08
6300	8,91095571084e-06	-2,99695883174e-08
7200	1,15396937276e-05	4,38123002801e-08
8100	7,29229419529e-06	-7,0789992206e-08
9000	6,50264911061e-06	-1,31607514113e-08
9900	6,91328222937e-06	6,84388531269e-09
10800	5,55717823511e-06	-2,26017332377e-08
11700	6,13925042795e-06	9,70120321408e-09
12600	7,1258544948e-06	1,64434011141e-08
13500	8,14817941486e-06	1,70387486676e-08
14400	6,30620924016e-06	-3,06995029116e-08
15300	5,00942119417e-06	-2,16131340999e-08
16200	7,06606716558e-06	3,42774328568e-08
17100	6,21648856106e-06	-1,41596434086e-08
18000	6,19061162643e-06	-4,3128224391e-10
18900	6,55851313038e-06	6,13169173254e-09
19800	5,61003756142e-06	-1,58079261493e-08
20700	6,74244013455e-06	1,88733762188e-08
21600	8,05643041808e-06	2,18998380589e-08
22500	9,01312167546e-06	1,59448542897e-08
23400	9,73644702705e-06	1,20554225264e-08
24300	8,9930089706e-06	-1,2390634274e-08
25200	1,14556141694e-05	4,10434199806e-08
26100	1,22452046508e-05	1,31598413554e-08
27000	1,19861278483e-05	-4,3179467073e-09
27900	1,53680829226e-05	5,63659179053e-08
28800	2,30985980789e-05	1,28841919271e-07
29700	2,95754470571e-05	1,0794748297e-07
30600	6,26025441533e-05	5,5045161827e-07
31500	4,79031585665e-05	-2,44989759779e-07
32400	3,17265563163e-05	-2,69610037505e-07
33300	3,67104569976e-05	8,30650113551e-08
34200	2,84575634828e-05	-1,37548225245e-07
35100	5,88503763407e-05	5,06546880964e-07
36000	1,32860777722e-05	-7,59404976142e-07
36900	2,21390186719e-05	1,47549014996e-07
37800	3,88438958691e-05	2,78414619954e-07
38700	-4,7505548112e-08	-6,48190023621e-07
39600	-1,61679071987e-06	-2,61547528627e-08
40500	-9,78565575046e-06	-1,3614775051e-07
41400	-1,84788371841e-05	-1,44886357227e-07
42300	-1,58111930728e-06	2,8162863128e-07
43200	-1,14009136578e-06	7,35046569178e-09
44100	-1,81322311845e-07	1,59794842322e-08
45000	-1,39807476899e-06	-2,02792076192e-08
45900	-1,24974788556e-06	2,47211472382e-09
46800	-5,37951676884e-07	1,18632701447e-08
47700	-2,01743940881e-06	-2,46581288654e-08
48600	-7,58255480093e-07	2,09863988119e-08
49500	-2,83110950668e-07	7,91907549041e-09
50400	-3,6281704258e-06	-5,57509912523e-08
51300	-5,73580625342e-07	5,09098300077e-08
52200	-1,18934353831e-06	-1,02627152161e-08
53100	1,81081696294e-05	3,21625219462e-07
54000	1,70275084961e-05	-1,80110188882e-08
54900	-3,4997254992e-05	-8,67079391469e-07
55800	7,17570966628e-06	7,02882744305e-07
56700	6,25121595695e-05	9,22274165054e-07
57600	2,52854527191e-05	-6,20445114173e-07
58500	4,0298223214e-06	-3,54260506629e-07
59400	5,1089143887e-06	1,79848677882e-08
60300	4,37786789732e-06	-1,21841081896e-08
61200	6,00792298631e-06	2,71675848165e-08
62100	4,56059329242e-06	-2,41221615648e-08
63000	4,70961998873e-06	2,48377827179e-09
63900	4,50320736565e-06	-3,44021038463e-09
64800	6,06962998797e-05	9,36551541902e-07
65700	5,31848414899e-06	-9,22963595513e-07
66600	4,88222191572e-06	-7,27103722106e-09
67500	3,77801704281e-06	-1,84034145486e-08
68400	7,19169239015e-06	5,68945891223e-08
69300	5,94464425281e-06	-2,07841356223e-08
70200	7,78750002458e-06	3,07142628628e-08
71100	1,02316390686e-05	4,07356507329e-08
72000	1,09355337977e-05	1,17315788186e-08
72900	8,0166788563e-06	-4,86475823563e-08
73800	7,17324649194e-06	-1,40572060727e-08
74700	6,45290068195e-06	-1,20057634998e-08
75600	4,28500910057e-06	-3,61315263563e-08
76500	4,47567048967e-06	3,17768981836e-09
77400	6,12029973727e-05	9,45455448051e-07
78300	4,08809431702e-06	-9,51915050929e-07
79200	5,59267232338e-05	8,63977148614e-07
80100	5,19638846597e-05	-6,60473095696e-08
81000	4,39025106825e-05	-1,34356232952e-07
81900	4,84331905276e-05	7,55113307505e-08
82800	3,28514456902e-05	-2,59695747289e-07
83700	3,00099904656e-05	-4,7357587076e-08
84600	2,8689032463e-05	-2,20159667103e-08
85500	2,27888934664e-05	-9,83356499429e-08
86400	1,2823385553e-05	-1,66091798557e-07
87300	1,18369484113e-05	-1,64406190288e-08
88200	1,16903680625e-05	-2,44300581372e-09
89100	8,61208895239e-06	-5,13046518345e-08
90000	6,70238859664e-06	-3,18283392625e-08
90900	7,54664743769e-06	1,40709806841e-08
91800	5,36453129947e-06	-3,63686023036e-08
92700	6,58809972682e-06	2,03928071225e-08
93600	6,99496617438e-06	6,78110745921e-09
94500	6,20569857893e-06	-1,3154459924e-08
95400	5,70046292587e-06	-8,42059421776e-09
96300	4,71998041259e-06	-1,63413752213e-08
97200	5,26190157373e-06	9,03201935226e-09
98100	5,62614269821e-06	6,07068540802e-09
99000	5,78203004977e-06	2,59812252603e-09
99900	5,865587514e-06	1,39262440385e-09
100800	4,19537978451e-06	-2,78367954915e-08
101700	5,35259338772e-06	1,92868933868e-08
102600	5,99122184448e-06	1,06438076126e-08
103500	5,33159567035e-06	-1,09937695689e-08
104400	7,99326530566e-06	4,43611605885e-08
105300	7,53143038139e-06	-7,6972487377e-09
106200	7,97403948165e-06	7,37681833761e-09
107100	1,21245754956e-05	6,91756002324e-08
108000	2,05745568593e-05	1,40833022728e-07
108900	2,18228690991e-05	2,08052039961e-08
109800	2,99725773749e-05	1,35828471265e-07
110700	3,22761138919e-05	3,8392275283e-08
111600	3,99126753792e-05	1,27276024788e-07
112500	3,93245857749e-05	-9,80149340534e-09
113400	4,92947141372e-05	1,66168806039e-07
114300	5,09019872169e-05	2,67878846607e-08
115200	4,57830513113e-06	-7,72061368096e-07
116100	4,78324545379e-06	3,41567204432e-09
117000	5,90735644498e-06	1,87351831864e-08
117900	5,3501537663e-05	7,93236353633e-07
118800	5,2407961352e-06	-8,04345692129e-07
119700	1,61906129327e-05	1,82496946625e-07
120600	-2,06644937077e-07	-2,73287631163e-07
121500	2,59209064677e-05	4,35459190079e-07
122400	-5,2562462862e-07	-4,40775518271e-07
123300	-1,10992988147e-07	6,91052734121e-09
124200	-3,35984400621e-07	-3,74985687455e-09
125100	-8,26358898403e-07	-8,17290829638e-09
126000	-9,96708046797e-07	-2,83915247323e-09
126900	-1,09451239786e-06	-1,63007251769e-09
127800	-8,14037787278e-07	4,67457684301e-09
128700	-1,56749586984e-06	-1,25576347094e-08
129600	-1,48202212192e-06	1,42456246543e-09
130500	-1,14598988206e-06	5,60053733097e-09
131400	-8,31683406326e-07	5,23844126221e-09
132300	-8,04060194939e-07	4,60386856449e-10
133200	-5,09280743677e-07	4,91299085435e-09
134100	-5,16238848512e-05	-8,51910068458e-07
135000	-5,13328445338e-07	8,51842606764e-07
135900	-6,59486458436e-07	-2,43596688496e-09
136800	-4,62263482288e-07	3,28704960247e-09
137700	-1,60997493545e-06	-1,91285242194e-08
138600	-2,34620083738e-06	-1,22704316988e-08
139500	-4,00289030731e-07	3,24318634441e-08
140400	-1,31607427816e-05	-2,12674229181e-07
141300	3,19877182214e-06	2,72658576728e-07
142200	3,06790940126e-07	-4,81996813668e-08
143100	4,68783371446e-06	7,30173795722e-08
144000	4,61306108916e-05	6,90712952953e-07
144900	4,3274406021e-05	-4,76034145104e-08
145800	3,38805852819e-05	-1,56563678985e-07
146700	5,87455252505e-05	4,14415666144e-07
147600	5,78872364422e-05	-1,43048134721e-08
148500	4,41267716062e-06	-8,91242654693e-07
149400	5,39008485967e-06	1,62901283175e-08
150300	4,33244708106e-06	-1,76272963101e-08
151200	5,71029296072e-06	2,29640979942e-08
152100	5,74442114216e-06	5,68803023975e-10
153000	6,74777397661e-06	1,67225472409e-08
153900	8,1493892425e-06	2,33602544314e-08
154800	9,0728346845e-06	1,53907573668e-08
155700	8,66377585335e-06	-6,81764718585e-09
156600	8,01633943547e-06	-1,07906069647e-08
157500	8,01047709584e-06	-9,77056604097e-11
158400	6,84550620797e-06	-1,94161814645e-08
159300	6,3782895116e-06	-7,78694493961e-09
160200	4,33413398641e-06	-3,40692587532e-08
161100	4,65705179651e-06	5,38196350169e-09
162000	6,98823282271e-05	1,08708794051e-06
162900	4,36534227148e-06	-1,09194976593e-06
163800	4,10836901453e-06	-4,28288761578e-09
164700	5,64995517689e-05	8,73186379239e-07
165600	5,40320444293e-05	-4,11251223264e-08
166500	5,50263604521e-05	1,65719337129e-08
167400	4,65158767959e-05	-1,41841394269e-07
168300	3,85377856351e-05	-1,32968186014e-07
169200	4,1356499638e-05	4,6978566715e-08
170100	4,07032751841e-05	-1,08870742318e-08
171000	2,99060571349e-05	-1,79953634154e-07
171900	3,04400686701e-05	8,90019225411e-09
172800	2,94610506263e-05	-1,63169673976e-08
173700	2,19948709426e-05	-1,24436328061e-07
174600	2,6226874843e-05	7,05333983393e-08
175500	1,72682316549e-05	-1,49310719801e-07
176400	1,26621839431e-05	-7,67674618633e-08
177300	1,29165645836e-05	4,23967734166e-09
178200	1,09113017613e-05	-3,34210470372e-08
179100	1,46747133426e-05	6,27235263551e-08
180000	1,02950108487e-05	-7,29950415664e-08
180900	7,24711294154e-06	-5,0798298452e-08
181800	6,79831223536e-06	-7,48001176971e-09
182700	6,96895430116e-06	2,84403443e-09
183600	7,25237832035e-06	4,72373365319e-09
184500	6,19642849685e-06	-1,75991637251e-08
185400	7,48703563074e-06	2,15101188982e-08
186300	5,08321042956e-06	-4,00637533529e-08
187200	5,93331237952e-06	1,41683658325e-08
188100	5,55712919461e-06	-6,26971974838e-09
189000	5,67287795581e-06	1,92914602003e-09
189900	5,38475910264e-06	-4,80198088618e-09
190800	5,28396065767e-06	-1,67997408295e-09
191700	6,53842328002e-06	2,09077103725e-08
192600	8,25316832585e-06	2,85790840972e-08
193500	6,53904349243e-06	-2,85687472237e-08
194400	7,56142613156e-06	1,70397106522e-08
195300	8,36142837428e-06	1,3333370712e-08
196200	9,99068374232e-06	2,71542561341e-08
197100	1,10527581331e-05	1,77012398456e-08
198000	1,19281297907e-05	1,4589527627e-08
198900	1,27882980126e-05	1,43361370328e-08
199800	1,37732346934e-05	1,64156113455e-08
200700	2,19243155648e-05	1,35851347857e-07
201600	3,86466201638e-05	2,7870507665e-07
202500	3,0430068489e-05	-1,36942527914e-07
203400	5,60410449382e-05	4,26849607486e-07
204300	6,43347388584e-05	1,38228232004e-07
205200	6,21444285235e-06	-9,68671600101e-07
206100	5,6292808312e-06	-9,75270035244e-09
207000	3,57424113238e-05	5,0188550821e-07
207900	3,57372154574e-05	-8,65977741298e-11
208800	-1,14601620421e-07	-5,9753028463e-07
209700	-2,207134013e-05	-3,65945641826e-07
210600	-2,38658776843e-08	3,67457904205e-07
211500	-1,03892565274e-06	-1,69176629177e-08
212400	-3,49060982968e-06	-4,0861402949e-08
213300	-3,97664049196e-07	5,15490963415e-08
214200	-8,17876973826e-07	-7,00354874384e-09
215100	-1,94298300856e-05	-3,1019921853e-07
216000	-1,57036658256e-07	3,2121322379e-07
216900	-8,87827464698e-07	-1,2179846774e-08
217800	-1,31402803677e-05	-2,04207548384e-07
218700	-5,27852784059e-07	2,10207126395e-07
219600	-1,51555785993e-06	-1,64617512644e-08
220500	-3,45565996241e-06	-3,23350350414e-08
221400	-4,59897371678e-06	-1,90552292395e-08
222300	-2,2350850455e-05	-2,95864612303e-07
223200	2,93196620402e-05	8,61175208252e-07
224100	-6,46606562521e-06	-5,96428794423e-07
225000	-9,13150334293e-06	-4,4423961962e-08
225900	-1,49002890507e-07	1,49708340874e-07
226800	4,03544952377e-05	6,75058302137e-07
227700	1,38244739424e-05	-4,42167021589e-07
228600	2,07338255811e-05	1,15155860646e-07
229500	5,10248417643e-05	5,0485026972e-07
230400	5,14352917544e-06	-7,64688543148e-07
231300	5,81897655151e-05	8,84103938995e-07
232200	4,70651599738e-06	-8,91387491962e-07
233100	5,45564869428e-06	1,24855449482e-08
234000	6,8296102485e-05	1,04734089651e-06
234900	4,80334219195e-06	-1,05821267155e-06
235800	5,14319100449e-06	5,66414687569e-09
236700	4,62501776648e-06	-8,63622063346e-09
237600	4,67976106559e-06	9,12388318463e-10
238500	4,81512488247e-06	2,25606361474e-09
239400	6,2913176111e-06	2,46032121438e-08
240300	7,51029793652e-06	2,0316338757e-08
241200	7,94041570828e-06	7,16862952945e-09
242100	7,55211609568e-06	-6,47166021e-09
243000	8,07564148916e-06	8,72542322467e-09
243900	1,05122237094e-05	4,06097036712e-08
244800	9,11267759354e-06	-2,33257685982e-08
245700	6,73945484971e-06	-3,95537123972e-08
246600	4,71817841029e-06	-3,36879406571e-08
247500	5,10138514463e-06	6,38677890567e-09
248400	5,26741005724e-06	2,76708187686e-09
249300	4,84189986007e-06	-7,09183661945e-09
250200	4,50185382972e-06	-5,66743383919e-09
251100	6,68738625999e-05	1,0395334795e-06
252000	5,29490218252e-05	-2,32080679577e-07
252900	5,33040783686e-05	5,91760905577e-09
253800	5,97737414387e-05	1,07827717836e-07
254700	5,93860090937e-05	-6,46220575032e-09
255600	4,5970382788e-05	-2,23593771761e-07
256500	3,4616545589e-05	-1,89230619985e-07
257400	3,49030050827e-05	4,77432489605e-09
258300	3,1137063252e-05	-6,27656971795e-08
259200	2,66811650717e-05	-7,42649696715e-08
260100	2,13626837236e-05	-8,86413558005e-08
261000	2,35966756078e-05	3,72331980698e-08
261900	2,28549733114e-05	-1,23617049397e-08
262800	1,16434863355e-05	-1,86858116265e-07
263700	1,43069293877e-05	4,43907175371e-08
264600	1,12090405485e-05	-5,16314806543e-08
265500	1,21379203918e-05	1,54813307219e-08
266400	9,32622192596e-06	-4,68616410974e-08
267300	7,4239303913e-06	-3,17048589109e-08
