time	Va	d/dt
0	-0,00074422527028	0
900	-0,00106992512061	-5,42833083877e-06
1800	-0,00102984889478	6,67937097174e-07
2700	-0,00125043747896	-3,67647640301e-06
3600	-0,00124373965522	1,11630395681e-07
4500	-0,00109833994713	2,42332846808e-06
5400	-0,000926640760158	2,8616531162e-06
6300	-0,000838709320275	1,46552399804e-06
7200	-0,000958208348543	-1,99165047112e-06
8100	-0,000769126277609	3,15136784889e-06
9000	-0,000728830412628	6,71597749681e-07
9900	-0,000740512364025	-1,94699189947e-07
10800	-0,000668811654278	1,19501182911e-06
11700	-0,000705622235689	-6,13509690172e-07
12600	-0,000758547868058	-8,82093872814e-07
13500	-0,000812131814215	-8,93065769293e-07
14400	-0,00071480882722	1,62204978326e-06
15300	-0,000634349790247	1,34098394955e-06
16200	-0,000747368598322	-1,88364680125e-06
17100	-0,000707213225081	6,69256220675e-07
18000	-0,000708628964403	-2,35956553572e-08
18900	-0,000729577433428	-3,4914115042e-07
19800	-0,000677236267027	8,72352773355e-07
20700	-0,000738546787795	-1,02184201281e-06
21600	-0,000801314563706	-1,04612959852e-06
22500	-0,000851735459608	-8,4034826503e-07
23400	-0,000886919387982	-5,86398806227e-07
24300	-0,000857242587107	4,9461334791e-07
25200	-0,000965256090671	-1,80022505939e-06
26100	-0,000988874502948	-3,9364020462e-07
27000	-0,000979567147307	1,55122594013e-07
27900	-0,00110406825101	-2,07501839501e-06
28800	-0,00135096662415	-4,11497288566e-06
29700	-0,00156862866747	-3,62770072211e-06
30600	-0,00220738799313	-1,06459887609e-05
31500	-0,00194640827839	4,34966191226e-06
32400	-0,00157283796126	6,22617195218e-06
33300	-0,00169423687906	-2,02331529665e-06
34200	-0,00152743896029	2,77996531291e-06
35100	-0,00220726246159	-1,13303916884e-05
36000	-0,00101393163863	1,98888470494e-05
36900	-0,00122940859641	-3,59128262969e-06
37800	-0,00166497720328	-7,25947678116e-06
38700	0,000194373797627	3,09891833484e-05
39600	0,00061461499792	7,00402000489e-06
40500	0,00103266787163	6,9675478951e-06
41400	0,00143308940012	6,67369214162e-06
42300	0,00685243080694	9,03223567803e-05
43200	0,00615036925855	-1,17010258064e-05
44100	0,00302322307139	-5,21191031195e-05
45000	0,00495504214938	3,21969846332e-05
45900	0,00483052731066	-2,07524731199e-06
46800	0,00348947184375	-2,23509244484e-05
47700	0,00753080479134	6,73555491264e-05
48600	0,00490231786463	-4,38081154451e-05
49500	0,00336203571811	-2,56713691088e-05
50400	0,00854605574351	8,64003337567e-05
51300	0,00338942749155	-8,59438041993e-05
52200	0,000436646735427	-4,9213012602e-05
53100	-0,00115473001465	-2,65229458345e-05
54000	-0,0011153731353	6,55947989031e-07
54900	0,00183861841932	4,92331925771e-05
55800	-0,000698067699636	-4,22781019826e-05
56700	-0,00220187773392	-2,50635005714e-05
57600	-0,00140141415826	1,33410595943e-05
58500	-0,00239663665832	-1,65870416677e-05
59400	-0,00265974243185	-4,38509622552e-06
60300	-0,00259424691615	1,09159192836e-06
61200	-0,00290622640624	-5,19965816807e-06
62100	-0,0025416122938	6,07690187394e-06
63000	-0,00259182198621	-8,36828206855e-07
63900	-0,00245235125234	2,32451223125e-06
64800	-0,00219059292758	4,36263874587e-06
65700	-0,00268489848364	-8,23842593431e-06
66600	-0,00264620490669	6,4489294912e-07
67500	-0,00241025347879	3,93252379838e-06
68400	-0,00339721336692	-1,64493314688e-05
69300	-0,00306311702975	5,56827228611e-06
70200	-0,00346902533592	-6,76513843615e-06
71100	-0,00377922857608	-5,17005400264e-06
72000	-0,00393445670192	-2,58713543072e-06
72900	-0,0032813344339	1,08853711336e-05
73800	-0,00320917336077	1,20268455227e-06
74700	-0,003040338695	2,81391109609e-06
75600	-0,00255032457439	8,16690201014e-06
76500	-0,0025552053671	-8,13465450986e-08
77400	-0,0022042718225	5,84889241008e-06
78300	-0,00238126607229	-2,94990416331e-06
79200	-0,00210615364391	4,58520713974e-06
80100	-0,00202334982196	1,38006369918e-06
81000	-0,00186695600357	2,60656363988e-06
81900	-0,00196090129625	-1,56575487814e-06
82800	-0,00160798167372	5,88199370884e-06
83700	-0,0015450209381	1,04934559374e-06
84600	-0,00151086505015	5,6926479908e-07
85500	-0,0013512159402	2,66081849917e-06
86400	-0,00103343597778	5,29633270701e-06
87300	-0,000980391856591	8,84068686541e-07
88200	-0,000980522727858	-2,18118778084e-09
89100	-0,000843176843821	2,28909806728e-06
90000	-0,000744344890566	1,64719922091e-06
90900	-0,000779464555988	-5,85327757021e-07
91800	-0,000658462821469	2,01669557531e-06
92700	-0,00072813821922	-1,16125662917e-06
93600	-0,000746356487196	-3,03637799614e-07
94500	-0,000708059421568	6,38284427134e-07
95400	-0,000677134805389	5,1541026965e-07
96300	-0,000613610608048	1,05873662236e-06
97200	-0,000648759159389	-5,85809189017e-07
98100	-0,000670282227296	-3,58717798446e-07
99000	-0,0006808107101	-1,75474713401e-07
99900	-0,000689032196517	-1,37024773624e-07
100800	-0,000583894932367	1,75228773584e-06
101700	-0,000654529672391	-1,17724566707e-06
102600	-0,000691879021777	-6,22489156426e-07
103500	-0,000652559016599	6,55333419628e-07
104400	-0,000804921769636	-2,53937921729e-06
105300	-0,000786748872356	3,02881621336e-07
106200	-0,000805263759418	-3,08581451028e-07
107100	-0,0009748409083	-2,82628581471e-06
108000	-0,00129181148794	-5,28284299396e-06
108900	-0,00132684625026	-5,83912705439e-07
109800	-0,00156419678348	-3,95584222028e-06
110700	-0,00164029104644	-1,26823771603e-06
111600	-0,00179100363128	-2,51187641393e-06
112500	-0,00176631656141	4,11451164478e-07
113400	-0,00199310467533	-3,77980189861e-06
114300	-0,00201315822427	-3,34225815777e-07
115200	-0,00247945179525	-7,77155951636e-06
116100	-0,00259139026405	-1,86564114661e-06
117000	-0,00286734184961	-4,59919309272e-06
117900	-0,00204866275083	1,36446516464e-05
118800	-0,00250092950817	-7,53777928892e-06
119700	-0,00110313401019	2,32965916329e-05
120600	0,00296515586166	6,78048311975e-05
121500	-0,00140213783346	-7,27882282519e-05
122400	0,00261005851877	6,68699392038e-05
123300	0,00354140924377	1,55225120834e-05
124200	0,00351874061615	-3,77810460387e-07
125100	0,00521924437417	2,83417293003e-05
126000	0,0045839686891	-1,05879280845e-05
126900	0,00470294060611	1,98286528349e-06
127800	0,00399918345287	-1,17292858872e-05
128700	0,00511195584326	1,85462065065e-05
129600	0,00489756191318	-3,57323216806e-06
130500	0,00402939632597	-1,44694264536e-05
131400	0,00415485605074	2,09099541284e-06
132300	0,00412113234373	-5,62061783412e-07
133200	0,00378422856776	-5,61506293279e-06
134100	0,00226725144486	-2,52829520483e-05
135000	0,00341455509863	1,91217275627e-05
135900	0,00407691075102	1,10392608733e-05
136800	0,00273485078742	-2,236766606e-05
137700	0,00507277024663	3,89653243201e-05
138600	0,00634183425457	2,1151066799e-05
139500	0,00242044066487	-6,53565598283e-05
140400	0,00113751960913	-2,13820175956e-05
141300	-0,000462405207756	-2,66654136148e-05
142200	-9,92210346659e-05	6,05306955151e-06
143100	-0,000560804547132	-7,6930585411e-06
144000	-0,00189413504187	-2,22221749123e-05
144900	-0,0018321419802	1,03321769455e-06
145800	-0,0016334452367	3,31161239166e-06
146700	-0,00214568959939	-8,53740604491e-06
147600	-0,00214373965987	3,24989920859e-08
148500	-0,00250502307457	-6,02139024501e-06
149400	-0,00302117703174	-8,60256595289e-06
150300	-0,00261203848194	6,81897583013e-06
151200	-0,00305308485881	-7,35077294787e-06
152100	-0,00302688913245	4,36595439343e-07
153000	-0,00304505450274	-3,027561716e-07
153900	-0,00328283060143	-3,96293497808e-06
154800	-0,00336458922453	-1,36264371832e-06
155700	-0,00331141873208	8,86174874143e-07
156600	-0,00308605397625	3,75607926384e-06
157500	-0,00336404547215	-4,63319159832e-06
158400	-0,00317599196726	3,13422508144e-06
159300	-0,00305386461606	2,03545585336e-06
160200	-0,00247835148785	9,59188547013e-06
161100	-0,00251896298738	-6,76858325405e-07
162000	-0,00235254738248	2,77359341485e-06
162900	-0,00242471023003	-1,2027141258e-06
163800	-0,00237761747094	7,84879318166e-07
164700	-0,00214230038233	3,92195147695e-06
165600	-0,00209537081677	7,82159425866e-07
166500	-0,00210479443132	-1,57060242495e-07
167400	-0,00193643159041	2,80604734851e-06
168300	-0,00176217571566	2,90426457925e-06
169200	-0,00183566235012	-1,22477724101e-06
170100	-0,00182367948109	1,99714483797e-07
171000	-0,00154680928154	4,61450332584e-06
171900	-0,001549338944	-4,21610409303e-08
172800	-0,00152759272743	3,62436942706e-07
173700	-0,00132322194016	3,40617978789e-06
174600	-0,00144478661616	-2,02607793326e-06
175500	-0,00116840071855	4,60643162678e-06
176400	-0,0010176341746	2,51277573245e-06
177300	-0,00100435451801	2,21327609844e-07
178200	-0,000929947260597	1,24012095691e-06
179100	-0,00107793177081	-2,46640850361e-06
180000	-0,000903795645202	2,90226876019e-06
180900	-0,000767959960831	2,26392807286e-06
181800	-0,000745682918268	3,71284042713e-07
182700	-0,000744519843046	1,93845870385e-08
183600	-0,000763828283681	-3,21807343928e-07
184500	-0,000701536262912	1,03820034615e-06
185400	-0,000778578768815	-1,28404176504e-06
186300	-0,000641722601945	2,2809361145e-06
187200	-0,000692270404184	-8,42463370649e-07
188100	-0,000668294695282	3,99595148352e-07
189000	-0,000673262973056	-8,28046295638e-08
189900	-0,000654586096704	3,11281272536e-07
190800	-0,000653889359461	1,16122873827e-08
191700	-0,00073092454178	-1,28391970531e-06
192600	-0,000816337007941	-1,42354110268e-06
193500	-0,000726423762108	1,49855409721e-06
194400	-0,000778270598864	-8,64113945926e-07
195300	-0,000825892094355	-7,93691591529e-07
196200	-0,000899541512221	-1,22749029776e-06
197100	-0,000946046933941	-7,75090361994e-07
198000	-0,000981362364766	-5,88590513754e-07
198900	-0,00100867465053	-4,55204762713e-07
199800	-0,00104312099796	-5,74105790555e-07
200700	-0,00131645550805	-4,5555751682e-06
201600	-0,00178787045073	-7,8569157112e-06
202500	-0,00155524773312	3,87704529336e-06
203400	-0,00212288207158	-9,46057230763e-06
204300	-0,00224698175335	-2,06832802953e-06
205200	-0,0028775569965	-1,05095873857e-05
206100	-0,00285940837811	3,02476973098e-07
207000	-0,0016250547991	2,05725596502e-05
207900	-0,00166869498674	-7,27336460606e-07
208800	5,54607266538e-05	2,87359285565e-05
209700	0,00147369369257	2,36372160986e-05
210600	1,1632053675e-05	-2,43676939816e-05
211500	0,00303161485101	5,03330466223e-05
212400	0,000603476940213	-4,046896518e-05
213300	0,0028885955276	3,80853097897e-05
214200	0,00441575135609	2,54525971416e-05
215100	0,00141414657245	-5,0026746394e-05
216000	0,00346984801394	3,42616906915e-05
216900	0,00512628882689	2,76073468825e-05
217800	0,00122345617195	-6,50472109157e-05
218700	0,00308947410699	3,11002989173e-05
219600	0,00587678321327	4,64551517714e-05
220500	0,0074416060789	2,60803810938e-05
221400	0,00843238385528	1,65129629397e-05
222300	0,00143668298687	-0,000116595014473
223200	-0,00154398147615	-4,96777410503e-05
224100	0,000860398003391	4,00729913257e-05
225000	0,00108728702289	3,78148365839e-06
225900	0,000169835480287	-1,52908590435e-05
226800	-0,00177382546563	-3,23943490986e-05
227700	-0,00104322289082	1,21767095801e-05
228600	-0,00125253083317	-3,48846570579e-06
229500	-0,00199565714341	-1,23854385041e-05
230400	-0,00265592958985	-1,1004540774e-05
231300	-0,00213745587765	8,6412285368e-06
232200	-0,00249725024451	-5,99657278107e-06
233100	-0,00279182970034	-4,90965759715e-06
234000	-0,00235251037304	7,3219887883e-06
234900	-0,00273127606353	-6,31276150817e-06
235800	-0,00293401639818	-3,37900557738e-06
236700	-0,00267251892309	4,35829125139e-06
237600	-0,00262757026012	7,49144382917e-07
238500	-0,0027764638269	-2,4815594464e-06
239400	-0,00306005497069	-4,72651906321e-06
240300	-0,00327526993255	-3,58691603102e-06
241200	-0,00335319231005	-1,29870629159e-06
242100	-0,0032341544435	1,98396444257e-06
243000	-0,00338815892041	-2,56674128199e-06
243900	-0,00390036947045	-8,53684250051e-06
244800	-0,0036877792282	3,54317070402e-06
245700	-0,00331425553355	6,22539491084e-06
246600	-0,00274533084592	9,48207812722e-06
247500	-0,00289727844491	-2,53245998313e-06
248400	-0,00293161506644	-5,72277025576e-07
249300	-0,00277136564084	2,67082376012e-06
250200	-0,00267214904925	1,65360985981e-06
251100	-0,00230696054256	6,08647511145e-06
252000	-0,00204895820447	4,30003896816e-06
252900	-0,00204703751561	3,20114809637e-08
253800	-0,00216925408586	-2,0369428374e-06
254700	-0,00217396828162	-7,8569929351e-08
255600	-0,00191517574062	4,31320901664e-06
256500	-0,00167258347444	4,04320443636e-06
257400	-0,00166588116143	1,1170521686e-07
258300	-0,0015809058716	1,41625483045e-06
259200	-0,00147249655161	1,80682199983e-06
260100	-0,00129264491262	2,99752731642e-06
261000	-0,00135868234178	-1,10062381922e-06
261900	-0,00133903068324	3,27527642361e-07
262800	-0,000957892676129	6,35230011845e-06
263700	-0,00105723444728	-1,65569618576e-06
264600	-0,000932891710981	2,07237893824e-06
265500	-0,000972542617799	-6,60848446971e-07
266400	-0,000861787094367	1,84592539053e-06
267300	-0,000774121671119	1,46109038748e-06
