time	sensor_1	sensor_2	sensor_3	sensor_4	sensor_5	sensor_6	sensor_7	sensor_8	sensor_9	sensor_10	sensor_11	sensor_12	sensor_13	sensor_14	sensor_15	sensor_16	sensor_17
0	0	0	0	0	0	0	0	0	0	0	0	0	0	0	0	0	0
900	0,00505966250185	0,00505966250185	0,00505966250185	0,00505966250185	0,00507356144297	0,00507356144297	0,00507356144297	0,00499880713547	0,00499880713547	0,00499880713547	0,00499880713547	0,00499880713547	0,00499880713547	0,00498374783058	0,00498374783058	0,00498374783058	0,00498374783058
1800	-0,000626510176039	-0,000626510176039	-0,000626510176039	-0,000626510176039	-0,000648577767634	-0,000648577767634	-0,000648577767634	-0,000530547669879	-0,000530547669879	-0,000530547669879	-0,000530547669879	-0,000530547669879	-0,000530547669879	-0,000490155306097	-0,000490155306097	-0,000490155306097	-0,000490155306097
2700	0,00292381462165	0,00292381462165	0,00292381462165	0,00292381462165	0,00294015211867	0,00294015211867	0,00294015211867	0,00285231522276	0,00285231522276	0,00285231522276	0,00285231522276	0,00285231522276	0,00285231522276	0,00280910740638	0,00280910740638	0,00280910740638	0,00280910740638
3600	-0,000107839170543	-0,000107839170543	-0,000107839170543	-0,000107839170543	-8,97538284742e-05	-8,97538284742e-05	-8,97538284742e-05	-0,000187449298949	-0,000187449298949	-0,000187449298949	-0,000187449298949	-0,000187449298949	-0,000187449298949	-0,000196060168594	-0,000196060168594	-0,000196060168594	-0,000196060168594
4500	-0,00218891215928	-0,00218891215928	-0,00218891215928	-0,00218891215928	-0,00220635557727	-0,00220635557727	-0,00220635557727	-0,00211250953608	-0,00211250953608	-0,00211250953608	-0,00211250953608	-0,00211250953608	-0,00211250953608	-0,00209683900119	-0,00209683900119	-0,00209683900119	-0,00209683900119
5400	-0,00307227305137	-0,00307227305137	-0,00307227305137	-0,00307227305137	-0,0030882012094	-0,0030882012094	-0,0030882012094	-0,0030028088753	-0,0030028088753	-0,0030028088753	-0,0030028088753	-0,0030028088753	-0,0030028088753	-0,00295453647557	-0,00295453647557	-0,00295453647557	-0,00295453647557
6300	-0,00173550809607	-0,00173550809607	-0,00173550809607	-0,00173550809607	-0,0017473562802	-0,0017473562802	-0,0017473562802	-0,00168401480561	-0,00168401480561	-0,00168401480561	-0,00168401480561	-0,00168401480561	-0,00168401480561	-0,0016566771133	-0,0016566771133	-0,0016566771133	-0,0016566771133
7200	0,00207374584256	0,00207374584256	0,00207374584256	0,00207374584256	0,00207851504753	0,00207851504753	0,00207851504753	0,00205298216398	0,00205298216398	0,00205298216398	0,00205298216398	0,00205298216398	0,00205298216398	0,00201855667625	0,00201855667625	0,00201855667625	0,00201855667625
8100	-0,00411380073182	-0,00411380073182	-0,00411380073182	-0,00411380073182	-0,00409733478186	-0,00409733478186	-0,00409733478186	-0,00418579391194	-0,00418579391194	-0,00418579391194	-0,00418579391194	-0,00418579391194	-0,00418579391194	-0,00419356395349	-0,00419356395349	-0,00419356395349	-0,00419356395349
9000	-0,000926449124056	-0,000926449124056	-0,000926449124056	-0,000926449124056	-0,000921473278344	-0,000921473278344	-0,000921473278344	-0,000948237850835	-0,000948237850835	-0,000948237850835	-0,000948237850835	-0,000948237850835	-0,000948237850835	-0,00097977470655	-0,00097977470655	-0,00097977470655	-0,00097977470655
9900	0,00028265853215	0,00028265853215	0,00028265853215	0,00028265853215	0,000262924968449	0,000262924968449	0,000262924968449	0,000368513600774	0,000368513600774	0,000368513600774	0,000368513600774	0,000368513600774	0,000368513600774	0,000393482172161	0,000393482172161	0,000393482172161	0,000393482172161
10800	-0,00179791260611	-0,00179791260611	-0,00179791260611	-0,00179791260611	-0,0017867688481	-0,0017867688481	-0,0017867688481	-0,00184655296965	-0,00184655296965	-0,00184655296965	-0,00184655296965	-0,00184655296965	-0,00184655296965	-0,00183272664489	-0,00183272664489	-0,00183272664489	-0,00183272664489
11700	0,000864599615329	0,000864599615329	0,000864599615329	0,000864599615329	0,000869459122945	0,000869459122945	0,000869459122945	0,000843353746313	0,000843353746313	0,000843353746313	0,000843353746313	0,000843353746313	0,000843353746313	0,000842366919652	0,000842366919652	0,000842366919652	0,000842366919652
12600	0,00116563337134	0,00116563337134	0,00116563337134	0,00116563337134	0,00116287173158	0,00116287173158	0,00116287173158	0,00117769577363	0,00117769577363	0,00117769577363	0,00117769577363	0,00117769577363	0,00117769577363	0,00117526548301	0,00117526548301	0,00117526548301	0,00117526548301
13500	0,0010981021761	0,0010981021761	0,0010981021761	0,0010981021761	0,00109965618101	0,00109965618101	0,00109965618101	0,00109131089162	0,00109131089162	0,00109131089162	0,00109131089162	0,00109131089162	0,00109131089162	0,00107474565315	0,00107474565315	0,00107474565315	0,00107474565315
14400	-0,00226995027084	-0,00226995027084	-0,00226995027084	-0,00226995027084	-0,00226920782382	-0,00226920782382	-0,00226920782382	-0,00227319558283	-0,00227319558283	-0,00227319558283	-0,00227319558283	-0,00227319558283	-0,00227319558283	-0,00227847783819	-0,00227847783819	-0,00227847783819	-0,00227847783819
15300	-0,00210734578513	-0,00210734578513	-0,00210734578513	-0,00210734578513	-0,00211395033177	-0,00211395033177	-0,00211395033177	-0,00207853108066	-0,00207853108066	-0,00207853108066	-0,00207853108066	-0,00207853108066	-0,00207853108066	-0,00204994077238	-0,00204994077238	-0,00204994077238	-0,00204994077238
16200	0,00252974026847	0,00252974026847	0,00252974026847	0,00252974026847	0,00252037188274	0,00252037188274	0,00252037188274	0,00257046846838	0,00257046846838	0,00257046846838	0,00257046846838	0,00257046846838	0,00257046846838	0,0025796191774	0,0025796191774	0,0025796191774	0,0025796191774
17100	-0,000959140429568	-0,000959140429568	-0,000959140429568	-0,000959140429568	-0,000946328768948	-0,000946328768948	-0,000946328768948	-0,00101505528574	-0,00101505528574	-0,00101505528574	-0,00101505528574	-0,00101505528574	-0,00101505528574	-0,00101374866316	-0,00101374866316	-0,00101374866316	-0,00101374866316
18000	2,77544062149e-05	2,77544062149e-05	2,77544062149e-05	2,77544062149e-05	3,32976163021e-05	3,32976163021e-05	3,32976163021e-05	3,51846119216e-06	3,51846119216e-06	3,51846119216e-06	3,51846119216e-06	3,51846119216e-06	3,51846119216e-06	-5,4325870942e-05	-5,4325870942e-05	-5,4325870942e-05	-5,4325870942e-05
18900	0,000478199187806	0,000478199187806	0,000478199187806	0,000478199187806	0,000478552562652	0,000478552562652	0,000478552562652	0,000476653986075	0,000476653986075	0,000476653986075	0,000476653986075	0,000476653986075	0,000476653986075	0,000490412067924	0,000490412067924	0,000490412067924	0,000490412067924
19800	-0,00129342781253	-0,00129342781253	-0,00129342781253	-0,00129342781253	-0,00128810699578	-0,00128810699578	-0,00128810699578	-0,00131673123308	-0,00131673123308	-0,00131673123308	-0,00131673123308	-0,00131673123308	-0,00131673123308	-0,00131067670233	-0,00131067670233	-0,00131067670233	-0,00131067670233
20700	0,00139011357418	0,00139011357418	0,00139011357418	0,00139011357418	0,00138358466884	0,00138358466884	0,00138358466884	0,00141864243122	0,00141864243122	0,00141864243122	0,00141864243122	0,00141864243122	0,00141864243122	0,00143339344195	0,00143339344195	0,00143339344195	0,00143339344195
21600	0,00131489927264	0,00131489927264	0,00131489927264	0,00131489927264	0,00130551676694	0,00130551676694	0,00130551676694	0,00135576318361	0,00135576318361	0,00135576318361	0,00135576318361	0,00135576318361	0,00135576318361	0,00138175609106	0,00138175609106	0,00138175609106	0,00138175609106
22500	0,000980297089776	0,000980297089776	0,000980297089776	0,000980297089776	0,000986630597036	0,000986630597036	0,000986630597036	0,000952652799775	0,000952652799775	0,000952652799775	0,000952652799775	0,000952652799775	0,000952652799775	0,000923372273985	0,000923372273985	0,000923372273985	0,000923372273985
23400	0,00065870457097	0,00065870457097	0,00065870457097	0,00065870457097	0,000661163589582	0,000661163589582	0,000661163589582	0,00064796267282	0,00064796267282	0,00064796267282	0,00064796267282	0,00064796267282	0,00064796267282	0,000632304061612	0,000632304061612	0,000632304061612	0,000632304061612
24300	-0,000584935794448	-0,000584935794448	-0,000584935794448	-0,000584935794448	-0,000576981773128	-0,000576981773128	-0,000576981773128	-0,000619768101238	-0,000619768101238	-0,000619768101238	-0,000619768101238	-0,000619768101238	-0,000619768101238	-0,000622044538437	-0,000622044538437	-0,000622044538437	-0,000622044538437
25200	0,00186783064573	0,00186783064573	0,00186783064573	0,00186783064573	0,00186502325838	0,00186502325838	0,00186502325838	0,00188011224362	0,00188011224362	0,00188011224362	0,00188011224362	0,00188011224362	0,00188011224362	0,00190284977305	0,00190284977305	0,00190284977305	0,00190284977305
26100	0,00041023243258	0,00041023243258	0,00041023243258	0,00041023243258	0,000398068919207	0,000398068919207	0,000398068919207	0,000463231538787	0,000463231538787	0,000463231538787	0,000463231538787	0,000463231538787	0,000463231538787	0,000475200247467	0,000475200247467	0,000475200247467	0,000475200247467
27000	-0,000160067960981	-0,000160067960981	-0,000160067960981	-0,000160067960981	-0,000158358305951	-0,000158358305951	-0,000158358305951	-0,000167521361393	-0,000167521361393	-0,000167521361393	-0,000167521361393	-0,000167521361393	-0,000167521361393	-0,000183517158133	-0,000183517158133	-0,000183517158133	-0,000183517158133
27900	0,00188506761134	0,00188506761134	0,00188506761134	0,00188506761134	0,00187942945839	0,00187942945839	0,00187942945839	0,00190959751772	0,00190959751772	0,00190959751772	0,00190959751772	0,00190959751772	0,00190959751772	0,00192776858107	0,00192776858107	0,00192776858107	0,00192776858107
28800	0,00304811434962	0,00304811434962	0,00304811434962	0,00304811434962	0,00304594711084	0,00304594711084	0,00304594711084	0,00305753533122	0,00305753533122	0,00305753533122	0,00305753533122	0,00305753533122	0,00305753533122	0,00306158252262	0,00306158252262	0,00306158252262	0,00306158252262
29700	0,00228251420285	0,00228251420285	0,00228251420285	0,00228251420285	0,00231265741685	0,00231265741685	0,00231265741685	0,00214999685811	0,00214999685811	0,00214999685811	0,00214999685811	0,00214999685811	0,00214999685811	0,00210164542551	0,00210164542551	0,00210164542551	0,00210164542551
30600	0,00485513374428	0,00485513374428	0,00485513374428	0,00485513374428	0,00482288967506	0,00482288967506	0,00482288967506	0,00499482911875	0,00499482911875	0,00499482911875	0,00499482911875	0,00499482911875	0,00499482911875	0,00505907376418	0,00505907376418	0,00505907376418	0,00505907376418
31500	-0,00224732189656	-0,00224732189656	-0,00224732189656	-0,00224732189656	-0,00223471198748	-0,00223471198748	-0,00223471198748	-0,00230214843888	-0,00230214843888	-0,00230214843888	-0,00230214843888	-0,00230214843888	-0,00230214843888	-0,0023370286344	-0,0023370286344	-0,0023370286344	-0,0023370286344
32400	-0,00394635523056	-0,00394635523056	-0,00394635523056	-0,00394635523056	-0,0039585590541	-0,0039585590541	-0,0039585590541	-0,00389346177571	-0,00389346177571	-0,00389346177571	-0,00389346177571	-0,00389346177571	-0,00389346177571	-0,00388109714869	-0,00388109714869	-0,00388109714869	-0,00388109714869
33300	0,00119242089683	0,00119242089683	0,00119242089683	0,00119242089683	0,00119423400686	0,00119423400686	0,00119423400686	0,00118455765386	0,00118455765386	0,00118455765386	0,00118455765386	0,00118455765386	0,00118455765386	0,00119052340153	0,00119052340153	0,00119052340153	0,00119052340153
34200	-0,00190402303685	-0,00190402303685	-0,00190402303685	-0,00190402303685	-0,00182001728723	-0,00182001728723	-0,00182001728723	-0,00204356373261	-0,00204356373261	-0,00204356373261	-0,00204356373261	-0,00204356373261	-0,00204356373261	-0,0020952285466	-0,0020952285466	-0,0020952285466	-0,0020952285466
35100	0,00515854508511	0,00515854508511	0,00515854508511	0,00515854508511	0,0051332326289	0,0051332326289	0,0051332326289	0,00512729519392	0,00512729519392	0,00512729519392	0,00512729519392	0,00512729519392	0,00512729519392	0,00513279969409	0,00513279969409	0,00513279969409	0,00513279969409
36000	-0,0198577179043	-0,0198577179043	-0,0198577179043	-0,0198577179043	-0,0196155700164	-0,0196155700164	-0,0196155700164	-0,0192819205473	-0,0192819205473	-0,0192819205473	-0,0192819205473	-0,0192819205473	-0,0192819205473	-0,0190042808631	-0,0190042808631	-0,0190042808631	-0,0190042808631
36900	0,00302173887614	0,00302173887614	0,00302173887614	0,00302173887614	0,00292114650913	0,00292114650913	0,00292114650913	0,00333525490306	0,00333525490306	0,00333525490306	0,00333525490306	0,00333525490306	0,00333525490306	0,00337220549569	0,00337220549569	0,00337220549569	0,00337220549569
37800	0,00436362258225	0,00436362258225	0,00436362258225	0,00436362258225	0,00436010581218	0,00436010581218	0,00436010581218	0,00424415006822	0,00424415006822	0,00424415006822	0,00424415006822	0,00424415006822	0,00424415006822	0,00423947088843	0,00423947088843	0,00423947088843	0,00423947088843
38700	0,154540272465	0,154540272465	0,154540272465	0,154540272465	0,159430868393	0,159430868393	0,159430868393	0,198622512067	0,198622512067	0,198622512067	0,198622512067	0,198622512067	0,198622512067	0,211443397509	0,211443397509	0,211443397509	0,211443397509
39600	0,0112651481448	0,0112651481448	0,0112651481448	0,0112651481448	0,0113957843993	0,0113957843993	0,0113957843993	0,0118381653042	0,0118381653042	0,0118381653042	0,0118381653042	0,0118381653042	0,0118381653042	0,0119225690627	0,0119225690627	0,0119225690627	0,0119225690627
40500	0,00677472579517	0,00677472579517	0,00677472579517	0,00677472579517	0,00674713340712	0,00674713340712	0,00674713340712	0,00762404555944	0,00762404555944	0,00762404555944	0,00762404555944	0,00762404555944	0,00762404555944	0,00787589947703	0,00787589947703	0,00787589947703	0,00787589947703
41400	0,00458411404576	0,00458411404576	0,00458411404576	0,00458411404576	0,0046568568165	0,0046568568165	0,0046568568165	0,00456931380356	0,00456931380356	0,00456931380356	0,00456931380356	0,00456931380356	0,00456931380356	0,00449858919094	0,00449858919094	0,00449858919094	0,00449858919094
42300	0,0131722348894	0,0131722348894	0,0131722348894	0,0131722348894	0,0131810680509	0,0131810680509	0,0131810680509	0,0132784794327	0,0132784794327	0,0132784794327	0,0132784794327	0,0132784794327	0,0132784794327	0,0133173643982	0,0133173643982	0,0133173643982	0,0133173643982
43200	-0,0019056235569	-0,0019056235569	-0,0019056235569	-0,0019056235569	-0,0019024915927	-0,0019024915927	-0,0019024915927	-0,00196455598655	-0,00196455598655	-0,00196455598655	-0,00196455598655	-0,00196455598655	-0,00196455598655	-0,00198035185515	-0,00198035185515	-0,00198035185515	-0,00198035185515
44100	-0,0171218381616	-0,0171218381616	-0,0171218381616	-0,0171218381616	-0,0172395823559	-0,0172395823559	-0,0172395823559	-0,0171302042986	-0,0171302042986	-0,0171302042986	-0,0171302042986	-0,0171302042986	-0,0171302042986	-0,0172050648316	-0,0172050648316	-0,0172050648316	-0,0172050648316
45000	0,00649303304258	0,00649303304258	0,00649303304258	0,00649303304258	0,00649782255378	0,00649782255378	0,00649782255378	0,00649521759927	0,00649521759927	0,00649521759927	0,00649521759927	0,00649521759927	0,00649521759927	0,00654508419595	0,00654508419595	0,00654508419595	0,00654508419595
45900	-0,000405818467889	-0,000405818467889	-0,000405818467889	-0,000405818467889	-0,000429610926206	-0,000429610926206	-0,000429610926206	-0,000293578131173	-0,000293578131173	-0,000293578131173	-0,000293578131173	-0,000293578131173	-0,000293578131173	-0,000298825357702	-0,000298825357702	-0,000298825357702	-0,000298825357702
46800	-0,00637108738097	-0,00637108738097	-0,00637108738097	-0,00637108738097	-0,00640524567876	-0,00640524567876	-0,00640524567876	-0,00655834572482	-0,00655834572482	-0,00655834572482	-0,00655834572482	-0,00655834572482	-0,00655834572482	-0,00661062567308	-0,00661062567308	-0,00661062567308	-0,00661062567308
47700	0,00890154008225	0,00890154008225	0,00890154008225	0,00890154008225	0,00894400412608	0,00894400412608	0,00894400412608	0,00889725923873	0,00889725923873	0,00889725923873	0,00889725923873	0,00889725923873	0,00889725923873	0,00890274811569	0,00890274811569	0,00890274811569	0,00890274811569
48600	-0,00892726918268	-0,00892726918268	-0,00892726918268	-0,00892726918268	-0,00893620459847	-0,00893620459847	-0,00893620459847	-0,00915383375625	-0,00915383375625	-0,00915383375625	-0,00915383375625	-0,00915383375625	-0,00915383375625	-0,00916760091259	-0,00916760091259	-0,00916760091259	-0,00916760091259
49500	-0,00762848877346	-0,00762848877346	-0,00762848877346	-0,00762848877346	-0,00763566221814	-0,00763566221814	-0,00763566221814	-0,00750893927905	-0,00750893927905	-0,00750893927905	-0,00750893927905	-0,00750893927905	-0,00750893927905	-0,00751878936877	-0,00751878936877	-0,00751878936877	-0,00751878936877
50400	0,0101049722646	0,0101049722646	0,0101049722646	0,0101049722646	0,0101099660884	0,0101099660884	0,0101099660884	0,0101769156678	0,0101769156678	0,0101769156678	0,0101769156678	0,0101769156678	0,0101769156678	0,0101957019508	0,0101957019508	0,0101957019508	0,0101957019508
51300	-0,0252925720982	-0,0252925720982	-0,0252925720982	-0,0252925720982	-0,0253564368654	-0,0253564368654	-0,0253564368654	-0,0254546510803	-0,0254546510803	-0,0254546510803	-0,0254546510803	-0,0254546510803	-0,0254546510803	-0,0254354063408	-0,0254354063408	-0,0254354063408	-0,0254354063408
52200	-0,110310351167	-0,110310351167	-0,110310351167	-0,110310351167	-0,112706699969	-0,112706699969	-0,112706699969	-0,121378289387	-0,121378289387	-0,121378289387	-0,121378289387	-0,121378289387	-0,121378289387	-0,124445896042	-0,124445896042	-0,124445896042	-0,124445896042
53100	0,0231459153051	0,0231459153051	0,0231459153051	0,0231459153051	0,0229689585428	0,0229689585428	0,0229689585428	0,0223789195509	0,0223789195509	0,0223789195509	0,0223789195509	0,0223789195509	0,0223789195509	0,0222140847522	0,0222140847522	0,0222140847522	0,0222140847522
54000	-0,000616653076983	-0,000616653076983	-0,000616653076983	-0,000616653076983	-0,000588097353494	-0,000588097353494	-0,000588097353494	-0,000576530837167	-0,000576530837167	-0,000576530837167	-0,000576530837167	-0,000576530837167	-0,000576530837167	-0,000599055513456	-0,000599055513456	-0,000599055513456	-0,000599055513456
54900	0,0266312119733	0,0266312119733	0,0266312119733	0,0266312119733	0,0267772758391	0,0267772758391	0,0267772758391	0,0271505186903	0,0271505186903	0,0271505186903	0,0271505186903	0,0271505186903	0,0271505186903	0,0271908810295	0,0271908810295	0,0271908810295	0,0271908810295
55800	0,0611588254135	0,0611588254135	0,0611588254135	0,0611588254135	0,0605644724784	0,0605644724784	0,0605644724784	0,0583153251363	0,0583153251363	0,0583153251363	0,0583153251363	0,0583153251363	0,0583153251363	0,0577831361705	0,0577831361705	0,0577831361705	0,0577831361705
56700	0,0114092451837	0,0114092451837	0,0114092451837	0,0114092451837	0,0113827848773	0,0113827848773	0,0113827848773	0,0112493878335	0,0112493878335	0,0112493878335	0,0112493878335	0,0112493878335	0,0112493878335	0,0112141395543	0,0112141395543	0,0112141395543	0,0112141395543
57600	-0,00956313489449	-0,00956313489449	-0,00956313489449	-0,00956313489449	-0,0095197122961	-0,0095197122961	-0,0095197122961	-0,0095534661076	-0,0095534661076	-0,0095534661076	-0,0095534661076	-0,0095534661076	-0,0095534661076	-0,00965088099559	-0,00965088099559	-0,00965088099559	-0,00965088099559
58500	0,00692489336388	0,00692489336388	0,00692489336388	0,00692489336388	0,00692096635094	0,00692096635094	0,00692096635094	0,00687299344276	0,00687299344276	0,00687299344276	0,00687299344276	0,00687299344276	0,00687299344276	0,00684136132465	0,00684136132465	0,00684136132465	0,00684136132465
59400	0,0016501410029	0,0016501410029	0,0016501410029	0,0016501410029	0,00164869205868	0,00164869205868	0,00164869205868	0,00165731898465	0,00165731898465	0,00165731898465	0,00165731898465	0,00165731898465	0,00165731898465	0,00168658861275	0,00168658861275	0,00168658861275	0,00168658861275
60300	-0,000447111574067	-0,000447111574067	-0,000447111574067	-0,000447111574067	-0,000420774106566	-0,000420774106566	-0,000420774106566	-0,000563117475422	-0,000563117475422	-0,000563117475422	-0,000563117475422	-0,000563117475422	-0,000563117475422	-0,00061325683932	-0,00061325683932	-0,00061325683932	-0,00061325683932
61200	0,0018054068481	0,0018054068481	0,0018054068481	0,0018054068481	0,00178914421702	0,00178914421702	0,00178914421702	0,00187746164521	0,00187746164521	0,00187746164521	0,00187746164521	0,00187746164521	0,00187746164521	0,00191071349715	0,00191071349715	0,00191071349715	0,00191071349715
62100	-0,00239841071406	-0,00239841071406	-0,00239841071406	-0,00239841071406	-0,00239096336163	-0,00239096336163	-0,00239096336163	-0,00243245405231	-0,00243245405231	-0,00243245405231	-0,00243245405231	-0,00243245405231	-0,00243245405231	-0,00242167843845	-0,00242167843845	-0,00242167843845	-0,00242167843845
63000	0,000321545974149	0,000321545974149	0,000321545974149	0,000321545974149	0,000322872562741	0,000322872562741	0,000322872562741	0,000315906370696	0,000315906370696	0,000315906370696	0,000315906370696	0,000315906370696	0,000315906370696	0,000308689974934	0,000308689974934	0,000308689974934	0,000308689974934
63900	-0,00092871683053	-0,00092871683053	-0,00092871683053	-0,00092871683053	-0,00094787083581	-0,00094787083581	-0,00094787083581	-0,000845818613047	-0,000845818613047	-0,000845818613047	-0,000845818613047	-0,000845818613047	-0,000845818613047	-0,000819660441079	-0,000819660441079	-0,000819660441079	-0,000819660441079
64800	-0,00198808806162	-0,00198808806162	-0,00198808806162	-0,00198808806162	-0,00199153329262	-0,00199153329262	-0,00199153329262	-0,00198277383756	-0,00198277383756	-0,00198277383756	-0,00198277383756	-0,00198277383756	-0,00198277383756	-0,00199529413268	-0,00199529413268	-0,00199529413268	-0,00199529413268
65700	0,00306769223004	0,00306769223004	0,00306769223004	0,00306769223004	0,00306843107272	0,00306843107272	0,00306843107272	0,00307216917505	0,00307216917505	0,00307216917505	0,00307216917505	0,00307216917505	0,00307216917505	0,00307117820128	0,00307117820128	0,00307117820128	0,00307117820128
66600	-0,000258660831374	-0,000258660831374	-0,000258660831374	-0,000258660831374	-0,000243704842164	-0,000243704842164	-0,000243704842164	-0,000324202417385	-0,000324202417385	-0,000324202417385	-0,000324202417385	-0,000324202417385	-0,000324202417385	-0,000355183329921	-0,000355183329921	-0,000355183329921	-0,000355183329921
67500	-0,00163914610298	-0,00163914610298	-0,00163914610298	-0,00163914610298	-0,00163158100714	-0,00163158100714	-0,00163158100714	-0,0016732705685	-0,0016732705685	-0,0016732705685	-0,0016732705685	-0,0016732705685	-0,0016732705685	-0,00171352513849	-0,00171352513849	-0,00171352513849	-0,00171352513849
68400	0,00483282956346	0,00483282956346	0,00483282956346	0,00483282956346	0,00484200716651	0,00484200716651	0,00484200716651	0,00479486806068	0,00479486806068	0,00479486806068	0,00479486806068	0,00479486806068	0,00479486806068	0,00480239517973	0,00480239517973	0,00480239517973	0,00480239517973
69300	-0,00181546565051	-0,00181546565051	-0,00181546565051	-0,00181546565051	-0,00181784510093	-0,00181784510093	-0,00181784510093	-0,00180625604632	-0,00180625604632	-0,00180625604632	-0,00180625604632	-0,00180625604632	-0,00180625604632	-0,00181135494588	-0,00181135494588	-0,00181135494588	-0,00181135494588
70200	0,00195144412496	0,00195144412496	0,00195144412496	0,00195144412496	0,00195015538402	0,00195015538402	0,00195015538402	0,0019583709598	0,0019583709598	0,0019583709598	0,0019583709598	0,0019583709598	0,0019583709598	0,00197914979789	0,00197914979789	0,00197914979789	0,00197914979789
71100	0,00139197719133	0,00139197719133	0,00139197719133	0,00139197719133	0,00136801833987	0,00136801833987	0,00136801833987	0,00149742933103	0,00149742933103	0,00149742933103	0,00149742933103	0,00149742933103	0,00149742933103	0,00153540632526	0,00153540632526	0,00153540632526	0,00153540632526
72000	0,000655532689363	0,000655532689363	0,000655532689363	0,000655532689363	0,000657558495804	0,000657558495804	0,000657558495804	0,000647204491723	0,000647204491723	0,000647204491723	0,000647204491723	0,000647204491723	0,000647204491723	0,000637544724616	0,000637544724616	0,000637544724616	0,000637544724616
72900	-0,00331550729466	-0,00331550729466	-0,00331550729466	-0,00331550729466	-0,00331736107761	-0,00331736107761	-0,00331736107761	-0,00331004491238	-0,00331004491238	-0,00331004491238	-0,00331004491238	-0,00331004491238	-0,00331004491238	-0,00327978452093	-0,00327978452093	-0,00327978452093	-0,00327978452093
73800	-0,000382690466994	-0,000382690466994	-0,000382690466994	-0,000382690466994	-0,000374764594201	-0,000374764594201	-0,000374764594201	-0,000417677380315	-0,000417677380315	-0,000417677380315	-0,000417677380315	-0,000417677380315	-0,000417677380315	-0,000467150961828	-0,000467150961828	-0,000467150961828	-0,000467150961828
74700	-0,000929458355886	-0,000929458355886	-0,000929458355886	-0,000929458355886	-0,000925525534609	-0,000925525534609	-0,000925525534609	-0,000947257179861	-0,000947257179861	-0,000947257179861	-0,000947257179861	-0,000947257179861	-0,000947257179861	-0,000954650406557	-0,000954650406557	-0,000954650406557	-0,000954650406557
75600	-0,00321597050589	-0,00321597050589	-0,00321597050589	-0,00321597050589	-0,00320229906896	-0,00320229906896	-0,00320229906896	-0,00327809083792	-0,00327809083792	-0,00327809083792	-0,00327809083792	-0,00327809083792	-0,00327809083792	-0,0032828437376	-0,0032828437376	-0,0032828437376	-0,0032828437376
76500	4,17705290805e-05	4,17705290805e-05	4,17705290805e-05	4,17705290805e-05	3,18356192211e-05	3,18356192211e-05	3,18356192211e-05	8,52846412092e-05	8,52846412092e-05	8,52846412092e-05	8,52846412092e-05	8,52846412092e-05	8,52846412092e-05	9,90633157839e-05	9,90633157839e-05	9,90633157839e-05	9,90633157839e-05
77400	-0,00263440873245	-0,00263440873245	-0,00263440873245	-0,00263440873245	-0,00265343518453	-0,00265343518453	-0,00265343518453	-0,0025618813738	-0,0025618813738	-0,0025618813738	-0,0025618813738	-0,0025618813738	-0,0025618813738	-0,00253941303114	-0,00253941303114	-0,00253941303114	-0,00253941303114
78300	0,00123044143908	0,00123044143908	0,00123044143908	0,00123044143908	0,0012387965367	0,0012387965367	0,0012387965367	0,00120172239541	0,00120172239541	0,00120172239541	0,00120172239541	0,00120172239541	0,00120172239541	0,00122124860377	0,00122124860377	0,00122124860377	0,00122124860377
79200	-0,00216614009104	-0,00216614009104	-0,00216614009104	-0,00216614009104	-0,00217705253983	-0,00217705253983	-0,00217705253983	-0,00212807054371	-0,00212807054371	-0,00212807054371	-0,00212807054371	-0,00212807054371	-0,00212807054371	-0,00213142071508	-0,00213142071508	-0,00213142071508	-0,00213142071508
80100	-0,00067722724271	-0,00067722724271	-0,00067722724271	-0,00067722724271	-0,000682068757564	-0,000682068757564	-0,000682068757564	-0,000656194748102	-0,000656194748102	-0,000656194748102	-0,000656194748102	-0,000656194748102	-0,000656194748102	-0,000644744747511	-0,000644744747511	-0,000644744747511	-0,000644744747511
81000	-0,00140191656345	-0,00140191656345	-0,00140191656345	-0,00140191656345	-0,00139615697151	-0,00139615697151	-0,00139615697151	-0,00142698006228	-0,00142698006228	-0,00142698006228	-0,00142698006228	-0,00142698006228	-0,00142698006228	-0,00144361761862	-0,00144361761862	-0,00144361761862	-0,00144361761862
81900	0,00079850234039	0,00079850234039	0,00079850234039	0,00079850234039	0,000798487349225	0,000798487349225	0,000798487349225	0,000798567575767	0,000798567575767	0,000798567575767	0,000798567575767	0,000798567575767	0,000798567575767	0,000794774804978	0,000794774804978	0,000794774804978	0,000794774804978
82800	-0,00365069142609	-0,00365069142609	-0,00365069142609	-0,00365069142609	-0,00365799797657	-0,00365799797657	-0,00365799797657	-0,00361895740103	-0,00361895740103	-0,00361895740103	-0,00361895740103	-0,00361895740103	-0,00361895740103	-0,00359508537607	-0,00359508537607	-0,00359508537607	-0,00359508537607
83700	-0,000686791005617	-0,000686791005617	-0,000686791005617	-0,000686791005617	-0,000679178882217	-0,000679178882217	-0,000679178882217	-0,000719929875416	-0,000719929875416	-0,000719929875416	-0,000719929875416	-0,000719929875416	-0,000719929875416	-0,000747855532762	-0,000747855532762	-0,000747855532762	-0,000747855532762
84600	-0,000376995202986	-0,000376995202986	-0,000376995202986	-0,000376995202986	-0,000376780705214	-0,000376780705214	-0,000376780705214	-0,000377929067601	-0,000377929067601	-0,000377929067601	-0,000377929067601	-0,000377929067601	-0,000377929067601	-0,000369716797058	-0,000369716797058	-0,000369716797058	-0,000369716797058
85500	-0,00197448563864	-0,00197448563864	-0,00197448563864	-0,00197448563864	-0,0019692030119	-0,0019692030119	-0,0019692030119	-0,00199751969669	-0,00199751969669	-0,00199751969669	-0,00199751969669	-0,00199751969669	-0,00199751969669	-0,00201624709858	-0,00201624709858	-0,00201624709858	-0,00201624709858
86400	-0,00515914300913	-0,00515914300913	-0,00515914300913	-0,00515914300913	-0,00512497418405	-0,00512497418405	-0,00512497418405	-0,00530939161204	-0,00530939161204	-0,00530939161204	-0,00530939161204	-0,00530939161204	-0,00530939161204	-0,00535406518398	-0,00535406518398	-0,00535406518398	-0,00535406518398
87300	-0,000883865872072	-0,000883865872072	-0,000883865872072	-0,000883865872072	-0,000901750336457	-0,000901750336457	-0,000901750336457	-0,000805653710595	-0,000805653710595	-0,000805653710595	-0,000805653710595	-0,000805653710595	-0,000805653710595	-0,000738814805201	-0,000738814805201	-0,000738814805201	-0,000738814805201
88200	-6,34634263327e-06	-6,34634263327e-06	-6,34634263327e-06	-6,34634263327e-06	2,22451527014e-06	2,22451527014e-06	2,22451527014e-06	-4,39321495038e-05	-4,39321495038e-05	-4,39321495038e-05	-4,39321495038e-05	-4,39321495038e-05	-4,39321495038e-05	-7,56212630623e-05	-7,56212630623e-05	-7,56212630623e-05	-7,56212630623e-05
89100	-0,00271778831308	-0,00271778831308	-0,00271778831308	-0,00271778831308	-0,00271484930362	-0,00271484930362	-0,00271484930362	-0,00273068729144	-0,00273068729144	-0,00273068729144	-0,00273068729144	-0,00273068729144	-0,00273068729144	-0,00276129000867	-0,00276129000867	-0,00276129000867	-0,00276129000867
90000	-0,00221397773622	-0,00221397773622	-0,00221397773622	-0,00221397773622	-0,00221295160588	-0,00221295160588	-0,00221295160588	-0,00221848262498	-0,00221848262498	-0,00221848262498	-0,00221848262498	-0,00221848262498	-0,00221848262498	-0,00224117273545	-0,00224117273545	-0,00224117273545	-0,00224117273545
90900	0,00076794701988	0,00076794701988	0,00076794701988	0,00076794701988	0,000750935693643	0,000750935693643	0,000750935693643	0,000842201415985	0,000842201415985	0,000842201415985	0,000842201415985	0,000842201415985	0,000842201415985	0,000893623419961	0,000893623419961	0,000893623419961	0,000893623419961
91800	-0,00306586990784	-0,00306586990784	-0,00306586990784	-0,00306586990784	-0,00306273263964	-0,00306273263964	-0,00306273263964	-0,00307957576641	-0,00307957576641	-0,00307957576641	-0,00307957576641	-0,00307957576641	-0,00307957576641	-0,00307337280609	-0,00307337280609	-0,00307337280609	-0,00307337280609
92700	0,00159746955733	0,00159746955733	0,00159746955733	0,00159746955733	0,00159482993547	0,00159482993547	0,00159482993547	0,00160899050192	0,00160899050192	0,00160899050192	0,00160899050192	0,00160899050192	0,00160899050192	0,0016252705903	0,0016252705903	0,0016252705903	0,0016252705903
93600	0,000413839170227	0,000413839170227	0,000413839170227	0,000413839170227	0,000406826770883	0,000406826770883	0,000406826770883	0,000444374945688	0,000444374945688	0,000444374945688	0,000444374945688	0,000444374945688	0,000444374945688	0,000444028288187	0,000444028288187	0,000444028288187	0,000444028288187
94500	-0,000911814802156	-0,000911814802156	-0,000911814802156	-0,000911814802156	-0,000901456018648	-0,000901456018648	-0,000901456018648	-0,000957065324187	-0,000957065324187	-0,000957065324187	-0,000957065324187	-0,000957065324187	-0,000957065324187	-0,00100099740169	-0,00100099740169	-0,00100099740169	-0,00100099740169
95400	-0,000758034679745	-0,000758034679745	-0,000758034679745	-0,000758034679745	-0,00076116345748	-0,00076116345748	-0,00076116345748	-0,000744380326961	-0,000744380326961	-0,000744380326961	-0,000744380326961	-0,000744380326961	-0,000744380326961	-0,000737531869178	-0,000737531869178	-0,000737531869178	-0,000737531869178
96300	-0,00171917093492	-0,00171917093492	-0,00171917093492	-0,00171917093492	-0,00172542098926	-0,00172542098926	-0,00172542098926	-0,00169194461151	-0,00169194461151	-0,00169194461151	-0,00169194461151	-0,00169194461151	-0,00169194461151	-0,00167121362083	-0,00167121362083	-0,00167121362083	-0,00167121362083
97200	0,00090120762035	0,00090120762035	0,00090120762035	0,00090120762035	0,00090296866031	0,00090296866031	0,00090296866031	0,000893531631569	0,000893531631569	0,000893531631569	0,000893531631569	0,000893531631569	0,000893531631569	0,000901170009555	0,000901170009555	0,000901170009555	0,000901170009555
98100	0,000536273479297	0,000536273479297	0,000536273479297	0,000536273479297	0,000535174265165	0,000535174265165	0,000535174265165	0,000541062964737	0,000541062964737	0,000541062964737	0,000541062964737	0,000541062964737	0,000541062964737	0,00055124505951	0,00055124505951	0,00055124505951	0,00055124505951
99000	0,000255153782972	0,000255153782972	0,000255153782972	0,000255153782972	0,000257743761662	0,000257743761662	0,000257743761662	0,000243859203322	0,000243859203322	0,000243859203322	0,000243859203322	0,000243859203322	0,000243859203322	0,000211724261259	0,000211724261259	0,000211724261259	0,000211724261259
99900	0,00019236213104	0,00019236213104	0,00019236213104	0,00019236213104	0,000198865560008	0,000198865560008	0,000198865560008	0,000163941328244	0,000163941328244	0,000163941328244	0,000163941328244	0,000163941328244	0,000163941328244	0,00014899205107	0,00014899205107	0,00014899205107	0,00014899205107
100800	-0,00300421761815	-0,00300421761815	-0,00300421761815	-0,00300421761815	-0,00300103261513	-0,00300103261513	-0,00300103261513	-0,00301814859506	-0,00301814859506	-0,00301814859506	-0,00301814859506	-0,00301814859506	-0,00301814859506	-0,00299303163625	-0,00299303163625	-0,00299303163625	-0,00299303163625
101700	0,00180784153767	0,00180784153767	0,00180784153767	0,00180784153767	0,00179861313663	0,00179861313663	0,00179861313663	0,0018480716363	0,0018480716363	0,0018480716363	0,0018480716363	0,0018480716363	0,0018480716363	0,00185754768578	0,00185754768578	0,00185754768578	0,00185754768578
102600	0,000900826539443	0,000900826539443	0,000900826539443	0,000900826539443	0,000899708094671	0,000899708094671	0,000899708094671	0,000905700411156	0,000905700411156	0,000905700411156	0,000905700411156	0,000905700411156	0,000905700411156	0,000893643608526	0,000893643608526	0,000893643608526	0,000893643608526
103500	-0,00100397922454	-0,00100397922454	-0,00100397922454	-0,00100397922454	-0,00100425157412	-0,00100425157412	-0,00100425157412	-0,0010027924987	-0,0010027924987	-0,0010027924987	-0,0010027924987	-0,0010027924987	-0,0010027924987	-0,000986004112231	-0,000986004112231	-0,000986004112231	-0,000986004112231
104400	0,00314666434027	0,00314666434027	0,00314666434027	0,00314666434027	0,00315481493119	0,00315481493119	0,00315481493119	0,00311103418615	0,00311103418615	0,00311103418615	0,00311103418615	0,00311103418615	0,00311103418615	0,00305982496304	0,00305982496304	0,00305982496304	0,00305982496304
105300	-0,000394526708046	-0,000394526708046	-0,000394526708046	-0,000394526708046	-0,000384978780369	-0,000384978780369	-0,000384978780369	-0,000436391139203	-0,000436391139203	-0,000436391139203	-0,000436391139203	-0,000436391139203	-0,000436391139203	-0,000412328612126	-0,000412328612126	-0,000412328612126	-0,000412328612126
106200	0,000390164736228	0,000390164736228	0,000390164736228	0,000390164736228	0,000383205437249	0,000383205437249	0,000383205437249	0,000420608815171	0,000420608815171	0,000420608815171	0,000420608815171	0,000420608815171	0,000420608815171	0,000455373062907	0,000455373062907	0,000455373062907	0,000455373062907
107100	0,00292008948221	0,00292008948221	0,00292008948221	0,00292008948221	0,00289922775157	0,00289922775157	0,00289922775157	0,00301061265061	0,00301061265061	0,00301061265061	0,00301061265061	0,00301061265061	0,00301061265061	0,00303533486807	0,00303533486807	0,00303533486807	0,00303533486807
108000	0,00407172512302	0,00407172512302	0,00407172512302	0,00407172512302	0,00408948445132	0,00408948445132	0,00408948445132	0,00399407933746	0,00399407933746	0,00399407933746	0,00399407933746	0,00399407933746	0,00399407933746	0,0039362949597	0,0039362949597	0,0039362949597	0,0039362949597
108900	0,000443634011887	0,000443634011887	0,000443634011887	0,000443634011887	0,000440075634478	0,000440075634478	0,000440075634478	0,000459173328731	0,000459173328731	0,000459173328731	0,000459173328731	0,000459173328731	0,000459173328731	0,00049196712595	0,00049196712595	0,00049196712595	0,00049196712595
109800	0,00252220537486	0,00252220537486	0,00252220537486	0,00252220537486	0,00252899268305	0,00252899268305	0,00252899268305	0,00249248889272	0,00249248889272	0,00249248889272	0,00249248889272	0,00249248889272	0,00249248889272	0,00247110061288	0,00247110061288	0,00247110061288	0,00247110061288
110700	0,000759818051539	0,000759818051539	0,000759818051539	0,000759818051539	0,000773178466579	0,000773178466579	0,000773178466579	0,000701057475232	0,000701057475232	0,000701057475232	0,000701057475232	0,000701057475232	0,000701057475232	0,000684043795127	0,000684043795127	0,000684043795127	0,000684043795127
111600	0,0014249959332	0,0014249959332	0,0014249959332	0,0014249959332	0,00140249655001	0,00140249655001	0,00140249655001	0,00152316840453	0,00152316840453	0,00152316840453	0,00152316840453	0,00152316840453	0,00152316840453	0,00157291793794	0,00157291793794	0,00157291793794	0,00157291793794
112500	-0,000223960458967	-0,000223960458967	-0,000223960458967	-0,000223960458967	-0,000232943048527	-0,000232943048527	-0,000232943048527	-0,000184877835903	-0,000184877835903	-0,000184877835903	-0,000184877835903	-0,000184877835903	-0,000184877835903	-0,000176967792637	-0,000176967792637	-0,000176967792637	-0,000176967792637
113400	0,00188694340288	0,00188694340288	0,00188694340288	0,00188694340288	0,00189643923142	0,00189643923142	0,00189643923142	0,00184548518257	0,00184548518257	0,00184548518257	0,00184548518257	0,00184548518257	0,00184548518257	0,00184432322672	0,00184432322672	0,00184432322672	0,00184432322672
114300	0,000174190983579	0,000174190983579	0,000174190983579	0,000174190983579	0,000166020639484	0,000166020639484	0,000166020639484	0,000209767645294	0,000209767645294	0,000209767645294	0,000209767645294	0,000209767645294	0,000209767645294	0,000238289322676	0,000238289322676	0,000238289322676	0,000238289322676
115200	0,00313184921776	0,00313184921776	0,00313184921776	0,00313184921776	0,00313438621038	0,00313438621038	0,00313438621038	0,00312788854306	0,00312788854306	0,00312788854306	0,00312788854306	0,00312788854306	0,00312788854306	0,00311601662953	0,00311601662953	0,00311601662953	0,00311601662953
116100	0,000720897510927	0,000720897510927	0,000720897510927	0,000720897510927	0,000719938317471	0,000719938317471	0,000719938317471	0,000725380776959	0,000725380776959	0,000725380776959	0,000725380776959	0,000725380776959	0,000725380776959	0,000693875006279	0,000693875006279	0,000693875006279	0,000693875006279
117000	0,00159614790187	0,00159614790187	0,00159614790187	0,00159614790187	0,001603991897	0,001603991897	0,001603991897	0,00156278474665	0,00156278474665	0,00156278474665	0,00156278474665	0,00156278474665	0,00156278474665	0,00159625931913	0,00159625931913	0,00159625931913	0,00159625931913
117900	-0,00663080476978	-0,00663080476978	-0,00663080476978	-0,00663080476978	-0,00666027223897	-0,00666027223897	-0,00666027223897	-0,0065169012811	-0,0065169012811	-0,0065169012811	-0,0065169012811	-0,0065169012811	-0,0065169012811	-0,00649559823405	-0,00649559823405	-0,00649559823405	-0,00649559823405
118800	0,00301166679809	0,00301166679809	0,00301166679809	0,00301166679809	0,00301399110383	0,00301399110383	0,00301399110383	0,00303645140542	0,00303645140542	0,00303645140542	0,00303645140542	0,00303645140542	0,00303645140542	0,00306491273506	0,00306491273506	0,00306491273506	0,00306491273506
119700	-0,0213860842744	-0,0213860842744	-0,0213860842744	-0,0213860842744	-0,0211185507995	-0,0211185507995	-0,0211185507995	-0,021017313385	-0,021017313385	-0,021017313385	-0,021017313385	-0,021017313385	-0,021017313385	-0,0207571851968	-0,0207571851968	-0,0207571851968	-0,0207571851968
120600	0,0227878948806	0,0227878948806	0,0227878948806	0,0227878948806	0,022867206434	0,022867206434	0,022867206434	0,0230384583708	0,0230384583708	0,0230384583708	0,0230384583708	0,0230384583708	0,0230384583708	0,0231637278907	0,0231637278907	0,0231637278907	0,0231637278907
121500	0,0521890067839	0,0521890067839	0,0521890067839	0,0521890067839	0,0519123202548	0,0519123202548	0,0519123202548	0,0509262900271	0,0509262900271	0,0509262900271	0,0509262900271	0,0509262900271	0,0509262900271	0,0506018084054	0,0506018084054	0,0506018084054	0,0506018084054
122400	0,0255262278646	0,0255262278646	0,0255262278646	0,0255262278646	0,0256200919339	0,0256200919339	0,0256200919339	0,0258750938049	0,0258750938049	0,0258750938049	0,0258750938049	0,0258750938049	0,0258750938049	0,0259046111919	0,0259046111919	0,0259046111919	0,0259046111919
123300	0,00432305709983	0,00432305709983	0,00432305709983	0,00432305709983	0,00438314552623	0,00438314552623	0,00438314552623	0,00427623978449	0,00427623978449	0,00427623978449	0,00427623978449	0,00427623978449	0,00427623978449	0,00416444018327	0,00416444018327	0,00416444018327	0,00416444018327
124200	-7,4988472007e-05	-7,4988472007e-05	-7,4988472007e-05	-7,4988472007e-05	-0,000107370932274	-0,000107370932274	-0,000107370932274	2,16916971823e-06	2,16916971823e-06	2,16916971823e-06	2,16916971823e-06	2,16916971823e-06	2,16916971823e-06	5,17445754755e-05	5,17445754755e-05	5,17445754755e-05	5,17445754755e-05
125100	0,00540682888373	0,00540682888373	0,00540682888373	0,00540682888373	0,00543023611628	0,00543023611628	0,00543023611628	0,00541398083773	0,00541398083773	0,00541398083773	0,00541398083773	0,00541398083773	0,00541398083773	0,00542238656135	0,00542238656135	0,00542238656135	0,00542238656135
126000	-0,00230603419537	-0,00230603419537	-0,00230603419537	-0,00230603419537	-0,00230977321239	-0,00230977321239	-0,00230977321239	-0,00228940592489	-0,00228940592489	-0,00228940592489	-0,00228940592489	-0,00228940592489	-0,00228940592489	-0,00225042348093	-0,00225042348093	-0,00225042348093	-0,00225042348093
126900	0,000422631105499	0,000422631105499	0,000422631105499	0,000422631105499	0,000421622437867	0,000421622437867	0,000421622437867	0,00036578575531	0,00036578575531	0,00036578575531	0,00036578575531	0,00036578575531	0,00036578575531	0,000364624913622	0,000364624913622	0,000364624913622	0,000364624913622
127800	-0,00292786989356	-0,00292786989356	-0,00292786989356	-0,00292786989356	-0,00293292018868	-0,00293292018868	-0,00293292018868	-0,00287566897491	-0,00287566897491	-0,00287566897491	-0,00287566897491	-0,00287566897491	-0,00287566897491	-0,00287474046222	-0,00287474046222	-0,00287474046222	-0,00287474046222
128700	0,00363750449646	0,00363750449646	0,00363750449646	0,00363750449646	0,00362800600692	0,00362800600692	0,00362800600692	0,00370648866865	0,00370648866865	0,00370648866865	0,00370648866865	0,00370648866865	0,00370648866865	0,0037194826988	0,0037194826988	0,0037194826988	0,0037194826988
129600	-0,000730379657033	-0,000730379657033	-0,000730379657033	-0,000730379657033	-0,000729594077911	-0,000729594077911	-0,000729594077911	-0,000716487098677	-0,000716487098677	-0,000716487098677	-0,000716487098677	-0,000716487098677	-0,000716487098677	-0,000702806771204	-0,000702806771204	-0,000702806771204	-0,000702806771204
130500	-0,00356323530318	-0,00356323530318	-0,00356323530318	-0,00356323530318	-0,00359096630935	-0,00359096630935	-0,00359096630935	-0,00357153652524	-0,00357153652524	-0,00357153652524	-0,00357153652524	-0,00357153652524	-0,00357153652524	-0,00355537994391	-0,00355537994391	-0,00355537994391	-0,00355537994391
131400	0,000489052149168	0,000489052149168	0,000489052149168	0,000489052149168	0,000503265429008	0,000503265429008	0,000503265429008	0,000411200898432	0,000411200898432	0,000411200898432	0,000411200898432	0,000411200898432	0,000411200898432	0,000386576151445	0,000386576151445	0,000386576151445	0,000386576151445
132300	-0,000144922096708	-0,000144922096708	-0,000144922096708	-0,000144922096708	-0,000136385278737	-0,000136385278737	-0,000136385278737	-0,000150917389205	-0,000150917389205	-0,000150917389205	-0,000150917389205	-0,000150917389205	-0,000150917389205	-0,000168193937919	-0,000168193937919	-0,000168193937919	-0,000168193937919
133200	-0,00148925996949	-0,00148925996949	-0,00148925996949	-0,00148925996949	-0,00148380649642	-0,00148380649642	-0,00148380649642	-0,00151012477076	-0,00151012477076	-0,00151012477076	-0,00151012477076	-0,00151012477076	-0,00151012477076	-0,00153071707858	-0,00153071707858	-0,00153071707858	-0,00153071707858
134100	-0,0111456211557	-0,0111456211557	-0,0111456211557	-0,0111456211557	-0,0111513666054	-0,0111513666054	-0,0111513666054	-0,0113622952047	-0,0113622952047	-0,0113622952047	-0,0113622952047	-0,0113622952047	-0,0113622952047	-0,0113615352811	-0,0113615352811	-0,0113615352811	-0,0113615352811
135000	0,00559221689308	0,00559221689308	0,00559221689308	0,00559221689308	0,00560006414024	0,00560006414024	0,00560006414024	0,00566516605075	0,00566516605075	0,00566516605075	0,00566516605075	0,00566516605075	0,00566516605075	0,00567654484972	0,00567654484972	0,00567654484972	0,00567654484972
135900	0,00270962018134	0,00270962018134	0,00270962018134	0,00270962018134	0,00270775141951	0,00270775141951	0,00270775141951	0,00274464683134	0,00274464683134	0,00274464683134	0,00274464683134	0,00274464683134	0,00274464683134	0,00273330125547	0,00273330125547	0,00273330125547	0,00273330125547
136800	-0,0081436105732	-0,0081436105732	-0,0081436105732	-0,0081436105732	-0,00817875189494	-0,00817875189494	-0,00817875189494	-0,00808092604566	-0,00808092604566	-0,00808092604566	-0,00808092604566	-0,00808092604566	-0,00808092604566	-0,00803217729762	-0,00803217729762	-0,00803217729762	-0,00803217729762
137700	0,00767096035354	0,00767096035354	0,00767096035354	0,00767096035354	0,00768127126317	0,00768127126317	0,00768127126317	0,00769689595229	0,00769689595229	0,00769689595229	0,00769689595229	0,00769689595229	0,00769689595229	0,00770124823553	0,00770124823553	0,00770124823553	0,00770124823553
138600	0,00333226913814	0,00333226913814	0,00333226913814	0,00333226913814	0,00333516549786	0,00333516549786	0,00333516549786	0,00331845029084	0,00331845029084	0,00331845029084	0,00331845029084	0,00331845029084	0,00331845029084	0,00331177732356	0,00331177732356	0,00331177732356	0,00331177732356
139500	-0,0269170091629	-0,0269170091629	-0,0269170091629	-0,0269170091629	-0,0270019260447	-0,0270019260447	-0,0270019260447	-0,027210397879	-0,027210397879	-0,027210397879	-0,027210397879	-0,027210397879	-0,027210397879	-0,0271370628682	-0,0271370628682	-0,0271370628682	-0,0271370628682
140400	-0,0186388188881	-0,0186388188881	-0,0186388188881	-0,0186388188881	-0,0187970540674	-0,0187970540674	-0,0187970540674	-0,0188738400944	-0,0188738400944	-0,0188738400944	-0,0188738400944	-0,0188738400944	-0,0188738400944	-0,0189254289079	-0,0189254289079	-0,0189254289079	-0,0189254289079
141300	0,0583535658446	0,0583535658446	0,0583535658446	0,0583535658446	0,0576667675181	0,0576667675181	0,0576667675181	0,0553806271375	0,0553806271375	0,0553806271375	0,0553806271375	0,0553806271375	0,0553806271375	0,0551424683692	0,0551424683692	0,0551424683692	0,0551424683692
142200	-0,0638203118691	-0,0638203118691	-0,0638203118691	-0,0638203118691	-0,0610059104089	-0,0610059104089	-0,0610059104089	-0,0471627531366	-0,0471627531366	-0,0471627531366	-0,0471627531366	-0,0471627531366	-0,0471627531366	-0,0441332025256	-0,0441332025256	-0,0441332025256	-0,0441332025256
143100	0,0138186135059	0,0138186135059	0,0138186135059	0,0138186135059	0,0137178961555	0,0137178961555	0,0137178961555	0,0130737727086	0,0130737727086	0,0130737727086	0,0130737727086	0,0130737727086	0,0130737727086	0,0128813468314	0,0128813468314	0,0128813468314	0,0128813468314
144000	0,011768922987	0,011768922987	0,011768922987	0,011768922987	0,0117320964034	0,0117320964034	0,0117320964034	0,0115980180678	0,0115980180678	0,0115980180678	0,0115980180678	0,0115980180678	0,0115980180678	0,011623707916	0,011623707916	0,011623707916	0,011623707916
144900	-0,00056202617488	-0,00056202617488	-0,00056202617488	-0,00056202617488	-0,000563939752334	-0,000563939752334	-0,000563939752334	-0,000553742058988	-0,000553742058988	-0,000553742058988	-0,000553742058988	-0,000553742058988	-0,000553742058988	-0,00057381909266	-0,00057381909266	-0,00057381909266	-0,00057381909266
145800	-0,00203922720951	-0,00203922720951	-0,00203922720951	-0,00203922720951	-0,00202737889049	-0,00202737889049	-0,00202737889049	-0,00209069378677	-0,00209069378677	-0,00209069378677	-0,00209069378677	-0,00209069378677	-0,00209069378677	-0,00211017735271	-0,00211017735271	-0,00211017735271	-0,00211017735271
146700	0,00398141781446	0,00398141781446	0,00398141781446	0,00398141781446	0,00397886350725	0,00397886350725	0,00397886350725	0,00399250125549	0,00399250125549	0,00399250125549	0,00399250125549	0,00399250125549	0,00399250125549	0,00399046295761	0,00399046295761	0,00399046295761	0,00399046295761
147600	-2,41084422119e-05	-2,41084422119e-05	-2,41084422119e-05	-2,41084422119e-05	-1,51599528125e-05	-1,51599528125e-05	-1,51599528125e-05	-6,30484610365e-05	-6,30484610365e-05	-6,30484610365e-05	-6,30484610365e-05	-6,30484610365e-05	-6,30484610365e-05	-9,61504094174e-05	-9,61504094174e-05	-9,61504094174e-05	-9,61504094174e-05
148500	0,00239098370558	0,00239098370558	0,00239098370558	0,00239098370558	0,00240372645911	0,00240372645911	0,00240372645911	0,00234279700099	0,00234279700099	0,00234279700099	0,00234279700099	0,00234279700099	0,00234279700099	0,0023273390852	0,0023273390852	0,0023273390852	0,0023273390852
149400	0,00281263758827	0,00281263758827	0,00281263758827	0,00281263758827	0,00284742200225	0,00284742200225	0,00284742200225	0,00265983966899	0,00265983966899	0,00265983966899	0,00265983966899	0,00265983966899	0,00265983966899	0,00261125525805	0,00261125525805	0,00261125525805	0,00261125525805
150300	-0,00258695647638	-0,00258695647638	-0,00258695647638	-0,00258695647638	-0,00261059547066	-0,00261059547066	-0,00261059547066	-0,00248444303409	-0,00248444303409	-0,00248444303409	-0,00248444303409	-0,00248444303409	-0,00248444303409	-0,00244915141539	-0,00244915141539	-0,00244915141539	-0,00244915141539
151200	0,00239567567204	0,00239567567204	0,00239567567204	0,00239567567204	0,00240765431942	0,00240765431942	0,00240765431942	0,00234398999305	0,00234398999305	0,00234398999305	0,00234398999305	0,00234398999305	0,00234398999305	0,00235132528768	0,00235132528768	0,00235132528768	0,00235132528768
152100	-0,000134189452667	-0,000134189452667	-0,000134189452667	-0,000134189452667	-0,000144238992655	-0,000144238992655	-0,000144238992655	-8,99596944377e-05	-8,99596944377e-05	-8,99596944377e-05	-8,99596944377e-05	-8,99596944377e-05	-8,99596944377e-05	-0,000104569698888	-0,000104569698888	-0,000104569698888	-0,000104569698888
153000	0,000134831485264	0,000134831485264	0,000134831485264	0,000134831485264	9,94255345273e-05	9,94255345273e-05	9,94255345273e-05	0,000289347260918	0,000289347260918	0,000289347260918	0,000289347260918	0,000289347260918	0,000289347260918	0,000363407473064	0,000363407473064	0,000363407473064	0,000363407473064
153900	0,0012113332095	0,0012113332095	0,0012113332095	0,0012113332095	0,00120717010995	0,00120717010995	0,00120717010995	0,00123028259264	0,00123028259264	0,00123028259264	0,00123028259264	0,00123028259264	0,00123028259264	0,00124400094074	0,00124400094074	0,00124400094074	0,00124400094074
154800	0,000414455189743	0,000414455189743	0,000414455189743	0,000414455189743	0,000404995566289	0,000404995566289	0,000404995566289	0,000455867498829	0,000455867498829	0,000455867498829	0,000455867498829	0,000455867498829	0,000455867498829	0,000483959366952	0,000483959366952	0,000483959366952	0,000483959366952
155700	-0,000273309134394	-0,000273309134394	-0,000273309134394	-0,000273309134394	-0,000267611844301	-0,000267611844301	-0,000267611844301	-0,000298276662915	-0,000298276662915	-0,000298276662915	-0,000298276662915	-0,000298276662915	-0,000298276662915	-0,000300610021513	-0,000300610021513	-0,000300610021513	-0,000300610021513
156600	-0,00120608295552	-0,00120608295552	-0,00120608295552	-0,00120608295552	-0,00121711392372	-0,00121711392372	-0,00121711392372	-0,00115903978673	-0,00115903978673	-0,00115903978673	-0,00115903978673	-0,00115903978673	-0,00115903978673	-0,00114159835696	-0,00114159835696	-0,00114159835696	-0,00114159835696
157500	0,00135323658407	0,00135323658407	0,00135323658407	0,00135323658407	0,00137726782729	0,00137726782729	0,00137726782729	0,00124891472892	0,00124891472892	0,00124891472892	0,00124891472892	0,00124891472892	0,00124891472892	0,00115749411217	0,00115749411217	0,00115749411217	0,00115749411217
158400	-0,000989021735682	-0,000989021735682	-0,000989021735682	-0,000989021735682	-0,000986849184049	-0,000986849184049	-0,000986849184049	-0,000999295444928	-0,000999295444928	-0,000999295444928	-0,000999295444928	-0,000999295444928	-0,000999295444928	-0,00101678237163	-0,00101678237163	-0,00101678237163	-0,00101678237163
159300	-0,000672237971281	-0,000672237971281	-0,000672237971281	-0,000672237971281	-0,000666518038376	-0,000666518038376	-0,000666518038376	-0,000697695702389	-0,000697695702389	-0,000697695702389	-0,000697695702389	-0,000697695702389	-0,000697695702389	-0,000685274400846	-0,000685274400846	-0,000685274400846	-0,000685274400846
160200	-0,00386544441773	-0,00386544441773	-0,00386544441773	-0,00386544441773	-0,00387026840912	-0,00387026840912	-0,00387026840912	-0,00384678110838	-0,00384678110838	-0,00384678110838	-0,00384678110838	-0,00384678110838	-0,00384678110838	-0,00381396366409	-0,00381396366409	-0,00381396366409	-0,00381396366409
161100	0,000280948987593	0,000280948987593	0,000280948987593	0,000280948987593	0,000268705149221	0,000268705149221	0,000268705149221	0,000334452216175	0,000334452216175	0,000334452216175	0,000334452216175	0,000334452216175	0,000334452216175	0,000351836156648	0,000351836156648	0,000351836156648	0,000351836156648
162000	-0,00117375945965	-0,00117375945965	-0,00117375945965	-0,00117375945965	-0,00117897451737	-0,00117897451737	-0,00117897451737	-0,00116053494292	-0,00116053494292	-0,00116053494292	-0,00116053494292	-0,00116053494292	-0,00116053494292	-0,00116847574677	-0,00116847574677	-0,00116847574677	-0,00116847574677
162900	0,000497486498254	0,000497486498254	0,000497486498254	0,000497486498254	0,000496023859225	0,000496023859225	0,000496023859225	0,000512100587594	0,000512100587594	0,000512100587594	0,000512100587594	0,000512100587594	0,000512100587594	0,000514758254361	0,000514758254361	0,000514758254361	0,000514758254361
163800	-0,00034239870271	-0,00034239870271	-0,00034239870271	-0,00034239870271	-0,000330111688595	-0,000330111688595	-0,000330111688595	-0,000396194467004	-0,000396194467004	-0,000396194467004	-0,000396194467004	-0,000396194467004	-0,000396194467004	-0,000397136357797	-0,000397136357797	-0,000397136357797	-0,000397136357797
164700	-0,00183825273379	-0,00183825273379	-0,00183825273379	-0,00183825273379	-0,00183071968306	-0,00183071968306	-0,00183071968306	-0,00188048213158	-0,00188048213158	-0,00188048213158	-0,00188048213158	-0,00188048213158	-0,00188048213158	-0,00190828935385	-0,00190828935385	-0,00190828935385	-0,00190828935385
165600	-0,000373525618742	-0,000373525618742	-0,000373525618742	-0,000373525618742	-0,000373279717177	-0,000373279717177	-0,000373279717177	-0,000374601164065	-0,000374601164065	-0,000374601164065	-0,000374601164065	-0,000374601164065	-0,000374601164065	-0,000379260592259	-0,000379260592259	-0,000379260592259	-0,000379260592259
166500	8,08782638253e-05	8,08782638253e-05	8,08782638253e-05	8,08782638253e-05	7,46202290152e-05	7,46202290152e-05	7,46202290152e-05	0,000108194804327	0,000108194804327	0,000108194804327	0,000108194804327	0,000108194804327	0,000108194804327	0,000110713949641	0,000110713949641	0,000110713949641	0,000110713949641
167400	-0,00145002541473	-0,00145002541473	-0,00145002541473	-0,00145002541473	-0,00144908157996	-0,00144908157996	-0,00144908157996	-0,00145414643832	-0,00145414643832	-0,00145414643832	-0,00145414643832	-0,00145414643832	-0,00145414643832	-0,00144005348262	-0,00144005348262	-0,00144005348262	-0,00144005348262
168300	-0,0016477814971	-0,0016477814971	-0,0016477814971	-0,0016477814971	-0,00164811292849	-0,00164811292849	-0,00164811292849	-0,00164633452355	-0,00164633452355	-0,00164633452355	-0,00164633452355	-0,00164633452355	-0,00164633452355	-0,00164824455066	-0,00164824455066	-0,00164824455066	-0,00164824455066
169200	0,000659971915561	0,000659971915561	0,000659971915561	0,000659971915561	0,000667212704412	0,000667212704412	0,000667212704412	0,000628282934387	0,000628282934387	0,000628282934387	0,000628282934387	0,000628282934387	0,000628282934387	0,000606780089118	0,000606780089118	0,000606780089118	0,000606780089118
170100	-0,000111427232806	-0,000111427232806	-0,000111427232806	-0,000111427232806	-0,000109511833559	-0,000109511833559	-0,000109511833559	-0,00011981503826	-0,00011981503826	-0,00011981503826	-0,00011981503826	-0,00011981503826	-0,00011981503826	-0,000122419066689	-0,000122419066689	-0,000122419066689	-0,000122419066689
171000	-0,00296636784868	-0,00296636784868	-0,00296636784868	-0,00296636784868	-0,00298324000309	-0,00298324000309	-0,00298324000309	-0,00289282226673	-0,00289282226673	-0,00289282226673	-0,00289282226673	-0,00289282226673	-0,00289282226673	-0,00286864255926	-0,00286864255926	-0,00286864255926	-0,00286864255926
171900	3,71358687518e-05	3,71358687518e-05	3,71358687518e-05	3,71358687518e-05	2,72122772707e-05	2,72122772707e-05	2,72122772707e-05	8,02548298045e-05	8,02548298045e-05	8,02548298045e-05	8,02548298045e-05	8,02548298045e-05	8,02548298045e-05	9,197022723e-05	9,197022723e-05	9,197022723e-05	9,197022723e-05
172800	-0,000240361741797	-0,000240361741797	-0,000240361741797	-0,000240361741797	-0,000237260191278	-0,000237260191278	-0,000237260191278	-0,000253851504919	-0,000253851504919	-0,000253851504919	-0,000253851504919	-0,000253851504919	-0,000253851504919	-0,000243956062934	-0,000243956062934	-0,000243956062934	-0,000243956062934
173700	-0,00257814268223	-0,00257814268223	-0,00257814268223	-0,00257814268223	-0,002574156069	-0,002574156069	-0,002574156069	-0,00259550113818	-0,00259550113818	-0,00259550113818	-0,00259550113818	-0,00259550113818	-0,00259550113818	-0,00257525383693	-0,00257525383693	-0,00257525383693	-0,00257525383693
174600	0,00140245671576	0,00140245671576	0,00140245671576	0,00140245671576	0,00140233714142	0,00140233714142	0,00140233714142	0,00140297734286	0,00140297734286	0,00140297734286	0,00140297734286	0,00140297734286	0,00140297734286	0,00138622571117	0,00138622571117	0,00138622571117	0,00138622571117
175500	-0,00393676330764	-0,00393676330764	-0,00393676330764	-0,00393676330764	-0,00394251009405	-0,00394251009405	-0,00394251009405	-0,00391177908998	-0,00391177908998	-0,00391177908998	-0,00391177908998	-0,00391177908998	-0,00391177908998	-0,0039326040383	-0,0039326040383	-0,0039326040383	-0,0039326040383
176400	-0,00249583332208	-0,00249583332208	-0,00249583332208	-0,00249583332208	-0,00246923284925	-0,00246923284925	-0,00246923284925	-0,00261234405069	-0,00261234405069	-0,00261234405069	-0,00261234405069	-0,00261234405069	-0,00261234405069	-0,00264946780721	-0,00264946780721	-0,00264946780721	-0,00264946780721
177300	-0,000188330232902	-0,000188330232902	-0,000188330232902	-0,000188330232902	-0,000220368013361	-0,000220368013361	-0,000220368013361	-4,94244529541e-05	-4,94244529541e-05	-4,94244529541e-05	-4,94244529541e-05	-4,94244529541e-05	-4,94244529541e-05	-1,86852153769e-05	-1,86852153769e-05	-1,86852153769e-05	-1,86852153769e-05
178200	-0,00134461530119	-0,00134461530119	-0,00134461530119	-0,00134461530119	-0,00133353901824	-0,00133353901824	-0,00133353901824	-0,00139279668964	-0,00139279668964	-0,00139279668964	-0,00139279668964	-0,00139279668964	-0,00139279668964	-0,00137172611398	-0,00137172611398	-0,00137172611398	-0,00137172611398
179100	0,00228867809839	0,00228867809839	0,00228867809839	0,00228867809839	0,002288093338	0,002288093338	0,002288093338	0,00229122122936	0,00229122122936	0,00229122122936	0,00229122122936	0,00229122122936	0,00229122122936	0,00228470343366	0,00228470343366	0,00228470343366	0,00228470343366
180000	-0,00321290581187	-0,00321290581187	-0,00321290581187	-0,00321290581187	-0,00321120020394	-0,00321120020394	-0,00321120020394	-0,00322032693003	-0,00322032693003	-0,00322032693003	-0,00322032693003	-0,00322032693003	-0,00322032693003	-0,00321832705262	-0,00321832705262	-0,00321832705262	-0,00321832705262
180900	-0,00296833008163	-0,00296833008163	-0,00296833008163	-0,00296833008163	-0,00294797670234	-0,00294797670234	-0,00294797670234	-0,00305738180127	-0,00305738180127	-0,00305738180127	-0,00305738180127	-0,00305738180127	-0,00305738180127	-0,00312581016129	-0,00312581016129	-0,00312581016129	-0,00312581016129
181800	-0,00050142141751	-0,00050142141751	-0,00050142141751	-0,00050142141751	-0,000497911422694	-0,000497911422694	-0,000497911422694	-0,000516795520934	-0,000516795520934	-0,000516795520934	-0,000516795520934	-0,000516795520934	-0,000516795520934	-0,000496619381992	-0,000496619381992	-0,000496619381992	-0,000496619381992
182700	-7,02230320469e-06	-7,02230320469e-06	-7,02230320469e-06	-7,02230320469e-06	-2,60363605074e-05	-2,60363605074e-05	-2,60363605074e-05	7,57531854527e-05	7,57531854527e-05	7,57531854527e-05	7,57531854527e-05	7,57531854527e-05	7,57531854527e-05	0,000103688441134	0,000103688441134	0,000103688441134	0,000103688441134
183600	0,000413732246313	0,000413732246313	0,000413732246313	0,000413732246313	0,000421308494073	0,000421308494073	0,000421308494073	0,000380667420218	0,000380667420218	0,000380667420218	0,000380667420218	0,000380667420218	0,000380667420218	0,000389932612645	0,000389932612645	0,000389932612645	0,000389932612645
184500	-0,00147035559689	-0,00147035559689	-0,00147035559689	-0,00147035559689	-0,00147989548229	-0,00147989548229	-0,00147989548229	-0,00142883806073	-0,00142883806073	-0,00142883806073	-0,00142883806073	-0,00142883806073	-0,00142883806073	-0,00142237057303	-0,00142237057303	-0,00142237057303	-0,00142237057303
185400	0,0016373816042	0,0016373816042	0,0016373816042	0,0016373816042	0,00164921240659	0,00164921240659	0,00164921240659	0,00158567617305	0,00158567617305	0,00158567617305	0,00158567617305	0,00158567617305	0,00158567617305	0,00153410561801	0,00153410561801	0,00153410561801	0,00153410561801
186300	-0,0035548894616	-0,0035548894616	-0,0035548894616	-0,0035548894616	-0,00355439578969	-0,00355439578969	-0,00355439578969	-0,00355704729205	-0,00355704729205	-0,00355704729205	-0,00355704729205	-0,00355704729205	-0,00355704729205	-0,00351723890931	-0,00351723890931	-0,00351723890931	-0,00351723890931
187200	0,00121884363484	0,00121884363484	0,00121884363484	0,00121884363484	0,00121695708145	0,00121695708145	0,00121695708145	0,00122708431836	0,00122708431836	0,00122708431836	0,00122708431836	0,00122708431836	0,00122708431836	0,00123130468811	0,00123130468811	0,00123130468811	0,00123130468811
188100	-0,000594409339199	-0,000594409339199	-0,000594409339199	-0,000594409339199	-0,000597932545586	-0,000597932545586	-0,000597932545586	-0,000579036410144	-0,000579036410144	-0,000579036410144	-0,000579036410144	-0,000579036410144	-0,000579036410144	-0,000576557626283	-0,000576557626283	-0,000576557626283	-0,000576557626283
189000	0,00012692897292	0,00012692897292	0,00012692897292	0,00012692897292	0,000122990024519	0,000122990024519	0,000122990024519	0,000144093999003	0,000144093999003	0,000144093999003	0,000144093999003	0,000144093999003	0,000144093999003	0,000121013590848	0,000121013590848	0,000121013590848	0,000121013590848
189900	-0,000472613234861	-0,000472613234861	-0,000472613234861	-0,000472613234861	-0,000475539083558	-0,000475539083558	-0,000475539083558	-0,00045987471394	-0,00045987471394	-0,00045987471394	-0,00045987471394	-0,00045987471394	-0,00045987471394	-0,000442243566278	-0,000442243566278	-0,000442243566278	-0,000442243566278
190800	-2,92326243112e-05	-2,92326243112e-05	-2,92326243112e-05	-2,92326243112e-05	-1,77587954517e-05	-1,77587954517e-05	-1,77587954517e-05	-7,93717012549e-05	-7,93717012549e-05	-7,93717012549e-05	-7,93717012549e-05	-7,93717012549e-05	-7,93717012549e-05	-8,69854608363e-05	-8,69854608363e-05	-8,69854608363e-05	-8,69854608363e-05
191700	0,00175068655609	0,00175068655609	0,00175068655609	0,00175068655609	0,00175656942943	0,00175656942943	0,00175656942943	0,00172492463637	0,00172492463637	0,00172492463637	0,00172492463637	0,00172492463637	0,00172492463637	0,00171295623751	0,00171295623751	0,00171295623751	0,00171295623751
192600	0,00175100272925	0,00175100272925	0,00175100272925	0,00175100272925	0,00174381546939	0,00174381546939	0,00174381546939	0,00178239536933	0,00178239536933	0,00178239536933	0,00178239536933	0,00178239536933	0,00178239536933	0,00182227160058	0,00182227160058	0,00182227160058	0,00182227160058
193500	-0,00206247500795	-0,00206247500795	-0,00206247500795	-0,00206247500795	-0,00206291998607	-0,00206291998607	-0,00206291998607	-0,00206053167252	-0,00206053167252	-0,00206053167252	-0,00206053167252	-0,00206053167252	-0,00206053167252	-0,00210510245572	-0,00210510245572	-0,00210510245572	-0,00210510245572
194400	0,00111500344535	0,00111500344535	0,00111500344535	0,00111500344535	0,0011103001285	0,0011103001285	0,0011103001285	0,00113551076778	0,00113551076778	0,00113551076778	0,00113551076778	0,00113551076778	0,00113551076778	0,00113896058761	0,00113896058761	0,00113896058761	0,00113896058761
195300	0,000949349849483	0,000949349849483	0,000949349849483	0,000949349849483	0,000961011247055	0,000961011247055	0,000961011247055	0,000898301001907	0,000898301001907	0,000898301001907	0,000898301001907	0,000898301001907	0,000898301001907	0,000890850371078	0,000890850371078	0,000890850371078	0,000890850371078
196200	0,00136903094601	0,00136903094601	0,00136903094601	0,00136903094601	0,00136457326436	0,00136457326436	0,00136457326436	0,00138851432942	0,00138851432942	0,00138851432942	0,00138851432942	0,00138851432942	0,00138851432942	0,0014041275439	0,0014041275439	0,0014041275439	0,0014041275439
197100	0,000819430759785	0,000819430759785	0,000819430759785	0,000819430759785	0,000819293773053	0,000819293773053	0,000819293773053	0,000820029465866	0,000820029465866	0,000820029465866	0,000820029465866	0,000820029465866	0,000820029465866	0,00082381390477	0,00082381390477	0,00082381390477	0,00082381390477
198000	0,000601680328049	0,000601680328049	0,000601680328049	0,000601680328049	0,000599768785605	0,000599768785605	0,000599768785605	0,000610029466685	0,000610029466685	0,000610029466685	0,000610029466685	0,000610029466685	0,000610029466685	0,00058782861899	0,00058782861899	0,00058782861899	0,00058782861899
198900	0,00046108930929	0,00046108930929	0,00046108930929	0,00046108930929	0,000451289979851	0,000451289979851	0,000451289979851	0,000503751851158	0,000503751851158	0,000503751851158	0,000503751851158	0,000503751851158	0,000503751851158	0,000500284045911	0,000500284045911	0,000500284045911	0,000500284045911
199800	0,000555067670924	0,000555067670924	0,000555067670924	0,000555067670924	0,00055037315103	0,00055037315103	0,00055037315103	0,000575473987502	0,000575473987502	0,000575473987502	0,000575473987502	0,000575473987502	0,000575473987502	0,000638680946285	0,000638680946285	0,000638680946285	0,000638680946285
200700	0,00346016434817	0,00346016434817	0,00346016434817	0,00346016434817	0,00346048547811	0,00346048547811	0,00346048547811	0,00345876826692	0,00345876826692	0,00345876826692	0,00345876826692	0,00345876826692	0,00345876826692	0,00347075235252	0,00347075235252	0,00347075235252	0,00347075235252
201600	0,00437188816499	0,00437188816499	0,00437188816499	0,00437188816499	0,00439456656829	0,00439456656829	0,00439456656829	0,00427231384615	0,00427231384615	0,00427231384615	0,00427231384615	0,00427231384615	0,00427231384615	0,0042174043064	0,0042174043064	0,0042174043064	0,0042174043064
202500	-0,00246193590927	-0,00246193590927	-0,00246193590927	-0,00246193590927	-0,00249287956561	-0,00249287956561	-0,00249287956561	-0,00232724579792	-0,00232724579792	-0,00232724579792	-0,00232724579792	-0,00232724579792	-0,00232724579792	-0,00225468735704	-0,00225468735704	-0,00225468735704	-0,00225468735704
203400	0,00445063305368	0,00445063305368	0,00445063305368	0,00445063305368	0,00445647567252	0,00445647567252	0,00445647567252	0,00442513629965	0,00442513629965	0,00442513629965	0,00442513629965	0,00442513629965	0,00442513629965	0,00439317524716	0,00439317524716	0,00439317524716	0,00439317524716
204300	0,000936356633935	0,000936356633935	0,000936356633935	0,000936356633935	0,000920491689104	0,000920491689104	0,000920491689104	0,00100521754697	0,00100521754697	0,00100521754697	0,00100521754697	0,00100521754697	0,00100521754697	0,00102719865881	0,00102719865881	0,00102719865881	0,00102719865881
205200	0,00364836451548	0,00364836451548	0,00364836451548	0,00364836451548	0,00365226037174	0,00365226037174	0,00365226037174	0,0036393481684	0,0036393481684	0,0036393481684	0,0036393481684	0,0036393481684	0,0036393481684	0,00362563702012	0,00362563702012	0,00362563702012	0,00362563702012
206100	-0,000137826209767	-0,000137826209767	-0,000137826209767	-0,000137826209767	-0,000105783061774	-0,000105783061774	-0,000105783061774	-0,000278699149183	-0,000278699149183	-0,000278699149183	-0,000278699149183	-0,000278699149183	-0,000278699149183	-0,000273014217795	-0,000273014217795	-0,000273014217795	-0,000273014217795
207000	-0,0126293407553	-0,0126293407553	-0,0126293407553	-0,0126293407553	-0,0126596097938	-0,0126596097938	-0,0126596097938	-0,0120000442457	-0,0120000442457	-0,0120000442457	-0,0120000442457	-0,0120000442457	-0,0120000442457	-0,0118779597047	-0,0118779597047	-0,0118779597047	-0,0118779597047
207900	0,000364052941655	0,000364052941655	0,000364052941655	0,000364052941655	0,000435871424309	0,000435871424309	0,000435871424309	0,000216370020476	0,000216370020476	0,000216370020476	0,000216370020476	0,000216370020476	0,000216370020476	0,000199616104921	0,000199616104921	0,000199616104921	0,000199616104921
208800	0,448668408844	0,448668408844	0,448668408844	0,448668408844	0,518131122513	0,518131122513	0,518131122513	1,77591304564	1,77591304564	1,77591304564	1,77591304564	1,77591304564	1,77591304564	15,5908416784	15,5908416784	15,5908416784	15,5908416784
209700	0,0159524877479	0,0159524877479	0,0159524877479	0,0159524877479	0,0160394362938	0,0160394362938	0,0160394362938	0,0164836628485	0,0164836628485	0,0164836628485	0,0164836628485	0,0164836628485	0,0164836628485	0,016645925993	0,016645925993	0,016645925993	0,016645925993
210600	-1,23892047566	-1,23892047566	-1,23892047566	-1,23892047566	-2,09487461651	-2,09487461651	-2,09487461651	0,742787353746	0,742787353746	0,742787353746	0,742787353746	0,742787353746	0,742787353746	0,636149439757	0,636149439757	0,636149439757	0,636149439757
211500	0,0165585245854	0,0165585245854	0,0165585245854	0,0165585245854	0,0166027180549	0,0166027180549	0,0166027180549	0,0168503746545	0,0168503746545	0,0168503746545	0,0168503746545	0,0168503746545	0,0168503746545	0,0168820012591	0,0168820012591	0,0168820012591	0,0168820012591
212400	-0,0656148937151	-0,0656148937151	-0,0656148937151	-0,0656148937151	-0,0670596711877	-0,0670596711877	-0,0670596711877	-0,068266406266	-0,068266406266	-0,068266406266	-0,068266406266	-0,068266406266	-0,068266406266	-0,0689013071126	-0,0689013071126	-0,0689013071126	-0,0689013071126
213300	0,0131135875713	0,0131135875713	0,0131135875713	0,0131135875713	0,013184715349	0,013184715349	0,013184715349	0,013195210759	0,013195210759	0,013195210759	0,013195210759	0,013195210759	0,013195210759	0,0132033678994	0,0132033678994	0,0132033678994	0,0132033678994
214200	0,00575361928932	0,00575361928932	0,00575361928932	0,00575361928932	0,0057640467248	0,0057640467248	0,0057640467248	0,00577640198007	0,00577640198007	0,00577640198007	0,00577640198007	0,00577640198007	0,00577640198007	0,00576858139052	0,00576858139052	0,00576858139052	0,00576858139052
215100	-0,0349645177598	-0,0349645177598	-0,0349645177598	-0,0349645177598	-0,0353759273392	-0,0353759273392	-0,0353759273392	-0,0359361536923	-0,0359361536923	-0,0359361536923	-0,0359361536923	-0,0359361536923	-0,0359361536923	-0,0363330106256	-0,0363330106256	-0,0363330106256	-0,0363330106256
216000	0,00981509252182	0,00981509252182	0,00981509252182	0,00981509252182	0,0098741185648	0,0098741185648	0,0098741185648	0,00987924416243	0,00987924416243	0,00987924416243	0,00987924416243	0,00987924416243	0,00987924416243	0,00989917270746	0,00989917270746	0,00989917270746	0,00989917270746
216900	0,00538743962652	0,00538743962652	0,00538743962652	0,00538743962652	0,00538544506851	0,00538544506851	0,00538544506851	0,00545321471018	0,00545321471018	0,00545321471018	0,00545321471018	0,00545321471018	0,00545321471018	0,00549549691883	0,00549549691883	0,00549549691883	0,00549549691883
217800	-0,0527532963126	-0,0527532963126	-0,0527532963126	-0,0527532963126	-0,0531667683789	-0,0531667683789	-0,0531667683789	-0,0549364292074	-0,0549364292074	-0,0549364292074	-0,0549364292074	-0,0549364292074	-0,0549364292074	-0,0548305185778	-0,0548305185778	-0,0548305185778	-0,0548305185778
218700	0,0100439557617	0,0100439557617	0,0100439557617	0,0100439557617	0,0100665348989	0,0100665348989	0,0100665348989	0,0102554383952	0,0102554383952	0,0102554383952	0,0102554383952	0,0102554383952	0,0102554383952	0,0102522930869	0,0102522930869	0,0102522930869	0,0102522930869
219600	0,00788577107435	0,00788577107435	0,00788577107435	0,00788577107435	0,00790486054794	0,00790486054794	0,00790486054794	0,00789611552459	0,00789611552459	0,00789611552459	0,00789611552459	0,00789611552459	0,00789611552459	0,00789013866201	0,00789013866201	0,00789013866201	0,00789013866201
220500	0,0035188187463	0,0035188187463	0,0035188187463	0,0035188187463	0,00350467101017	0,00350467101017	0,00350467101017	0,00361090938368	0,00361090938368	0,00361090938368	0,00361090938368	0,00361090938368	0,00361090938368	0,00364212490097	0,00364212490097	0,00364212490097	0,00364212490097
221400	0,00195017361165	0,00195017361165	0,00195017361165	0,00195017361165	0,00195827932209	0,00195827932209	0,00195827932209	0,00195648436613	0,00195648436613	0,00195648436613	0,00195648436613	0,00195648436613	0,00195648436613	0,00195939902725	0,00195939902725	0,00195939902725	0,00195939902725
222300	-0,0802079678923	-0,0802079678923	-0,0802079678923	-0,0802079678923	-0,0811557006931	-0,0811557006931	-0,0811557006931	-0,0808806961727	-0,0808806961727	-0,0808806961727	-0,0808806961727	-0,0808806961727	-0,0808806961727	-0,0810547893733	-0,0810547893733	-0,0810547893733	-0,0810547893733
223200	0,0325446438069	0,0325446438069	0,0325446438069	0,0325446438069	0,0321750887674	0,0321750887674	0,0321750887674	0,0321621663413	0,0321621663413	0,0321621663413	0,0321621663413	0,0321621663413	0,0321621663413	0,032032444462	0,032032444462	0,032032444462	0,032032444462
224100	0,0457568390966	0,0457568390966	0,0457568390966	0,0457568390966	0,0465749469056	0,0465749469056	0,0465749469056	0,0476199369954	0,0476199369954	0,0476199369954	0,0476199369954	0,0476199369954	0,0476199369954	0,0476929495187	0,0476929495187	0,0476929495187	0,0476929495187
225000	0,0033280617776	0,0033280617776	0,0033280617776	0,0033280617776	0,00347790746948	0,00347790746948	0,00347790746948	0,00312972949703	0,00312972949703	0,00312972949703	0,00312972949703	0,00312972949703	0,00312972949703	0,00286473597349	0,00286473597349	0,00286473597349	0,00286473597349
225900	-0,0863856307012	-0,0863856307012	-0,0863856307012	-0,0863856307012	-0,0900333606242	-0,0900333606242	-0,0900333606242	-0,117169802712	-0,117169802712	-0,117169802712	-0,117169802712	-0,117169802712	-0,117169802712	-0,116695937676	-0,116695937676	-0,116695937676	-0,116695937676
226800	0,0183352352088	0,0183352352088	0,0183352352088	0,0183352352088	0,0182624219385	0,0182624219385	0,0182624219385	0,0178497055334	0,0178497055334	0,0178497055334	0,0178497055334	0,0178497055334	0,0178497055334	0,0178377215973	0,0178377215973	0,0178377215973	0,0178377215973
227700	-0,0118006410525	-0,0118006410525	-0,0118006410525	-0,0118006410525	-0,0116722032149	-0,0116722032149	-0,0116722032149	-0,0118038281848	-0,0118038281848	-0,0118038281848	-0,0118038281848	-0,0118038281848	-0,0118038281848	-0,0119360742104	-0,0119360742104	-0,0119360742104	-0,0119360742104
228600	0,00284469610658	0,00284469610658	0,00284469610658	0,00284469610658	0,00278513359784	0,00278513359784	0,00278513359784	0,00293081020538	0,00293081020538	0,00293081020538	0,00293081020538	0,00293081020538	0,00293081020538	0,00303073893847	0,00303073893847	0,00303073893847	0,00303073893847
229500	0,00622704480783	0,00622704480783	0,00622704480783	0,00622704480783	0,00620619556067	0,00620619556067	0,00620619556067	0,00615313286991	0,00615313286991	0,00615313286991	0,00615313286991	0,00615313286991	0,00615313286991	0,00616865706949	0,00616865706949	0,00616865706949	0,00616865706949
230400	0,00414489017509	0,00414489017509	0,00414489017509	0,00414489017509	0,00414338573435	0,00414338573435	0,00414338573435	0,00410121175812	0,00410121175812	0,00410121175812	0,00410121175812	0,00410121175812	0,00410121175812	0,00411289137851	0,00411289137851	0,00411289137851	0,00411289137851
231300	-0,00403043059957	-0,00403043059957	-0,00403043059957	-0,00403043059957	-0,00404276346809	-0,00404276346809	-0,00404276346809	-0,00398843371989	-0,00398843371989	-0,00398843371989	-0,00398843371989	-0,00398843371989	-0,00398843371989	-0,00397468153207	-0,00397468153207	-0,00397468153207	-0,00397468153207
232200	0,00239939997989	0,00239939997989	0,00239939997989	0,00239939997989	0,00240127027488	0,00240127027488	0,00240127027488	0,00239880367762	0,00239880367762	0,00239880367762	0,00239880367762	0,00239880367762	0,00239880367762	0,00240086387424	0,00240086387424	0,00240086387424	0,00240086387424
233100	0,00174069017688	0,00174069017688	0,00174069017688	0,00174069017688	0,00175858061706	0,00175858061706	0,00175858061706	0,00166334380218	0,00166334380218	0,00166334380218	0,00166334380218	0,00166334380218	0,00166334380218	0,00163555276304	0,00163555276304	0,00163555276304	0,00163555276304
234000	-0,00311184556542	-0,00311184556542	-0,00311184556542	-0,00311184556542	-0,00311241509164	-0,00311241509164	-0,00311241509164	-0,0031209366965	-0,0031209366965	-0,0031209366965	-0,0031209366965	-0,0031209366965	-0,0031209366965	-0,00310169058842	-0,00310169058842	-0,00310169058842	-0,00310169058842
234900	0,0022915099702	0,0022915099702	0,0022915099702	0,0022915099702	0,0023112865054	0,0023112865054	0,0023112865054	0,00221263115525	0,00221263115525	0,00221263115525	0,00221263115525	0,00221263115525	0,00221263115525	0,0021837700026	0,0021837700026	0,0021837700026	0,0021837700026
235800	0,00114468774453	0,00114468774453	0,00114468774453	0,00114468774453	0,00115166553925	0,00115166553925	0,00115166553925	0,00111445297951	0,00111445297951	0,00111445297951	0,00111445297951	0,00111445297951	0,00111445297951	0,00106432343136	0,00106432343136	0,00106432343136	0,00106432343136
236700	-0,00161706966612	-0,00161706966612	-0,00161706966612	-0,00161706966612	-0,00163078031505	-0,00163078031505	-0,00163078031505	-0,00155768490377	-0,00155768490377	-0,00155768490377	-0,00155768490377	-0,00155768490377	-0,00155768490377	-0,00150937233402	-0,00150937233402	-0,00150937233402	-0,00150937233402
237600	-0,000276270942835	-0,000276270942835	-0,000276270942835	-0,000276270942835	-0,000285109172641	-0,000285109172641	-0,000285109172641	-0,000237628887064	-0,000237628887064	-0,000237628887064	-0,000237628887064	-0,000237628887064	-0,000237628887064	-0,000223906188678	-0,000223906188678	-0,000223906188678	-0,000223906188678
238500	0,000880058925375	0,000880058925375	0,000880058925375	0,000880058925375	0,000893784180568	0,000893784180568	0,000893784180568	0,000820006928959	0,000820006928959	0,000820006928959	0,000820006928959	0,000820006928959	0,000820006928959	0,000786050030579	0,000786050030579	0,000786050030579	0,000786050030579
239400	0,001559391839	0,001559391839	0,001559391839	0,001559391839	0,00154458632556	0,00154458632556	0,00154458632556	0,00162521741802	0,00162521741802	0,00162521741802	0,00162521741802	0,00162521741802	0,00162521741802	0,00165676214882	0,00165676214882	0,00165676214882	0,00165676214882
240300	0,00111307248874	0,00111307248874	0,00111307248874	0,00111307248874	0,00109515127146	0,00109515127146	0,00109515127146	0,0011918239254	0,0011918239254	0,0011918239254	0,0011918239254	0,0011918239254	0,0011918239254	0,00120742709917	0,00120742709917	0,00120742709917	0,00120742709917
241200	0,000383159947985	0,000383159947985	0,000383159947985	0,000383159947985	0,000387304446481	0,000387304446481	0,000387304446481	0,000365388749134	0,000365388749134	0,000365388749134	0,000365388749134	0,000365388749134	0,000365388749134	0,000355470688745	0,000355470688745	0,000355470688745	0,000355470688745
242100	-0,000609048180887	-0,000609048180887	-0,000609048180887	-0,000609048180887	-0,000613441465841	-0,000613441465841	-0,000613441465841	-0,000590321401159	-0,000590321401159	-0,000590321401159	-0,000590321401159	-0,000590321401159	-0,000590321401159	-0,000568912483419	-0,000568912483419	-0,000568912483419	-0,000568912483419
243000	0,000756012192314	0,000756012192314	0,000756012192314	0,000756012192314	0,00075756224613	0,00075756224613	0,00075756224613	0,000749734435096	0,000749734435096	0,000749734435096	0,000749734435096	0,000749734435096	0,000749734435096	0,000721724191143	0,000721724191143	0,000721724191143	0,000721724191143
243900	0,00218541338011	0,00218541338011	0,00218541338011	0,00218541338011	0,00218872662326	0,00218872662326	0,00218872662326	0,00217248202488	0,00217248202488	0,00217248202488	0,00217248202488	0,00217248202488	0,00217248202488	0,00218341540711	0,00218341540711	0,00218341540711	0,00218341540711
244800	-0,000970832579848	-0,000970832579848	-0,000970832579848	-0,000970832579848	-0,00096078709835	-0,00096078709835	-0,00096078709835	-0,00101560156202	-0,00101560156202	-0,00101560156202	-0,00101560156202	-0,00101560156202	-0,00101560156202	-0,00106428283646	-0,00106428283646	-0,00106428283646	-0,00106428283646
245700	-0,0019161400009	-0,0019161400009	-0,0019161400009	-0,0019161400009	-0,00187836901766	-0,00187836901766	-0,00187836901766	-0,00208474630585	-0,00208474630585	-0,00208474630585	-0,00208474630585	-0,00208474630585	-0,00208474630585	-0,00209677757012	-0,00209677757012	-0,00209677757012	-0,00209677757012
246600	-0,00344559198512	-0,00344559198512	-0,00344559198512	-0,00344559198512	-0,00345389268521	-0,00345389268521	-0,00345389268521	-0,00341131493066	-0,00341131493066	-0,00341131493066	-0,00341131493066	-0,00341131493066	-0,00341131493066	-0,00338007488851	-0,00338007488851	-0,00338007488851	-0,00338007488851
247500	0,000866593386095	0,000866593386095	0,000866593386095	0,000866593386095	0,000874082360838	0,000874082360838	0,000874082360838	0,000833925653718	0,000833925653718	0,000833925653718	0,000833925653718	0,000833925653718	0,000833925653718	0,000827159416896	0,000827159416896	0,000827159416896	0,000827159416896
248400	0,000202663092452	0,000202663092452	0,000202663092452	0,000202663092452	0,000195208788537	0,000195208788537	0,000195208788537	0,000235683285615	0,000235683285615	0,000235683285615	0,000235683285615	0,000235683285615	0,000235683285615	0,000224185444634	0,000224185444634	0,000224185444634	0,000224185444634
249300	-0,000960694020425	-0,000960694020425	-0,000960694020425	-0,000960694020425	-0,000963721178022	-0,000963721178022	-0,000963721178022	-0,000947893198128	-0,000947893198128	-0,000947893198128	-0,000947893198128	-0,000947893198128	-0,000947893198128	-0,000929454977125	-0,000929454977125	-0,000929454977125	-0,000929454977125
250200	-0,000618718895872	-0,000618718895872	-0,000618718895872	-0,000618718895872	-0,000618831445901	-0,000618831445901	-0,000618831445901	-0,000618576863184	-0,000618576863184	-0,000618576863184	-0,000618576863184	-0,000618576863184	-0,000618576863184	-0,000619169396478	-0,000619169396478	-0,000619169396478	-0,000619169396478
251100	-0,00259212142119	-0,00259212142119	-0,00259212142119	-0,00259212142119	-0,00263830915144	-0,00263830915144	-0,00263830915144	-0,00240160066085	-0,00240160066085	-0,00240160066085	-0,00240160066085	-0,00240160066085	-0,00240160066085	-0,00233628879631	-0,00233628879631	-0,00233628879631	-0,00233628879631
252000	-0,00209575846365	-0,00209575846365	-0,00209575846365	-0,00209575846365	-0,00209864650181	-0,00209864650181	-0,00209864650181	-0,00208319449626	-0,00208319449626	-0,00208319449626	-0,00208319449626	-0,00208319449626	-0,00208319449626	-0,00210595609495	-0,00210595609495	-0,00210595609495	-0,00210595609495
252900	-9,70740732288e-06	-9,70740732288e-06	-9,70740732288e-06	-9,70740732288e-06	-1,56379552009e-05	-1,56379552009e-05	-1,56379552009e-05	1,60435354385e-05	1,60435354385e-05	1,60435354385e-05	1,60435354385e-05	1,60435354385e-05	1,60435354385e-05	3,13895302749e-05	3,13895302749e-05	3,13895302749e-05	3,13895302749e-05
253800	0,000938070781508	0,000938070781508	0,000938070781508	0,000938070781508	0,000939006108449	0,000939006108449	0,000939006108449	0,000934008221884	0,000934008221884	0,000934008221884	0,000934008221884	0,000934008221884	0,000934008221884	0,000957856545873	0,000957856545873	0,000957856545873	0,000957856545873
254700	2,86594306089e-05	2,86594306089e-05	2,86594306089e-05	2,86594306089e-05	3,61412491688e-05	3,61412491688e-05	3,61412491688e-05	-3,91585869405e-06	-3,91585869405e-06	-3,91585869405e-06	-3,91585869405e-06	-3,91585869405e-06	-3,91585869405e-06	-1,85448744526e-05	-1,85448744526e-05	-1,85448744526e-05	-1,85448744526e-05
255600	-0,00225412550029	-0,00225412550029	-0,00225412550029	-0,00225412550029	-0,00225212178974	-0,00225212178974	-0,00225212178974	-0,00226285445822	-0,00226285445822	-0,00226285445822	-0,00226285445822	-0,00226285445822	-0,00226285445822	-0,00225623672096	-0,00225623672096	-0,00225623672096	-0,00225623672096
256500	-0,00242733963523	-0,00242733963523	-0,00242733963523	-0,00242733963523	-0,00241734089697	-0,00241734089697	-0,00241734089697	-0,0024710206269	-0,0024710206269	-0,0024710206269	-0,0024710206269	-0,0024710206269	-0,0024710206269	-0,00251918099363	-0,00251918099363	-0,00251918099363	-0,00251918099363
257400	-5,58851771592e-05	-5,58851771592e-05	-5,58851771592e-05	-5,58851771592e-05	-6,70547332228e-05	-6,70547332228e-05	-6,70547332228e-05	-7,26364391043e-06	-7,26364391043e-06	-7,26364391043e-06	-7,26364391043e-06	-7,26364391043e-06	-7,26364391043e-06	7,74045029404e-06	7,74045029404e-06	7,74045029404e-06	7,74045029404e-06
258300	-0,000902688418258	-0,000902688418258	-0,000902688418258	-0,000902688418258	-0,000895850193167	-0,000895850193167	-0,000895850193167	-0,000932517639477	-0,000932517639477	-0,000932517639477	-0,000932517639477	-0,000932517639477	-0,000932517639477	-0,000935096024607	-0,000935096024607	-0,000935096024607	-0,000935096024607
259200	-0,00123607113177	-0,00123607113177	-0,00123607113177	-0,00123607113177	-0,00122704667651	-0,00122704667651	-0,00122704667651	-0,00127554366387	-0,00127554366387	-0,00127554366387	-0,00127554366387	-0,00127554366387	-0,00127554366387	-0,00128837975118	-0,00128837975118	-0,00128837975118	-0,00128837975118
260100	-0,00228901933716	-0,00228901933716	-0,00228901933716	-0,00228901933716	-0,00231891007897	-0,00231891007897	-0,00231891007897	-0,00215937726709	-0,00215937726709	-0,00215937726709	-0,00215937726709	-0,00215937726709	-0,00215937726709	-0,0021043859887	-0,0021043859887	-0,0021043859887	-0,0021043859887
261000	0,000809940632808	0,000809940632808	0,000809940632808	0,000809940632808	0,000810067066731	0,000810067066731	0,000810067066731	0,00080939224049	0,00080939224049	0,00080939224049	0,00080939224049	0,00080939224049	0,00080939224049	0,000801053712453	0,000801053712453	0,000801053712453	0,000801053712453
261900	-0,000246578756131	-0,000246578756131	-0,000246578756131	-0,000246578756131	-0,000244600550578	-0,000244600550578	-0,000244600550578	-0,000255164350467	-0,000255164350467	-0,000255164350467	-0,000255164350467	-0,000255164350467	-0,000255164350467	-0,000261341558015	-0,000261341558015	-0,000261341558015	-0,000261341558015
262800	-0,00663589309182	-0,00663589309182	-0,00663589309182	-0,00663589309182	-0,00663153636806	-0,00663153636806	-0,00663153636806	-0,0066548205715	-0,0066548205715	-0,0066548205715	-0,0066548205715	-0,0066548205715	-0,0066548205715	-0,00664421410123	-0,00664421410123	-0,00664421410123	-0,00664421410123
263700	0,00157151204476	0,00157151204476	0,00157151204476	0,00157151204476	0,00156606341198	0,00156606341198	0,00156606341198	0,00159513767048	0,00159513767048	0,00159513767048	0,00159513767048	0,00159513767048	0,00159513767048	0,00161314697906	0,00161314697906	0,00161314697906	0,00161314697906
264600	-0,00221652038838	-0,00221652038838	-0,00221652038838	-0,00221652038838	-0,00222145712503	-0,00222145712503	-0,00222145712503	-0,00219514419811	-0,00219514419811	-0,00219514419811	-0,00219514419811	-0,00219514419811	-0,00219514419811	-0,00218104003678	-0,00218104003678	-0,00218104003678	-0,00218104003678
265500	0,000677061468426	0,000677061468426	0,000677061468426	0,000677061468426	0,00067950590018	0,00067950590018	0,00067950590018	0,000666468387618	0,000666468387618	0,000666468387618	0,000666468387618	0,000666468387618	0,000666468387618	0,00066582076694	0,00066582076694	0,00066582076694	0,00066582076694
266400	-0,00215896179098	-0,00215896179098	-0,00215896179098	-0,00215896179098	-0,00214197381533	-0,00214197381533	-0,00214197381533	-0,0022329361602	-0,0022329361602	-0,0022329361602	-0,0022329361602	-0,0022329361602	-0,0022329361602	-0,00229915523389	-0,00229915523389	-0,00229915523389	-0,00229915523389
267300	-0,00189774405963	-0,00189774405963	-0,00189774405963	-0,00189774405963	-0,00188741698106	-0,00188741698106	-0,00188741698106	-0,00194284780994	-0,00194284780994	-0,00194284780994	-0,00194284780994	-0,00194284780994	-0,00194284780994	-0,00193957357974	-0,00193957357974	-0,00193957357974	-0,00193957357974
